#Found quasiharmonic mode : None
#T(K), volume, F(eV), S(J/K), H(J/K), a(-6/K), Cp(J/mol), Cv, Cpion, Bt(GPa), T_ph-D(K), T-D(K), F_el_atom, S_el_atom, C_el_atom, M_el, Seebeck_coefficients(10**-6 V/K), Lorenz_number(WOK^{-2}), Q_el, Q_p, Q_e, C_mu, W_p, W_e, Y_p, Y_e
0.0 12.218969830590742 -5.376296236139963 0.0 -518733.7279194703 0.0 0.0 0.0 0.0 153.53016513352705 400.0 400.0 0.0 0.0 0.0 0.0 0.0 2.443004551768e-08 0.0 0.0 0.0 0.0 0.0 0.0 0.0 0.0 0.0 0
10.0 12.218975138480273 -5.376297230098113 0.01908144928494811 -518733.6330073597 4.792125885010276e-08 0.039030187506482746 0.03902995401149726 0.02869644975178394 153.5298865562061 407.6368388382327 400.0 -5.355012260893776e-07 0.010333640422888295 0.01033373775469881 1.1558873534571346e-06 0.23053528890225378 2.4430320894696173e-08 0.00037778077858230955 0.00018895914645980185 0.0001887997447412542 0.010333760131335903 0.00018910366468339666 0.00018867711389891295 0.0002618573512957603 0.00026185735128142295 5144.962925201377 0.006838311114742252
20.0 12.219072940423722 -5.376307805989621 0.11398298082090416 -518732.56458064076 5.784014444552291e-07 0.34922118086385695 0.34915315112398004 0.32855200792392814 153.52475319360042 361.7398832369438 400.0 -2.142036849022577e-06 0.020667763930692088 0.02066917293992882 4.600639704284386e-06 0.4579513796026556 2.4431931325072694e-08 0.0007555738049102303 0.0003781136716376763 0.0003774382458206722 0.020669349174797028 0.0003786354073580648 0.0003769383975521654 0.0005237226316122272 0.00052372263160176 17.624124792618254 5.967659005881368
30.0 12.219462075787403 -5.376349883107103 0.4112329171199952 -518726.5670773985 1.6234809818062266e-06 1.2959317260563792 1.2951278635205197 1.2649202676130618 153.5043275370271 345.117120010531 400.0 -4.819821617207403e-06 0.031004306668896076 0.03101145844331731 1.0309396512590962e-05 0.6837201905989947 2.4436539682655693e-08 0.0011334283625036962 0.0005674681666138286 0.0005659383080896392 0.03101204704912628 0.0005686149970212004 0.0005648133654824961 0.0007856249553885922 0.000785624955379612 22.742009105740863 4.352161536592111
40.0 12.220298976042434 -5.376450356820254 0.9801808505009105 -518709.3910704748 2.9609566305692562e-06 2.791289101755077 2.7877246262559447 2.7499306580132283 153.46039329798376 349.2102645755891 400.0 -8.569420502701067e-06 0.041344908025193666 0.04135844374184922 1.8275634972783728e-05 0.9097953330410303 2.4439453371955153e-08 0.001511416967433409 0.000757058857059677 0.0007543362217880184 0.041359832949673 0.000759078030543306 0.000752338936890103 0.0010476092984654905 0.0010476092984646125 24.69898136626819 3.6527832174560095
50.0 12.221637635060244 -5.3766325824831736 1.7870920469010014 -518676.8258057573 4.335160594304083e-06 4.513415258892556 4.503867519881019 4.461706085307465 153.39010302195592 360.2364313837533 400.0 -1.3391623193246635e-05 0.05169006116363663 0.05170917358509126 2.8510136160424366e-05 1.1377088706324505 2.444076167445481e-08 0.00188957638886947 0.0009469058266383103 0.000942648672367975 0.05171189001649403 0.0009500459357714336 0.0009395304530980358 0.0013097048539746378 0.001309704853961908 24.55758915764039 3.2978696614519363
60.0 12.223470075010331 -5.376914116773898 2.767647176393696 -518627.28550706245 5.644475226140767e-06 6.273648533038229 6.254234710181546 6.211581276111273 153.2938544108605 372.23237142958504 400.0 -1.9287373720766793e-05 0.0620405996545926 0.06206725692695632 4.10363261357946e-05 1.3683903723859712 2.444245876071127e-08 0.002267927952632278 0.0011370226537545892 0.0011308834072534493 0.06207197612454503 0.0011415350873139106 0.001126392865318368 0.0015719321100992785 0.0015719321100905637 23.585569258582854 3.0858321101068684
70.0 12.225765538993981 -5.377307407767281 3.8675903640205376 -518560.559824281 6.856612387151307e-06 7.992974407586656 7.959572628646029 7.920537378792701 153.17323508055773 383.0036500633833 400.0 -2.625779766976436e-05 0.0723978324477212 0.0724370287939558 5.588423325012879e-05 1.6021874634183972 2.4445576753611215e-08 0.002646500210377397 0.0013274271167378513 0.0013190511998023295 0.0724445842150436 0.0013335668304576514 0.0013129333799197453 0.0018343125695115935 0.001834312569501901 22.406074362954147 2.9411785923571196
80.0 12.22848711369114 -5.377820928398141 5.046911367154438 -518477.0854490091 7.964963401521457e-06 9.631114376389139 9.57963886040606 9.548292523096588 153.03015227709136 391.9568611009742 400.0 -3.430421831606289e-05 0.0827632090893251 0.08282185329254925 7.308612980040827e-05 1.8391219103990935 2.4450271945292062e-08 0.003025330622696445 0.0015181415078758841 0.0015071672183563907 0.08283324355651964 0.0015261673016647814 0.0014991633210316635 0.0020968700256197674 0.002096870025610164 21.208065971078653 2.835486687263847
90.0 12.231596979600537 -5.378460118870603 6.275919472880203 -518377.6781108456 8.97012190111995e-06 11.162252329578406 11.08886378679079 11.069028319648243 152.8665591059084 399.14650915206323 400.0 -4.342814444277196e-05 0.09313809363139654 0.09322400993016224 9.267438251446075e-05 2.079071442671766 2.4456323132467282e-08 0.00340445978612006 0.0017091895029152462 0.0016952483837385638 0.09324040482943831 0.0017193640514973601 0.0016850957346227 0.002359628720315226 0.002359628720303974 20.044160901406784 2.7557870281726484
100.0 12.235058197548414 -5.379228107037595 7.532129904062444 -518263.3974663551 9.875986501265628e-06 12.57115584056157 12.472401774618943 12.467510886589034 152.68436211446357 404.836598406297 400.0 -5.363124359063271e-05 0.10352367398169678 0.10364495397253613 0.00011468046766884699 2.3218467045504445 2.4463413818621253e-08 0.0037839265179544107 0.0019005936413172258 0.0018833109738316679 0.1036676993294866 0.0019131834096193974 0.0018707431083350137 0.0026226115885827745 0.0026226115885709515 18.931124213235623 2.694804055103906
110.0 12.238835653087367 -5.380126264428583 8.798472218871295 -518135.43752685096 1.0688545710887479e-05 13.852086951077707 13.724973466573795 13.738001406884713 152.4853729387326 409.3180880308268 400.0 -6.49153125075108e-05 0.1139209426819613 0.11408554419299337 0.00013913437199631406 2.5672150097054076 2.4471239192952902e-08 0.0041637653728157815 0.0020923740744846465 0.0020713693918852196 0.11411616535733002 0.0021076491626707493 0.002056116210145032 0.002885839292654062 0.002885839292642219 17.877605480813145 2.647723361812162
120.0 12.242896695840171 -5.3811546422362 10.062152023953196 -517995.0346023651 1.141520227953048e-05 15.00678729673172 14.848792038977466 14.88224110748427 152.27127548107507 412.8459747358361 400.0 -7.728225010207068e-05 0.12433070638450483 0.12454618924744654 0.0001660640865498259 2.814908930247778 2.4479534321051886e-08 0.00454400588192786 0.0022845481704471433 0.0022594358011268 0.12458639306144935 0.0023027821006095144 0.0022412237813183456 0.0031493298841161668 0.003149329884094973 16.88883204860083 2.6111082628244193
130.0 12.247211526263271 -5.382312314627474 11.313785170183717 -517843.3991782739 1.2064084454266412e-05 16.042007564091474 15.851052631357893 15.90698062131408 152.04360595093846 415.6257612925943 400.0 -9.073403450733236e-05 0.1347536045630663 0.1350269427773948 0.00019549515987118163 3.0646349102805166 2.4488075704260622e-08 0.004924672657561982 0.002477130540349725 0.0024475202027133248 0.13507861801328702 0.002498599992552412 0.002426072665009569 0.0034130988213789456 0.0034130988213665163 15.967157024429353 2.582433671334159
140.0 12.251753348710574 -5.383597647730529 12.546677157623343 -517681.6722396636 1.2643461195510819e-05 16.967311312836195 16.741713887594535 16.821783739062496 151.80374516256958 417.81740296762166 400.0 -0.00010527270408174925 0.14519012997693556 0.14552757377369738 0.00022745035056953924 3.3160845168992155 2.4496676437844215e-08 0.0053057858333420424 0.002670133232749304 0.002635630681739281 0.14559279021664007 0.002695117742038696 0.002610668091303347 0.0036771591511215 0.003677159151109124 15.11238099538744 2.5598267118005755
150.0 12.256498339258007 -5.385008508403035 13.756218279665077 -517510.90166034293 1.3161314811240334e-05 17.79344563055278 17.53185996294586 17.637398005312345 151.5529201632774 419.54378757118417 400.0 -0.00012090034183924454 0.15564064833109456 0.1560476252404359 0.00026194941303344803 3.5689466668868723 2.4505181097783315e-08 0.005687361586274853 0.0028635659782492587 0.002823773684632537 0.15612863169165306 0.00289234760762637 0.002795013978648483 0.003941521747945338 0.0039415217479340575 14.322348153324853 2.541891662052395
160.0 12.261425488232813 -5.386542424507584 14.939386862338315 -517332.03290911025 1.362507579867218e-05 18.531271665545347 18.23263110952948 18.36468519944914 151.29221237797506 420.8991105690603 400.0 -0.0001376190626458746 0.16610541637667472 0.1665864660962038 0.0002990090218318641 3.8229187872991774 2.4513461607401974e-08 0.006069412639605036 0.003057436438504397 0.0030119542730044414 0.16668568760260713 0.003090299443256943 0.0029791131963480925 0.004206195561746845 0.004206195561734835 13.593607400182526 2.527583676813119
170.0 12.266516371043195 -5.388196706604561 16.094351782985605 -517145.90896152373 1.404148769499078e-05 19.191134003387607 18.85459788716365 19.0139906654528 151.022569494079 421.9558153268543 400.0 -0.00015543100270224336 0.17658459831611883 0.17714333793480852 0.00033864282003218826 4.077715677457831 2.4521414019165237e-08 0.006451948716101903 0.00325175044433947 0.0032001763388184164 0.1772633725353287 0.003288980941404559 0.003162967774697344 0.004471187851486326 0.00447118785147335 12.92198300082929 2.516116179527491
180.0 12.271754887621528 -5.389968539336543 17.220161462933735 -516953.2755709096 1.441656340735066e-05 19.782534827351608 19.407442244301876 19.59481743013167 150.7448189940771 422.76996612386375 400.0 -0.00017433831093056616 0.18707828058488002 0.1877173972199387 0.0003808615650687271 4.333075686848552 2.45289559398054e-08 0.006834976939173013 0.003446512219225614 0.003388442782027337 0.18786101245737255 0.003488397872308745 0.003346579066864268 0.00473650439837436 0.004736504398360854 12.303000860712993 2.506893039170383
190.0 12.277126997409388 -5.391855049274268 18.316504725118 -516754.78927435435 1.4755599428562861e-05 20.314003182896872 19.89983415956019 20.11569542969475 150.45968180629316 423.3852887053083 400.0 -0.0001943431419223406 0.19758648514399801 0.19830775320212388 0.0004256733435435686 4.58876438009667 2.453602437706854e-08 0.007218502187924072 0.0036417245877973627 0.0035767556571166966 0.1984778825995135 0.0036885543161329164 0.003529947871791157 0.005002149697654823 0.005002149697641772 11.732177149762274 2.4994590520165234
200.0 12.282620466169051 -5.393853354656412 19.38352932568287 -516551.0264654635 1.5063222899036596e-05 20.79308069413136 20.339424315958848 20.584167192390556 150.16778542516985 423.8361711109737 400.0 -0.00021544765022575376 0.2081091814272895 0.20891350174080198 0.0004730838287531378 4.844576128754794 2.4542573858993357e-08 0.00760252741360539 0.0038373891698160797 0.003765116295587891 0.209113241393198 0.0038894528908373863 0.0037130745227680027 0.005268127130583892 0.00526812713056969 11.205197713598997 2.493463830701898
210.0 12.288224633251488 -5.395960601312424 20.4217056399033 -516342.4925396845 1.534345458883957e-05 21.22637149326466 20.732900168391108 21.006837738117653 149.86967597159094 424.14988998887037 400.0 -0.00023765398588466475 0.21864629707360794 0.21953375514700757 0.0005230965595175856 5.100334141916727 2.4548574729804454e-08 0.007987053923758336 0.004033506559923517 0.003953525410351357 0.21976636053775594 0.004091094953891672 0.003895958969866666 0.005534439118828157 0.005534439118814363 10.718018896874414 2.488635442950946
220.0 12.293930203028166 -5.398173988112378 21.43172509741287 -516129.6305631369 1.559977698969524e-05 21.61962349644638 21.08607242330311 21.389455828314983 149.56582893206053 424.34826379075184 400.0 -0.0002609642909855703 0.22919772755614531 0.2301676681313963 0.000575713223974027 5.355889412763521 2.4554011562814466e-08 0.008372081638872405 0.004230076493444574 0.004141983186581079 0.23043655124840906 0.00429348079939509 0.004078600839477314 0.005801087263492571 0.005801087263478128 10.26691556902404 2.4847610895239773
230.0 12.299729061051416 -5.40049078452659 22.414425042264416 -515912.8291963266 1.583520128062505e-05 21.97782132161439 21.40397224916609 21.737006861659367 149.2566587127343 424.4488887604354 400.0 -0.0002853806971273728 0.2397633448007102 0.24081445995502485 0.0006309339369132505 5.61111897776466 2.4558881656794592e-08 0.008757609324996635 0.004427097998432518 0.004330489362281007 0.2411231867566727 0.004496609842442304 0.00426099948255433 0.00606807247061679 0.006068072470602043 9.848495285481707 2.4816728829997614
240.0 12.305614113890966 -5.402908342274821 23.370733523092888 -515692.4297727625 1.6052329728666725e-05 22.30527963042186 21.69094809827756 22.053806197486658 148.94252690571784 424.4660622508393 400.0 -0.00031090532372240657 0.25034300487231165 0.2514734329352017 0.0006887575030135231 5.865923795308172 2.4563193601314666e-08 0.00914363480485788 0.004624569534271027 0.004519043300801428 0.2518257211966172 0.0047004807864602 0.004443154018397677 0.006335395064723549 0.006335395064709071 9.459692013785569 2.4792373115164863
250.0 12.311579150593223 -5.405424102575665 24.301629027801066 -515468.7325295158 1.6253411952615817e-05 22.6057309627493 21.950756328355634 22.343586975221278 148.62374939547306 424.4114964971574 400.0 -0.00033754027704701656 0.2609365547980408 0.26214398752801793 0.0007491816615197556 6.120226468029272 2.4566965909515222e-08 0.009530155149334094 0.0048224891172144015 0.004707644056772208 0.2625437050855421 0.004905091775479879 0.004625063373854216 0.006603054891629144 0.00660305489161505 9.09774833179253 2.4773473784758364
260.0 12.317618723478722 -5.408035600143146 25.208111378281988 -515242.0020382417 1.6440394622090944e-05 22.88240531688703 22.186642992456523 22.609579682605244 148.3006025913387 424.2948451864011 400.0 -0.00036528764995183633 0.27154383859133846 0.2728256342817865 0.0008122033101495555 6.373968964905356 2.4570225724493816e-08 0.0099171668508181 0.005020854433425098 0.00489629043642911 0.2732767976849302 0.005110440531660741 0.004806726319157358 0.006871051411560276 0.006871051411544483 8.760191775628961 2.475916703856819
270.0 12.323728045837179 -5.410740464799384 26.091180931587544 -515012.4719097632 1.6614964679380977e-05 23.138100563268786 22.40141599887619 22.854582560264088 147.9733287348807 424.12412186739914 400.0 -0.00039414952213264186 0.2821647025387259 0.2835180030046961 0.0008778187076658728 6.627110445631498 2.4573007608471048e-08 0.010304665979717003 0.005219662940149172 0.005084981052937914 0.2840247765802567 0.005316524478645582 0.004988141501071422 0.007139383783395615 0.007139383783381993 8.444809036763393 2.474875054250791
280.0 12.329902904296848 -5.413536421359385 26.95182394664268 -514780.3488535166 1.677858666042418e-05 23.375243811763752 22.597507846325634 23.081022962246355 147.6421403018183 423.90601935956914 400.0 -0.0004241279608717784 0.2927989998111642 0.29422084951739713 0.0009460236555495271 6.879625249638679 2.4575352423521767e-08 0.01069264832528015 0.005418911955814936 0.005273714377123795 0.2947875448483873 0.005523340851578256 0.005169307473701893 0.007408050940803981 0.007408050940788678 8.149620052137134 2.474164940346964
290.0 12.336139583781845 -5.416421288282024 27.7910025140366 -514545.8161726587 1.6932534628928262e-05 23.595944358616432 22.777029644231895 23.291010298259554 147.30722396955306 423.64616017069693 400.0 -0.0004552250223038708 0.30344659446036426 0.30493406035687465 0.0010168136601797577 7.131501082584121 2.4577306309924558e-08 0.011081109521843446 0.005618598739852862 0.00546248878389581 0.3055651361788525 0.005730886794734423 0.005350222727109019 0.007677051660877974 0.007677051660862128 7.872853290313896 2.4737390005192563
300.0 12.342434803244247 -5.419392975458592 28.60964785196707 -514309.03677032713 1.7077919466241876e-05 23.802039079898083 22.941817341066773 23.486381424126055 146.96874399440665 423.34929363467126 400.0 -0.0004874427529925962 0.3141073648599804 0.3156576557720323 0.0010901840769315962 7.38273741214569 2.4578919764359228e-08 0.011470045161577857 0.005818720563131109 0.005651302594559953 0.3163577182906006 0.005939159447813124 0.005530885713764733 0.007946384625914224 0.007946384625893992 7.61292280046764 2.473557981805757
310.0 12.348785660576828 -5.422449481416757 29.408656074970615 -514070.15573517676 1.7215712079168586e-05 23.99513118568405 23.093471132198797 23.66873939437702 146.6268449241233 423.0194522101147 400.0 -0.0005207831918728156 0.3247812066488791 0.3263917913070238 0.001166130238256144 7.633344070335615 2.4580246816169004e-08 0.011859450894790858 0.006019274769851556 0.005840154115224612 0.3271655949420758 0.006148156021955564 0.0057112948728352975 0.00821604847884505 0.008216048478824949 7.368407386031957 2.4735891602319895
320.0 12.355189585333553 -5.425588890147287 30.188885769134497 -513829.3025663202 1.7346763157603006e-05 24.176623234723415 23.233388979771277 23.83948647651036 146.28165411214812 422.66007624583926 400.0 -0.0005552483724640495 0.3354680352302014 0.3371367582130521 0.001244647567349664 7.883340049769774 2.458134429621438e-08 0.012249322518804178 0.006220258831781951 0.006029041671446226 0.3379892067772822 0.006357873866544167 0.005891448652260011 0.008486041872888922 0.008486041872867328 7.138031853151121 2.4738051077650773
330.0 12.361644298096005 -5.428809367707332 30.951156877198954 -513586.59308993357 1.747181994832288e-05 24.34774522305235 23.362795095884078 23.999852240180363 145.93328379666912 422.27411422389076 400.0 -0.0005908403252992326 0.3461677878755282 0.34789298287198406 0.0013257316794544557 8.132752475206598 2.458227119005869e-08 0.012639656056397714 0.0064216703956124594 0.006217963639316699 0.3488291311928622 0.006568310527789228 0.006071345528608489 0.008756363515861407 0.00875636351583901 6.9206503437094185 2.4741827141828177
340.0 12.368147775478482 -5.43210915871361 31.696250523525716 -513342.1311125777 1.7591540558261277e-05 24.509578483382086 23.48276414295756 24.150917458023972 145.58183294089224 421.8641036716268 400.0 -0.0006275610806398005 0.35688042547771937 0.35866102535811434 0.001409378472226325 8.381615728206713 2.4583088065285154e-08 0.013030447824745188 0.006623507324208943 0.0064069184731458 0.35968608135360836 0.006779463800031683 0.0062509840247135075 0.009027012209639097 0.009027012209615293 6.71523153755198 2.4747024159127435
350.0 12.374698219953357 -5.4354865828081715 32.42490950385376 -513096.00984970154 1.7706506090691517e-05 24.663076020791593 23.59424180609874 24.29363444357544 145.227388719868 421.4322376033551 400.0 -0.0006654126712199627 0.3676059339910802 0.3694415772161527 0.00149558420674815 8.629970701377264 2.458385656185376e-08 0.013421694495734991 0.006825767732448955 0.006595904729946055 0.3705609044347946 0.00699133177061937 0.0064303627251156206 0.009297986885188177 0.009297986885163416 6.520845644807712 2.475347572408444
360.0 12.381294033744243 -5.438940031156394 33.137839235113205 -512848.313162247 1.7817230989231376e-05 24.809079837103475 23.698062298916092 24.42884437861325 144.87002792683975 420.9804176077234 400.0 -0.0007043971352925128 0.3783443255900736 0.3802354584902294 0.001584345580368971 8.877864158614722 2.4584638934250714e-08 0.0138133931484428 0.007028450018243497 0.006784921090883638 0.38145457912546876 0.0072039128590866645 0.006609480289356138 0.00956928663353418 0.009569286633509031 6.336652941226354 2.476103966614381
370.0 12.387933796227607 -5.442467963019316 33.83570901412566 -512599.1166291521 1.7924171915690366e-05 24.94833571451362 23.79496328017028 24.557292100502696 144.50981815482234 420.51029872610445 400.0 -0.000744516519604855 0.3890956395742876 0.39104361401092413 0.0016756597924342102 9.125348178943824 2.458549763483772e-08 0.014205541314523203 0.007231552889301637 0.006973966379905379 0.3923682123981136 0.007417205851310419 0.0067883354632127845 0.009840910733046536 0.009840910733020533 6.16189365690253 2.4769594070191707
380.0 12.394616244308285 -5.446068902429518 34.51915347320268 -512348.48847949895 1.8027735274736965e-05 25.081505837170727 23.885598584771913 24.679638728245962 144.1468187054167 420.02332594500456 400.0 -0.0007857728826485026 0.3998599430404568 0.40186710892476973 0.0017695246037349973 9.372479663272259 2.4586494928879955e-08 0.014598137017147008 0.007435075386089943 0.007163039579716697 0.4033030355265269 0.007631209929182602 0.006966927087964408 0.01011285867333708 0.010112858673311423 5.995879157628782 2.477903392923382
390.0 12.401340255342522 -5.449741434989617 35.18877415057269 -512096.4904043753 1.812828370818091e-05 25.209179601014792 23.97054910902042 24.796472477573275 143.78108158273517 419.5207646220469 400.0 -0.0008281682978067237 0.41063733133856456 0.41270712344151966 0.0018659383902730738 9.61931988570258 2.4587692533213933e-08 0.014991178804061957 0.00763901690138566 0.007352139845289116 0.4142603993237184 0.007845924696262737 0.007145254107799218 0.010385130176062615 0.010385130176035732 5.837984138996416 2.478926850653513
400.0 12.408104832257006 -5.453484204805488 35.84514111588983 -511843.17826547567 1.8226141655220697e-05 25.331882880409033 24.050332135754307 24.908317933636397 143.41265219363677 419.00372587347385 400.0 -0.0008717048566796383 0.4214279283254942 0.42356494677263823 0.0019649001918717953 9.865934073573898 2.4589151272121055e-08 0.015384665775290645 0.007843377196750453 0.007541266515084505 0.42524176856899415 0.0080613501997934 0.007323315575497245 0.010657725212872787 0.010657725212846445 5.68763979295224 2.4800219120877145
410.0 12.414909090539599 -5.457295911560535 36.48879460754615 -511588.6027149425 1.832160011451362e-05 25.45008598817662 24.125409339227232 25.015644017936793 143.0415700620195 418.47318785315974 400.0 -0.0009163846723026101 0.4322318864259428 0.4344419702398315 0.002066409755867978 10.112391003051993 2.459093074568427e-08 0.01577859760588417 0.00804815641619296 0.007730419120146124 0.4362487155981035 0.008277486949370961 0.007501110656513209 0.010930644020723334 0.01093064402070433 5.544327800498928 2.4811817306379544
420.0 12.4217522468488 -5.46117530773358 37.120246651158574 -511332.80973873107 1.8414920779985712e-05 25.564210532779448 24.196193671000362 25.118870853235492 142.6678693807735 417.93001366328633 400.0 -0.0009622098824645876 0.44304938650870634 0.44533967954395615 0.0021704675760829285 10.358762599724647 2.4593089007502567e-08 0.016172974564113037 0.008253355097240187 0.00791959739121821 0.4472829130413499 0.008494335932511551 0.007678638631601487 0.011203887114744958 0.011203887114731746 5.407575025679893 2.482400331461482
430.0 12.428633609027862 -5.465121195959944 37.73998263791792 -511075.8411339422 1.8506339630690662e-05 25.674635337430654 24.26305529584806 25.21837569123049 142.29157947243093 417.3749664902651 400.0 -0.001009182652981126 0.4538806375849517 0.45625964620016185 0.0022770749272597885 10.605123536203457 2.4595682250140246e-08 0.016567797525423276 0.008458974179583025 0.008108801264056548 0.45834612570977173 0.008711898627297196 0.00785589889812608 0.01147745529881224 0.011477455298802007 5.276948829571406 2.4836724884412136
440.0 12.435552567326564 -5.4691324265332515 38.34846284831619 -510817.7349290631 1.8596069944894175e-05 25.781701545965078 24.326326719665122 25.314498027802813 141.91272539112362 416.80872244588545 400.0 -0.0010573051809236952 0.46472587633384266 0.4672035181622644 0.0023862338948502076 10.851550821062643 2.4598764497975462e-08 0.01696306798242607 0.008665015011444002 0.008298030883050365 0.46944020164647915 0.008930177012234555 0.008032890970191517 0.011751349673976409 0.011751349673969454 5.152052975965026 2.4849936120388905
450.0 12.442508586647314 -5.4732078950437515 38.94612391181761 -510558.5257547846 1.8684305036262948e-05 25.88571706229051 24.386307228809113 25.407544052613208 141.5313281781008 416.23188150400006 400.0 -0.0011065796977725462 0.47558536646004096 0.4781730096773037 0.002497947400036982 11.098123375560133 2.4602387308179827e-08 0.017358788051130586 0.008871479353767845 0.008487286603264633 0.48056706237819713 0.009149173573411943 0.00820961447771865 0.012025571644878509 0.012025571644828452 5.032523955335135 2.4863596663892036
460.0 12.449501199743157 -5.477346540148746 39.533380197474244 -510298.2451717466 1.8771220562785562e-05 25.986960396475816 24.443266741529733 25.49779050604341 141.14740524155084 415.64497684252296 400.0 -0.0011570084725494264 0.48645939789036957 0.4891698904324055 0.002612219220552788 11.344921596556446 2.460659948140846e-08 0.017754960473693893 0.009078369382283041 0.008676568991128383 0.4917286924234345 0.009368891309068405 0.00838606916462549 0.012300122924154559 0.012300122924106576 4.918027762109908 2.487767092580234
470.0 12.456530001162534 -5.481547341468912 40.11062513217335 -510036.9219610095 1.885697654023692e-05 26.08568401194048 24.497449156336753 25.58548803787157 140.7609707461927 415.04848285742713 400.0 -0.0012085938148578804 0.4973482858135042 0.5001959740689096 0.00272905400569224 11.592026905497905 2.4611446784366734e-08 0.01815158861779371 0.009285687687639753 0.008865878823669588 0.502927128126764 0.009589333731588602 0.008562254886205111 0.012575005535215157 0.012575005535169331 4.808257029451944 2.489212744762743
480.0 12.463594641924278 -5.4858093176052 40.678232446464044 -509774.58238182554 1.8941719139558277e-05 26.182117248566836 24.549075269106865 25.670864142408867 140.37203577688666 414.44282205278927 400.0 -0.0012613380777601563 0.5082523695713017 0.5112531061579669 0.002848457287380147 11.839521284843245 2.461697168681195e-08 0.018548676472856452 0.009493437273489424 0.009055217086663583 0.5141644459084362 0.009810504867009283 0.008738171605847164 0.01285022181308754 0.012850221813045706 4.702928474777837 2.490693837765136
490.0 12.4706948247651 -5.490131524269737 41.236557348231855 -509511.2504010138 1.902558220526218e-05 26.276468869618405 24.598345319662652 25.75412571787774 139.98060865968068 413.828370988529 400.0 -0.0013152436606371823 0.5191720114078583 0.5223431517406599 0.002970435485733802 12.087486804225712 2.4623213115720364e-08 0.018946228643234198 0.009701621552701588 0.009244584971593278 0.5254427500278208 0.010032409252045906 0.008913819391188288 0.013125774403694316 0.013125774403654842 4.6017806435950686 2.4922078982114355
500.0 12.477830299940203 -5.494513052524972 41.78593762641401 -509246.94789734 1.9108688650429945e-05 26.368929301077838 24.64544121941015 25.835461318529227 139.58669512811244 413.20546542533486 400.0 -0.001370313011808533 0.5301075950867259 0.533467982548614 0.0030949959097049846 12.336005139595184 2.4630206229356616e-08 0.01934425033853737 0.00991024434172727 0.009433983871618347 0.5367641599727191 0.010255051928717469 0.009089198409819907 0.013401666261542667 0.013401666261507395 4.50457187191104 2.4937527288261965
510.0 12.485000861475333 -5.498953027124835 42.32669468696319 -508981.6948440679 1.919115162256383e-05 26.45967258645333 24.69052850385428 25.91504312242881 139.19029852240536 412.5744047906203 400.0 -0.0014265486311008796 0.5410595243849183 0.5446294640245182 0.00322214675256168 12.585157089065403 2.4637982213833192e-08 0.019742747361222602 0.01011930985316259 0.009623415376599578 0.5481307975906169 0.010478438436593079 0.009264308924629528 0.013677900645912833 0.013677900645879527 4.411078495457327 2.4953263707606825
520.0 12.492206343834582 -5.50345060495212 42.859134524126276 -508715.5094722746 1.927307558128634e-05 26.54885811418284 24.733758047346655 25.993028671914985 138.79141997380057 411.9354560638763 400.0 -0.0014839530722009226 0.5520282214752567 0.5558294422678534 0.0033518970823397413 12.83502208963783 2.46465681045152e-08 0.02014172609160459 0.010328822686570104 0.009812881267289353 0.5595447740845005 0.01070257480273115 0.009439151288873442 0.013954481115612228 0.013954481115580458 4.321093220368635 2.4969270778060633
530.0 12.499446618949538 -5.508004973546448 43.383548630178886 -508448.4084172461 1.9354557212659627e-05 26.63663213233828 24.775267571942404 26.069562401308396 138.39005854902695 411.28885716601667 400.0 -0.0015425289448621992 0.5630141252086504 0.5670697310298833 0.003484256827194754 13.085677739116761 2.4655986634238678e-08 0.02054119347043245 0.010538787817631132 0.010002383508755703 0.571008176995263 0.010927467529374794 0.009613725941057655 0.014231411522391353 0.014231411522360998 4.234423683969806 2.498553288946514
540.0 12.506721593562213 -5.512615349717275 43.90021484689088 -508180.4068499602 1.9435686246839142e-05 26.723129087086235 24.815182977633686 26.144776988205965 137.98621140136163 410.63481992368975 400.0 -0.0016022789169197697 0.5740176893085709 0.5783520988802718 0.0036192367557982977 13.337199327559496 2.4666256109936995e-08 0.020941156979170723 0.010749210585687168 0.010191924243121861 0.5825230572916866 0.011153123579475727 0.009788033399694997 0.014508696003078966 0.014508696003049977 4.150891156346214 2.5002036060772794
550.0 12.514031206855368 -5.51728097823688 44.40939816214834 -507911.5185953623 1.951654621570944e-05 26.808472811624522 24.853619517336682 26.218794554960986 137.57987382859426 409.97353266708967 400.0 -0.0016632057161327144 0.5850393804912554 0.5896782566635371 0.0037568484528815245 13.589659382516297 2.467739031881925e-08 0.021341624618154236 0.01096009667975889 0.01038150578170217 0.5940914166854889 0.011379550360145336 0.009962074258008904 0.014786338970532041 0.014786338970504248 4.07032936298959 2.5018767774365034
560.0 12.521375428339956 -5.522001130608543 44.91135145506162 -507641.7562389463 1.9597215077229605e-05 26.892777572020318 24.89068283670428 26.291727726664096 137.17103945471914 409.3051625112045 400.0 -0.001725312131840496 0.5960796765252422 0.6010498453562221 0.0038971042900916948 13.843127232068955 2.4689398464777736e-08 0.021742604882778745 0.011171452123129267 0.010571130596609569 0.6057151952821861 0.011606755704136232 0.010135849178642513 0.015064345103484577 0.015064345103458068 3.9925834394525146 2.5035716792361313
570.0 12.528754255951712 -5.526775103904907 45.40631619264673 -507371.13122300385 1.9677765791947424e-05 26.976148997835217 24.92646989602811 26.363680573408573 136.75970027779113 408.6298573651495 400.0 -0.001788601016358614 0.6071390642431559 0.6124684244266444 0.004040017392347132 14.097668589348544 2.4702285135265004e-08 0.02214410673786011 0.011383283256567206 0.010760801311891166 0.617396259670074 0.01183474784944954 0.010309358888410572 0.015342719335359266 0.015342719335335115 3.9175089857850445 2.5052873001902762
580.0 12.536167714360609 -5.5316022196726555 45.894523081406 -507099.6539336299 1.9758266858166657e-05 27.05868491467867 24.961069789128132 26.434749453888518 136.34584674633444 407.94774770295425 400.0 -0.0018530752862525514 0.6182180375206874 0.6239354607901457 0.00418560159992074 14.353345161873492 2.4716050298398488e-08 0.022546139590372424 0.011595596720315229 0.010950520694278654 0.6291363915412393 0.01206353541721607 0.010482604173156352 0.015621466842161733 0.015621466842136604 3.844971201377912 2.507022731180434
590.0 12.543615853452273 -5.536481822899058 46.37619267664707 -506827.3337795369 1.983878275084338e-05 27.140476078903237 24.994564472081297 26.50502376046114 135.92946788139434 407.2589481286737 400.0 -0.0019187379233329112 0.6293170952356099 0.6354523184420979 0.0043338714265659896 14.610214288599956 2.4730689329734933e-08 0.022948713260705057 0.011808399434922661 0.011140291643612214 0.6409372769283312 0.012293127387966346 0.010655585872738708 0.015900593029510874 0.015900593029487754 3.7748441165902564 2.5087771521400732
600.0 12.5510987469687 -5.5414132810366885 46.8515359524179 -506554.1792635531 1.991937434832104e-05 27.221606839134864 25.027029412915024 26.574586590296875 135.51055129299436 406.56355876152895 400.0 -0.0019855919754849906 0.640436739220488 0.6470202488379866 0.004484842013839576 14.868328607114037 2.474619306767878e-08 0.023351837952624035 0.012021698581056077 0.011330117182991388 0.6528004961283098 0.012523533076437006 0.010828304876187031 0.01618010351893315 0.016180103518908657 3.7070098877610187 2.5105498230434593
610.0 12.558616491296881 -5.546395983082773 47.320754834771776 -506280.1980475645 2.0000099303439937e-05 27.302155726975613 25.05853417190732 26.64351534489611 135.08908327418746 405.86166646329156 400.0 -0.0020536405572677344 0.6515774722220881 0.6586403820795054 0.004638529082124094 15.127735752950313 2.476254789623252e-08 0.0237555242221164 0.012235501578381103 0.011520000448737671 0.6647275143744256 0.012754762105063119 0.01100076211705328 0.01646000413347206 0.016460004133449068 3.6413581582735057 2.51234007587222
620.0 12.566169204382431 -5.551429338709681 47.7840427008188 -506005.39701160794 2.0081012366311205e-05 27.38219598320346 25.089142920859466 26.711882264250363 134.66504883143702 405.1533459280983 400.0 -0.0021228868503012253 0.6627397958795975 0.6703137189530965 0.004794948878459481 15.388478092535975 2.477973585350588e-08 0.02415978294528384 0.012449816063651916 0.011709944680198668 0.6767196733055093 0.012986824376303384 0.011172958568980453 0.016740300882743888 0.016740300882721375 3.57778548573303 2.514147305120228
630.0 12.573757024760408 -5.556512777443528 48.241584845961896 -505729.7823077065 2.0162165703683818e-05 27.46179603694885 25.11891490861878 26.779754913092514 134.23843172406237 404.4386606510424 400.0 -0.0021933341034305626 0.6739242087333595 0.6820411238563338 0.004954118121711709 15.650592490815196 2.479773476418145e-08 0.024564625285462605 0.012664649868107088 0.011899953209472104 0.6887781832709297 0.013219730043955203 0.011344895241507402 0.017020999947491112 0.017020999947469143 3.5161948088640202 2.5159709631222444
640.0 12.581380110696816 -5.561645747887998 48.69355892156127 -505453.3594089601 2.0243609159173793e-05 27.541019931261047 25.147904879186548 26.847196612626337 133.8092145291565 403.71766378945375 400.0 -0.002264985632721195 0.6851312042752637 0.6938233186347089 0.005116053945295293 15.914110114156983 2.4816518393886932e-08 0.024970062659752823 0.012880010994311918 0.012090029451092867 0.700904116496998 0.013453489483623328 0.011516573176129497 0.017302107663759378 0.017302107663737572 3.4564949716108515 2.5178105529084176
650.0 12.589038639413548 -5.566827716990419 49.14013534496116 -505176.1331544173 2.0325390477889202e-05 27.619927703068143 25.17616344793202 26.914266825725882 133.37737864407842 402.99039893115787 400.0 -0.0023378448212296316 0.6963612690499096 0.705660877342262 0.005280773837859023 16.179056268730818 2.4836056623394123e-08 0.025376106705093292 0.013095907592540876 0.012280176891725314 0.7130984011316784 0.013688113262479979 0.01168799344261332 0.017583630506748306 0.017583630506727028 3.3986002957245534 2.519665619421447
660.0 12.596732806420711 -5.572058169348045 49.58147768404054 -504898.1077900386 2.040755570089103e-05 27.69857577476643 25.203737440745478 26.981021552836577 132.94290440449691 402.25690077731235 400.0 -0.0024119151185859763 0.7076148808172246 0.7175542219298507 0.005448295582267416 16.445450274208874 2.4856315640393422e-08 0.025782769244103682 0.013312347936852162 0.012470399079930927 0.7253618161750757 0.013923612108506468 0.011859157135597214 0.017865575074469457 0.017865575074447866 3.3424301156026823 2.521535767406091
670.0 12.604462824900558 -5.577336606551414 50.017743017720996 -504619.287006274 2.0490148657382477e-05 27.77701709271684 25.230670200335492 27.047513473864075 132.50577092057998 401.5171957539547 400.0 -0.002487200040354823 0.7188925067822585 0.7295036188527625 0.0056186371932312506 16.713305372191304 2.4877258146585104e-08 0.026190062250765526 0.01352934040091887 0.01266069961601815 0.7376949872910858 0.014159996879317726 0.012030065371447799 0.01814794807122669 0.018147948071206337 3.2879086756231164 2.5234205654810324
680.0 12.612228925198481 -5.582662546563591 50.44908227455156 -504339.673972378 2.0573213886668486e-05 27.855302097842213 25.257001863381547 27.113792921256493 132.06595632529644 400.7713025543792 400.0 -0.002563703167286524 0.7301946019024503 0.7415091765857201 0.005791816853909584 16.982628668601325 2.4898843577784834e-08 0.0265979978162072 0.013746893433794545 0.01285108214206181 0.7500983834922661 0.01439727853078591 0.012200719285421293 0.018430756291088184 0.018430756291067902 3.2349638351011825 2.5253198834315245
690.0 12.620031354344034 -5.588035523132041 50.87564055038983 -504059.271367984 2.0656786574956265e-05 27.933476401168715 25.282769611760944 27.17990555714888 131.6234376340845 400.0192326264983 400.0 -0.0026414281443049186 0.7415216072749126 0.7535708440198313 0.00596785285184167 17.253421108829627 2.4921028334788284e-08 0.02700658811460558 0.013965015535641714 0.013041550332076213 0.7625723146763115 0.014635468085528491 0.012371120029077089 0.018714006601319524 0.018714006601298384 3.183530249467266 2.5272326292246627
700.0 12.627870375669835 -5.593455085232511 51.297557407150535 -503778.08141195646 2.0740930897631855e-05 28.011590814461037 25.308007900713097 27.24590240474415 131.1781908207263 399.26099060412304 400.0 -0.002720378679396107 0.7528739486127554 0.7656884097168909 0.006146763514511368 17.5256774843911 2.494376602278398e-08 0.027415845369477564 0.014183715233605844 0.013232107882432747 0.7751169299937398 0.014874576601480114 0.012541268767997445 0.01899770592595719 0.018997705925936297 3.1335363652903174 2.529161419615132
710.0 12.635746268456808 -5.59892079654193 51.71496715345615 -503496.1058889692 2.0825597795863017e-05 28.08966510189917 25.33274866642192 27.31180359991575 130.7302200513987 398.49657469439245 400.0 -0.0028005585423027638 0.7642520348112686 0.7778615019834225 0.006328567144819005 17.799386469442055 2.4967007697172388e-08 0.027825781820363892 0.014403001057862687 0.013422758502496355 0.7877322170130983 0.015114615140604021 0.012711166679759873 0.019281861229499903 0.01928186122947899 3.084949165490583 2.53109577927034
720.0 12.64365932761563 -5.604432234938826 52.12799910852404 -503213.3461739692 2.091115572896419e-05 28.16787943952798 25.357021515218456 27.377789849802816 130.28191336268688 397.7259770246685 400.0 -0.0028819715630875164 0.7756562566078755 0.7900895897251629 0.006513281956785481 18.074530685450526 2.499070211370885e-08 0.028236409690045292 0.014622881517937582 0.013613505905522301 0.8004180016484801 0.015355594737878293 0.012880814952167 0.019566479500788707 0.01956647950076813 3.0374855890065238 2.533122454952243
730.0 12.65160957935666 -5.609988986028594 52.53677574721598 -502929.80421104335 2.0994166943459544e-05 28.245798767265498 25.38085382708376 27.443426800795297 129.8544789365426 396.9492123645532 400.0 -0.002964621570147417 0.7870869692031209 0.8023719664702026 0.006700925811983817 18.351086275504684 2.5014795938880806e-08 0.02864774057339199 0.014843364765478888 0.013804353534732663 0.8131739304161753 0.015597526019518842 0.013050214553873146 0.01985156733422244 0.0198515673342019 2.991113884519396 2.53523641607389
740.0 12.65959453892749 -5.615373466498246 52.911411350292106 -502646.7294937029 2.106604494576397e-05 28.321375725823067 25.403701307060395 27.506668115205425 129.48691585476783 396.4882751720751 400.0 -0.0030485118905781146 0.7985443609262978 0.8147076106176393 0.006891514486964697 18.629018856190665 2.5039233664518495e-08 0.029059780738837648 0.015064456036703786 0.013995302422346725 0.8259993227555411 0.01584041632055391 0.013219364418283738 0.02013712766494342 0.020137127664925737 2.9463078165140155 2.537231479900233
750.0 12.667609754082342 -5.620705990999601 53.26865114529006 -502364.1959315027 2.112925200122381e-05 28.3953436684564 25.425938992074414 27.568248452738143 129.16706502995046 396.1657895125408 400.0 -0.0031336453980947963 0.8100284757407801 0.827095215718256 0.007085061542623244 18.908284569073746 2.5063958014127145e-08 0.029472531948289988 0.015286158078358359 0.014186351583530954 0.8388932006663112 0.016084270105458088 0.013388261842831903 0.020423160330261557 0.020423160330241132 2.9029022248855605 2.539148218646024
760.0 12.675653915252155 -5.626081327086985 53.621737371239426 -502081.8049759762 2.1191929956573493e-05 28.46937384831009 25.447842440815823 27.629840332651167 128.8572076785135 395.841087918227 400.0 -0.0032200256264476057 0.821539506503867 0.8395335156589276 0.0072815820595492405 19.18883967316707 2.5088910983412724e-08 0.0298860019767751 0.01550847685071321 0.014377502833042304 0.851854628385278 0.016329095375572613 0.013556906601202488 0.020709669402774755 0.02070966940275629 2.860305881537778 2.5412066659922834
770.0 12.683727108151343 -5.631499092422821 53.97077627457354 -501799.5625344729 2.125495180959797e-05 28.54348043436336 25.46942990512424 27.69145924677998 128.54634302170913 395.51419282552365 400.0 -0.0033076564444647766 0.8330777008452487 0.852021187583379 0.007481091665183063 19.47063769059971 2.5114033822762915e-08 0.030300201227164616 0.015731419696264133 0.014568759231256657 0.8648826102732742 0.0165749016505328 0.013725299576631815 0.020996660850034786 0.020996660850016093 2.8187595422753944 2.543293967314785
780.0 12.691829485176275 -5.636958914405921 54.3158703612524 -501517.4741214731 2.1318233829307972e-05 28.61764262998253 25.49071828853119 27.753085854685928 128.2338516835428 395.1851307529824 400.0 -0.0033965417730795187 0.8446432852741692 0.864556775296606 0.007683605552153531 19.753627219135037 2.5139267094867554e-08 0.03071514000293907 0.01595499385629192 0.014760123840373713 0.8779760094931165 0.016821698304202923 0.01389344169873616 0.021284140641912006 0.021284140641893146 2.778281202074858 2.5453855297829193
790.0 12.699961207280943 -5.642460430829522 54.65711846066624 -501235.5450586184 2.1381825135615437e-05 28.691890414339415 25.51172323354419 27.8147517229127 127.91972199829998 394.8539225249373 400.0 -0.0034866855702452115 0.8562364612945331 0.8771386914267136 0.007889138383583067 20.037752063388293 2.516455091400737e-08 0.03113082836275694 0.016179206386918377 0.014951599662930026 0.891133549111788 0.017069494466827335 0.014061333895929602 0.02157211465416772 0.021572114654150126 2.73882250523745 2.5474847301915147
800.0 12.708122443761916 -5.648003289544369 54.994615895577624 -500953.7804900789 2.1445738505501176e-05 28.76624235093878 25.53245920982312 27.87647712726417 127.60394191747757 394.5205865821325 400.0 -0.003578091828523841 0.8678574049659562 0.8897652236746106 0.008097704242653724 20.322951487214 2.5189825186800004e-08 0.03154727609607188 0.016404064141068594 0.015143189635454092 0.9043538174897632 0.01731829900122928 0.014228977094842603 0.021860588655934595 0.02186058865591823 2.7003473668716107 2.5495906668885744
810.0 12.716313372073387 -5.653587148137092 55.328454642600455 -500672.1853968646 2.150999571801669e-05 28.84071878324542 25.552939595939947 27.93828424178839 127.28649902810402 394.1851391325858 400.0 -0.0036707645725475827 0.8795062665724525 0.9024345414570311 0.00830931658479647 20.60916047819722 2.521502984457061e-08 0.031964492700225555 0.016629573751457485 0.015334896622572541 0.9176352740910374 0.01756812048032737 0.01439637221989819 0.022149568297894762 0.022149568297877602 2.662818898218535 2.551703577982895
820.0 12.724534177638471 -5.6592116736235685 55.65872348377362 -500390.7646102567 2.1574615484477712e-05 28.915338353244053 25.57317675530281 28.00019365035422 126.96738049711735 393.8475942901996 400.0 -0.0037647078565607663 0.8911831703941342 0.9151447028898307 0.008523988192602704 20.896310022224036 2.524010506652239e-08 0.032382487358984385 0.016855741614597984 0.015526723411538684 0.9309762556645758 0.017818967165977688 0.014563520193006696 0.022439059101130147 0.022439059101112494 2.6262027011693228 2.553823392490186
830.0 12.732785053710908 -5.664876542155684 55.98550814991938 -500109.52282425534 2.163961678459208e-05 28.990119056825346 25.59318210677357 28.06222539475857 126.64657316532147 393.5079642001876 400.0 -0.003859925761811049 0.9028882145825017 0.9278936620667784 0.008741731133585782 21.184327386362874 2.526499149304539e-08 0.032801268922678574 0.017082573875933465 0.015718672707239194 0.9443749827563734 0.01807084698926322 0.014730421933415342 0.022729066446757724 0.02272906644674101 2.5904658505961327 2.5559501233265
840.0 12.741066201239297 -5.6705814387415225 56.308891456226945 -499828.4646072527 2.1705018007229354e-05 29.065078038388528 25.61296619043461 28.124398761808003 126.32406348960059 393.16625915423504 400.0 -0.003956422394031366 0.9146214711330019 0.9406792765805236 0.008962556720875097 21.473136408120816 2.5289630428520047e-08 0.03322084588986353 0.01731007641605799 0.015910747127635242 0.9578295665020601 0.018323767532202224 0.014897078357661304 0.02301959556628626 0.023019595566269434 2.5555770440820678 2.558083758180547
850.0 12.749377828752317 -5.676326056977998 56.62895343059687 -499547.59441292484 2.1770837243172527e-05 29.140231732060744 25.632538728923944 28.186732416817623 125.99983753712493 392.8224876956383 400.0 -0.004054201880870903 0.9263829859525436 0.9534993152431206 0.009186475476950832 21.762657789410593 2.5313964033217296e-08 0.03364122639056413 0.017538254838064808 0.0161029491996582 0.9713380156608401 0.018577736010930646 0.015063490379633488 0.02331065153273216 0.023310651532717455 2.521506443810077 2.5602242886861717
860.0 12.757720152262172 -5.682110098795387 56.945771435202566 -499266.91659040475 2.1837092285099333e-05 29.215595912866586 25.651908684707397 28.24924444690542 125.67388106611708 392.47665671539954 400.0 -0.004153268369387383 0.9381727790180979 0.9663514659611646 0.009413497100399057 22.05280939357523 2.5337935503915922e-08 0.03406241817111132 0.01776711445604465 0.016295281355548023 0.9848982438488342 0.018832759260379257 0.01522965891073206 0.023602239252518236 0.023602239252503612 2.4882255987203106 2.5623717069759495
870.0 12.766093395190108 -5.687933274213119 57.25942028170541 -498986.43539376813 2.1903800654728278e-05 29.291185747168445 25.671084313620074 28.311952403444664 125.34617939546958 392.1287715397352 400.0 -0.004253626023484489 0.9499908446225825 0.9792333437237782 0.00964363043583899 22.34350654393684 2.5361489242979648e-08 0.034484428580582614 0.017996660284734137 0.016487745929645362 0.998508076932864 0.019088843720464644 0.015395584860117965 0.02389436345814292 0.023894363458127437 2.455707373415722 2.5645260015163274
880.0 12.774497788289805 -5.693795301106582 57.56997234047221 -498706.1549909485 2.1970979652650896e-05 29.367015854794154 25.69007321497148 28.37487335613108 125.01671752606686 391.77883601087876 400.0 -0.004355279021486849 0.961837151702412 0.9921424986630782 0.009876883446928787 22.634662322383875 2.5384571015750817e-08 0.03490726455879134 0.018226897030299494 0.016680345155596996 1.012165260546748 0.019345995423768525 0.015561269135022824 0.02418702870160528 0.02418702870159016 2.4239258653527895 2.5666871610111053
890.0 12.782933569607536 -5.699695904983886 57.87749764424385 -498426.0794719972 2.2038646404875964e-05 29.443100362782257 25.708882378486894 28.43802393862925 124.68548007500654 391.4268525600086 400.0 -0.004458231553643495 0.9737116442450789 1.0050764241530055 0.010113263192536451 22.92618786673918 2.5407128096193636e-08 0.03533093262591006 0.018457829082301924 0.016873081164013915 1.025867467698439 0.019604219984765536 0.015726712641144527 0.024480239348641762 0.024480239348627177 2.3928563356515045 2.5688551743644794
900.0 12.791400984438399 -5.70563481877271 58.1820639865157 -498146.2128568569 2.210681788441778e-05 29.51945295075093 25.7275182283183 28.501420385843215 124.35245128529543 391.07282227452805 400.0 -0.004562487819798903 0.9856142417696518 1.0180325649077193 0.01035277580605151 23.21799266557152 2.5429109400755723e-08 0.03575543887361712 0.018689460506783207 0.017065955980532347 1.0396123064309941 0.019863522590534016 0.01589191628308309 0.024773999573699197 0.024773999573685552 2.3624751468073857 2.5710300294883344
910.0 12.799900285309661 -5.711611782616293 58.48373701501255 -497866.55910257687 2.2175510959421987e-05 29.596086902935294 25.745986664347793 28.565078577883437 124.01761502660014 390.71674495922645 400.0 -0.004668052027020503 0.9975448398780737 1.0310083250518585 0.010595426477820899 23.50998484940137 2.545046561058017e-08 0.03618078895782661 0.018921795040509722 0.017258971524299612 1.0533973275115693 0.020123907992989673 0.016056880964836928 0.025068313355699368 0.025068313355686284 2.332759698355102 2.5732117152406007
920.0 12.808431731965545 -5.717626543678555 58.78258032050331 -497587.12211009004 2.2244742401108582e-05 29.673015145993222 25.764293100974346 28.62901406986353 123.68095483834767 390.3586191921567 400.0 -0.004774928387369226 1.0095033108710452 1.044001076129691 0.010841219440674902 23.802071477194307 2.5471149282169156e-08 0.03660698809291525 0.019154836086324387 0.017452129606849075 1.0672200321167749 0.02038538050258671 0.016221607590328542 0.025363184474538104 0.025363184474524025 2.303688373743412 2.5754002197563204
930.0 12.816995591367819 -5.723678855957604 59.07865552126108 -497307.9057305183 2.2314528936333826e-05 29.75025029462043 25.782442503563196 28.693242129592992 123.34245378856903 389.9984423759224 400.0 -0.004883121115712433 1.021489504425128 1.0570081650274366 0.011090157958526836 24.094158817237986 2.5491114946707896e-08 0.03703404104745557 0.019388586709610044 0.01764543193136994 1.081077879489884 0.020647943983491904 0.016386097063963666 0.025658616508332642 0.025658616508319826 2.2752404876781136 2.577595530308688
940.0 12.825592137712668 -5.729768480107477 59.37202234342802 -497028.91377105523 2.2384887277568974e-05 29.82780469871049 25.800439422718927 28.757777776926194 123.0020946731699 389.6362107838571 400.0 -0.004992634427628677 1.0335032483268896 1.070026921784296 0.011342244317946601 24.38615262157089 2.5510319198300833e-08 0.03746195214142961 0.019623049635853762 0.017838880092356724 1.0949682945463617 0.020911601850207965 0.016550350291221642 0.02595461283141912 0.02595461283140516 2.2473962281985687 2.5797976377608594
950.0 12.834221652455891 -5.735895183267668 59.6627386975086 -496750.150000456 2.24558341384515e-05 29.90569047071218 25.818288026527682 28.822635803442562 122.6598598006579 389.27191960241174 400.0 -0.005103472537400693 1.0455443492591436 1.0830546672696166 0.011597479822757372 24.677958393198466 2.5528720771423792e-08 0.03789072524486588 0.019858227249264546 0.018032475575628384 1.1088886754056984 0.02117635706561081 0.016714368179255066 0.026251176613045935 0.026251176613033736 2.2201366213801683 2.582006530856009
960.0 12.842884424346673 -5.742058738900172 59.95086075121656 -496471.61815416365 2.2527386268967356e-05 29.98391953190712 25.83599213089984 28.887830811202853 122.31573119249116 388.9055629695939 400.0 -0.005215639656116288 1.05761259363521 1.0960887207042682 0.011855864791433059 24.96948164542576 2.5546280607874448e-08 0.038320363777869085 0.02009412159244148 0.018226219758689984 1.1228364008279454 0.0214422121403646 0.016878151637504488 0.026548310816785277 0.026548310816771826 2.1934434778164493 2.584222201581276
970.0 12.851580749476762 -5.7482589266336745 60.2364429988983 -496193.32193907344 2.2599560480967717e-05 30.06250364125424 25.853555228138802 28.953377234242343 121.96969039211884 388.5371340097865 400.0 -0.00532913998988218 1.0697077484775317 1.1091264070118925 0.012117398557416276 25.260628152781777 2.556296191365962e-08 0.03875087071201613 0.020330734367052794 0.018420113911449622 1.1368088375407943 0.02170916913369813 0.017041701578318004 0.02684601820061654 0.026846018200602534 2.1672993592137098 2.5864446413145874
980.0 12.860310931335631 -5.754495532114635 60.5195383277091 -495915.26503798185 2.267237367141219e-05 30.141454432099447 25.87098051384243 29.01928936811922 121.62171857533562 388.1666248652523 400.0 -0.0054439777381086836 1.0818295623360326 1.1221650639802265 0.012382079472095759 25.55130419299857 2.5578730206125054e-08 0.03918224857305897 0.020568066935506866 0.018614159197250242 1.1508033474371173 0.02197722965549667 0.017205018917562313 0.027144301317687452 0.02714430131767158 2.1416875359405063 2.588673843129916
990.0 12.869075280880375 -5.760768346864961 60.80019808074283 -495637.4511137138 2.2745842858581964e-05 30.22078344835033 25.88827091224313 29.08558139912859 121.27179652792525 387.7940267244876 400.0 -0.005560157091935509 1.0939777662429555 1.1352020492217387 0.012649904910508616 25.84141677967832 2.5593553351796467e-08 0.03961449944491014 0.020806120323580934 0.01880835667422647 1.164817294631891 0.02224639486966263 0.017368104575247515 0.027443162517718587 0.027443162517701545 2.116591949361072 2.590909802882809
1000.0 12.877874116614189 -5.767077168146051 61.07847211727287 -495359.88381296804 2.2819985187917523e-05 30.300502166591365 25.905429100078056 29.15226741967152 120.91990458024348 387.41932984768175 400.0 -0.005677682232819646 1.1061520747000275 1.1482347469198428 0.012920871279580292 26.13087388528963 2.560740159532307e-08 0.040047624974854486 0.021044895223980363 0.019002707296957116 1.178848052364058 0.022516665495996672 0.01753095947885782 0.0277426039490435 0.027742603949023573 2.09199718399528 2.593152515962533
1010.0 12.886707764671048 -5.773421798828913 61.35440887025961 -495082.56676989334 2.289481797902202e-05 30.38062203807723 25.922457529076894 29.219361463725882 120.56602269045845 387.04252358963055 400.0 -0.005796557331153137 1.118352186694125 1.1612605743513509 0.013194974028890624 26.419584654233834 2.562024757998576e-08 0.04048162637993178 0.02128439200078169 0.01919721191840467 1.192893009733114 0.022788041814191567 0.017693584565740206 0.0280426275612397 0.028042627561219197 2.067888427633913 2.5954019819693026
1020.0 12.895576558920936 -5.779802047270172 61.6280554013031 -494805.50360938936 2.297035873071242e-05 30.46115450794411 25.939358447147935 29.286877519767188 120.21013036022167 386.6635964196203 400.0 -0.005916786545124428 1.1305777867391902 1.1742769881769213 0.013472207663794335 26.707459605807976 2.563206636019153e-08 0.04091650445448865 0.021524610694762896 0.019391871292137066 1.2069495782611963 0.023060523681968727 0.017855980772519917 0.028343235108382558 0.02834323510835856 2.0442514480201894 2.5976582010822598
1030.0 12.90448084106856 -5.786217727193729 61.89945745312563 -494528.69795019913 2.304662515308012e-05 30.542111048916258 25.956133918334 29.35482955842494 119.85220669033242 386.2825359397982 400.0 -0.0060383740195967366 1.1428285459388439 1.1872814904913171 0.013752565760896352 26.99441082687163 2.5642835406427303e-08 0.04135225957877178 0.021765551029527277 0.019586686074796862 1.221015198271003 0.023334110536023744 0.01801814904274804 0.028644428152816898 0.02864442815278915 2.021072560553555 2.5999211765390995
1040.0 12.913420960781643 -5.7926686575778765 62.168659499789364 -494252.15340773505 2.3123635202706845e-05 30.623503189019804 25.972785841611373 29.42323155438897 119.49223025762134 385.8993289001922 400.0 -0.006161323885245819 1.1551041230695775 1.2002716346308344 0.014036040985696817 27.28035215422201 2.5652534603116954e-08 0.041788891728623795 0.022007212418463137 0.01978165682883755 1.2350873450757403 0.0236088014014343 0.018180090327189497 0.028946208069529387 0.028946208069495983 1.998338603694449 2.602190913628408
1050.0 12.922397275812372 -5.799154662547675 62.43570479469781 -493975.87359672633 2.320140707472039e-05 30.70534253305005 25.989315968590997 29.49209750231918 119.13017929960478 385.5139612125342 400.0 -0.006285640257740201 1.1674041656785132 1.213245030730872 0.014322625112364118 27.56519934656208 2.5661146239834104e-08 0.04222640048612668 0.022249593972433267 0.019976784025477475 1.2491635349721406 0.023884594901842145 0.018341805584284547 0.029248576051004355 0.02924857605096186 1.9760369127666135 2.604467420505267
1060.0 12.931410152134326 -5.8056755712724275 62.70063541654183 -493699.86213365657 2.327995925432957e-05 30.787640792419644 26.005725920184332 29.561441441386886 118.76603151791016 385.1264179617515 400.0 -0.006411327237119674 1.1797283111947174 1.22619935103276 0.014612309045530597 27.848870246134474 2.5668654996317186e-08 0.04266478505121131 0.022492694508200795 0.02017206804788349 1.2632413310340753 0.024161489272049648 0.018503295779161655 0.02955153311259464 0.02955153311254273 1.9541552977548395 2.6067507074649674
1070.0 12.940459964094646 -5.812231217868052 62.96349231329892 -493424.12263900123 2.3359310543680768e-05 30.87040981542683 26.022017202290463 29.631277480487817 118.39976415819206 384.73668341534386 400.0 -0.006538388907315088 1.192076188051496 1.2391323349390104 0.014905082843981595 28.131284930092722 2.5675047921741586e-08 0.04310404425418855 0.022736512557562358 0.02036750919456891 1.2773183487040096 0.024439482366602858 0.018664561887585703 0.029855080098395412 0.02985508009833064 1.9326820172226635 2.609040789415656
1080.0 12.94954709457217 -5.818821441304215 63.22431534436794 -493148.6587392969 2.343948005342394e-05 30.95366159890148 26.03819122055414 29.701619805086693 118.03135400158867 384.34474103111154 400.0 -0.006666829335800441 1.2044474168162715 1.252041793814785 0.01520093574620916 28.412365851682786 2.568031440866374e-08 0.04354417656912548 0.022981046377128483 0.020563107682989284 1.2913922611779904 0.024718571676868816 0.018825604892256667 0.030159217687561517 0.030159217687481716 1.9116057629719947 2.6113376824996535
1090.0 12.958671935136824 -5.825446085316117 63.48314332092593 -492873.47406907013 2.352048725115447e-05 31.03740832057211 26.054249294244567 29.77248270503534 117.6607773086721 383.9505734635326 400.0 -0.006796652573442382 1.2168416113253895 1.2649256155367636 0.015499856197645202 28.69203797137047 2.5684446162081432e-08 0.043985180128009775 0.02322629395872074 0.02075886365330975 1.3054608045831315 0.024998754393022952 0.018986425734986816 0.030463946401057852 0.030463946400960305 1.890915637186043 2.613641406024234
1100.0 12.96783488623822 -5.832104998320695 63.74001404465441 -492598.57227256446 2.3602351996067153e-05 31.12166236880838 26.070192669303548 29.843880600015538 117.28800984072686 383.55416256767694 400.0 -0.006927862654421036 1.2292583798240138 1.2777817687928388 0.01580183187957041 28.97022887815487 2.5687437164013875e-08 0.044427052735741636 0.02347225304039394 0.02095477717237467 1.3195217829490864 0.025280028038804383 0.01914702469693726 0.03076926660886964 0.030769266608749613 1.870601130685287 2.6159519845100743
1110.0 12.977036357390228 -5.838798033337227 63.994964344850615 -492323.957005361 2.3685094530474768e-05 31.20643635337129 26.086022530602072 29.915828046239607 116.91302687468678 383.1554894021081 400.0 -0.007060463596416381 1.2416973261055173 1.2906083071316838 0.016106849740087067 29.24686890117699 2.568928363401054e-08 0.04486979188578299 0.02371892111791759 0.02115084823787538 1.3335730729698496 0.025562389531875944 0.01930740235390705 0.031075178537449538 0.03107517853755803 1.8506521099283215 2.618269444802088
1120.0 12.986276767367498 -5.84552504791215 64.24803011404144 -492049.6319358563 2.3768735523238012e-05 31.2917431343193 26.101740013451533 29.98833976154914 116.5358031428603 382.7545342302243 400.0 -0.007194459400916274 1.254158050654237 1.3034033727701626 0.01641489602387881 29.521891211955264 2.5689983985955627e-08 0.045313394776628955 0.023966295457180264 0.021347076782417346 1.347612628562005 0.025845835294146663 0.019467559482482293 0.031381682278228296 0.031381682278312964 1.831058798506384 2.6205938172546253
1130.0 12.99555654441711 -5.852285904047975 64.49924634217022 -491775.600746611 2.38532960953245e-05 31.37759584485266 26.117346214399557 30.06143064469912 116.15631281574413 382.3512765200136 400.0 -0.00732985405361403 1.266640151779284 1.3161652001535404 0.016725956308622367 29.795231917341162 2.5689538781587035e-08 0.04575785832867772 0.02421437310633299 0.021543462678246587 1.361638485211098 0.026130361357259407 0.019627496971418315 0.03168877779516617 0.03168877779522038 1.811811761265959 2.622925135830111
1140.0 13.00487612648068 -5.859080468136258 64.74864714943278 -491501.8671355786 2.3938797852839308e-05 31.46400792008143 26.132842201358987 30.13511580079645 115.77452954937283 381.94569494212965 400.0 -0.0074666515250944145 1.2791432267518332 1.328892119284978 0.01704001553744575 30.066830143676007 2.568795068104034e-08 0.04620317920196578 0.024463150909167383 0.021740005741606803 1.3756487641213335 0.026415963541208946 0.01978721566075684 0.03199646493397822 0.03199646493399525 1.792901885978813 2.625263440433806
1150.0 13.014235961429396 -5.865908610894468 64.99626581782357 -491228.43481722346 2.402526288948621e-05 31.5509931048668 26.148229023094753 30.209410546047422 115.39042637661184 381.537767366722 400.0 -0.007604855771583307 1.2916668729338565 1.341582558819381 0.017357058055236043 30.336628112265917 2.568522439078589e-08 0.04664935381434868 0.024712625518555117 0.02193670573748068 1.3896416761603136 0.026702637337207267 0.01994671647714142 0.03230474343102742 0.03230474343102594 1.7743203760978155 2.6276087723236987
1160.0 13.023636507298587 -5.8727702073067025 65.24213482143207 -490955.30752356735 2.41127138188348e-05 31.638565483321155 26.163507718104714 30.28433043439057 115.00397579798779 381.1274708593639 400.0 -0.007744470735958434 1.3042106889003826 1.354235048930583 0.01767706764537769 30.60457120652104 2.5681366609290182e-08 0.04709637836021189 0.024962793410380532 0.022133562384368123 1.4036155256055938 0.02699037811886543 0.02010600024134645 0.032613612922678885 0.03261361292267855 1.756058732642796 2.6299611772637235
1170.0 13.03307823254911 -5.879665136568144 65.48628585560441 -490682.48900510534 2.4201173824041404e-05 31.72673950724641 26.178679322927263 30.35989128328802 114.61514967782414 380.71478167499725 400.0 -0.007885500348826778 1.3167742755554686 1.3668482239583881 0.01800002756766834 30.870608031115015 2.567638597070175e-08 0.04754424882972628 0.025213650897875958 0.022330575359206403 1.4175687136973036 0.027279180933339354 0.020265067896386917 0.032923072954963044 0.032923072954962676 1.7381087407593168 2.6323207060957605
1180.0 13.04256161633865 -5.88659328203325 65.72874986499183 -490409.9830316486 2.4290666685868484e-05 31.815530022449497 26.19374487990361 30.436109197609053 114.22391930330909 380.2996752504426 400.0 -0.008027948529869442 1.3293572372394002 1.379420824840445 0.01832592059729257 31.13469046344374 2.567029298686549e-08 0.04799296102856271 0.025465194146307192 0.022527744302399302 1.431499741999226 0.027569040743896496 0.02042392028466622 0.033233122993501035 0.033233122993501535 1.720462455226123 2.634687416553819
1190.0 13.052087148803837 -5.8935545311675455 65.9695570705411 -490137.7933930877 2.4381216756106823e-05 31.90495226126063 26.208705444423064 30.513000559925146 113.83025527545682 379.88212619597857 400.0 -0.008171819189316034 1.3419591828266184 1.3919517013354825 0.018654729064547074 31.39677369771935 2.5663099987940565e-08 0.04844251059804923 0.02571741918802174 0.022725068822926013 1.4454072155724793 0.027859952231498557 0.02058255836655068 0.03354376243374068 0.03354376243374109 1.7031122004133503 2.637061365246268
1200.0 13.06165533133628 -5.900548775502871 66.20873699544266 -489865.92390012275 2.4472849047351274e-05 31.9950218992555 26.22356209167591 30.590582085212617 113.43412762543274 379.46210828626624 400.0 -0.008317116229579683 1.354579726811634 1.4044398140428844 0.018986434895444434 31.65681628198162 2.565482106189239e-08 0.048892893035672236 0.025970321937771552 0.022922548503519588 1.45928984596419 0.028151910014540135 0.020740983021132097 0.033854990611393534 0.03385499061139392 1.6860505456377506 2.6394426173900523
1210.0 13.071266676914547 -5.907575910596386 66.44631849021198 -489594.37838484737 2.4565589256490413e-05 32.08575506516099 26.238315922946818 30.668870828930075 113.03550559555585 379.0395944481031 400.0 -0.008463843547124254 1.3672184903883136 1.4168842362309082 0.019321019653143673 31.914780148522578 2.5645471993094237e-08 0.0493441037161087 0.02622389820842226 0.023120182905990033 1.4731464540219428 0.028444908528735494 0.020899195187373203 0.03416680681322985 0.0341668068132308 1.6692703024738893 2.64183124146885
1220.0 13.080921710408264 -5.914635835992773 66.68232975677644 -489323.1607013494 2.4659463768593497e-05 32.17716836236993 26.252968071463393 30.747884206896494 112.63435784684397 378.6145567488097 400.0 -0.008612005034445891 1.3798751025139848 1.429284155473439 0.019658464580039597 32.170630637850316 2.5635070200291125e-08 0.049796137912479374 0.026478143726863395 0.023317971576567124 1.4869759725306326 0.02873894212125937 0.021057195791220007 0.034479210288016544 0.03447921028801878 1.6527645117219207 2.6442273115852126
1230.0 13.090620968924622 -5.921728455190107 66.9167983717558 -489052.27472621243 2.4754499700145924e-05 32.26927888977744 26.267519707830708 30.827640014669623 112.2306522914665 378.18696638207786 400.0 -0.0087616045822841 1.392549200964603 1.441638875107821 0.01999875064056037 32.42433651670055 2.562363467411705e-08 0.050248990818038075 0.026733054150238866 0.023515914051359277 1.5007774486829446 0.029034005115497613 0.021214985702540465 0.03479220025775644 0.03479220025775713 1.6365264371160337 2.6466309052678163
1240.0 13.100365002146633 -5.928853675608904 67.14975130887187 -488781.7243590068 2.485072495352142e-05 32.362104276906564 26.281972045069125 30.908156461388952 111.82435609859257 377.7567936533027 400.0 -0.008912646082003005 1.4052404333757484 1.453947815517608 0.020341858564578853 32.67586999031495 2.561118591439906e-08 0.05070265756809882 0.02698862508237516 0.023714009861852556 1.5145500463846069 0.02933009164218593 0.02137256592591289 0.03510577592908794 0.03510577592909102 1.620549552603008 2.649042106353872
1250.0 13.110154372720203 -5.936011408564835 67.38121496064461 -488511.5135226814 2.4948168234557757e-05 32.4556627012376 26.296326343282164 30.989452185985957 111.41543569723252 377.324007962425 400.0 -0.009065133428156916 1.417948458274933 1.4662105152516445 0.020687768891375517 32.925206709456546 2.55977458674042e-08 0.05115713326238682 0.027244852090522395 0.023912258540520537 1.5282930484045822 0.02962719588240053 0.021529937379986305 0.035419936505004114 0.0354199365050062 1.6048275356781905 2.6514610037409185
1260.0 13.119989656616518 -5.943201569244486 67.61121515925818 -488241.6461639942 2.5046859078673613e-05 32.54997290893475 26.310583913966717 31.071546276954063 111.00385677189549 376.8885777871256 400.0 -0.009219070521251897 1.4306729460975791 1.4784266319806896 0.021036462014167256 33.172325772309826 2.5583337863232336e-08 0.05161241298752674 0.0275017307222189 0.024110659626447976 1.5420058583685021 0.029925311890970054 0.021687101096556683 0.035734681196657535 0.03573468119666002 1.5893542601807331 2.6538876907827094
1270.0 13.129871443546746 -5.950424076684706 67.83977719679207 -487972.1262538423 2.5146827905417585e-05 32.64505424276476 26.324746123993595 31.154458299459165 110.58958413808149 376.4504706630636 400.0 -0.009374461270670507 1.4434135801945178 1.4905959433055953 0.021387918225101905 33.41720972178771 2.5567986553490334e-08 0.052068491839934165 0.027759256522450912 0.024309212671062664 1.5556880026086215 0.030224433788425188 0.021844058051508984 0.036050009235482225 0.03605000923548559 1.574123789396173 2.656322264702615
1280.0 13.13980033736789 -5.9576788537551355 68.06692584472303 -487702.9577876197 2.5248106069474628e-05 32.74092668365326 26.338814399270696 31.238208336233612 110.17258188699923 376.0096531638486 400.0 -0.009531309597826611 1.4561700578248113 1.5027183474196495 0.021742117760713605 33.65984453841957 2.5551717849424997e-08 0.05252536494887251 0.02801742505095175 0.024507917243893073 1.5693391318703966 0.030524555674432536 0.022000809274439977 0.03636591988544238 0.03636591988544446 1.5591303620564685 2.658764831877161
1290.0 13.149776956539045 -5.964965827144383 68.29268537285219 -487434.14478549705 2.5350725880904534e-05 32.83761085448085 26.35279022811171 31.322816990844675 109.75281313646767 375.56609087831237 400.0 -0.009689619439503135 1.4689420911399746 1.5147938636361789 0.02209904084788332 33.90021962927 2.553455886060922e-08 0.052983027499877364 0.02827623189975734 0.024706772938437187 1.582959022885967 0.030825671677130292 0.02215735582274706 0.03668241245555892 0.03668241245556294 1.5443683951451361 2.6612155002802305
1300.0 13.159801934555869 -5.972284927349094 68.51707956753756 -487165.6912927486 2.545472065107495e-05 32.93512806433374 26.366675164321006 31.408305431549664 109.33024026654255 375.1197483879386 400.0 -0.009849394751398854 1.4817294081526808 1.5268226327840722 0.022458667750073547 34.13832781303981 2.5516537834352153e-08 0.053441474758281 0.028535672710870645 0.02490577937802268 1.5965475798147974 0.031127776062171007 0.022313698696109996 0.036999486312547125 0.036999486312551136 1.529832468847597 2.663674386135817
1310.0 13.169875920446684 -5.9796360886669095 68.7401317494334 -486897.6013800068 2.5560124750357755e-05 33.03350032944341 26.38047083001925 31.494695411958705 108.90482464650135 374.67058924124296 400.0 -0.010010639511843854 1.4945317536984981 1.5388049174847083 0.022820978814106038 34.37416530184527 2.5497684095907082e-08 0.0539007020931253 0.0287957431941822 0.025104936221799146 1.6101048355647587 0.03143086305710213 0.022469839036023165 0.037317140893739484 0.03731714089374293 1.5155173260592052 2.666141609350214
1320.0 13.179999579253463 -5.9870192491923895 68.96186479060422 -486629.8791435632 2.5666973641707888e-05 33.132750405055894 26.394178918216923 31.582009302745004 108.47652676039608 374.2185759278392 400.0 -0.010173357725767664 1.5073488903833747 1.5507411023108906 0.023185954517199035 34.60773167978961 2.5478027989600405e-08 0.054360705001181946 0.029056439145498 0.025304243170730566 1.6236309529919368 0.03173492717701524 0.022625777824166707 0.03763537572012761 0.037635375720133014 1.501417863465578 2.6686172958442254
1330.0 13.190173592569693 -5.994434350816789 69.18230113118877 -486362.52870561345 2.5775303960032833e-05 33.23290182555233 26.407801195159728 31.67027013171032 108.04530606977866 373.76366984983 400.0 -0.010337553428856526 1.5201805995247544 1.5626316938420142 0.023553575514422 34.839029878798804 2.545760082096493e-08 0.054821479131341395 0.029317756464819406 0.02550369997370422 1.6371262259933896 0.03203996286888577 0.02278151626245562 0.03795419040969927 0.03795419040970262 1.487529125247154 2.671101578072024
1340.0 13.200398659073837 -6.0018813392309704 69.40146279551125 -486095.5542145455 2.5885153511455152e-05 33.33397891774646 26.42133950245185 31.759501597130683 107.61112112276736 373.30583129222657 400.0 -0.010503230691937603 1.5330266820802991 1.5744773206157745 0.023923822686527877 35.06806615184241 2.543643479995818e-08 0.055283020309134484 0.029579691174728116 0.025703306433667444 1.6505910804912294 0.032345964951273176 0.022937055357861304 0.03827358469089057 0.03827358469089612 1.4738463000622612 2.6735945930232274
1350.0 13.210675495099464 -6.009360163932014 69.61937140774884 -485828.9598452171 2.599656139160386e-05 33.43600686152037 26.434795758977323 31.849728128531712 107.17392941380308 372.84501939163846 400.0 -0.010670393625547251 1.5458869595694837 1.5862787329886592 0.024296677188049207 35.294850043932854 2.541456298534768e-08 0.05574532456155147 0.029842239438992307 0.025903062413840508 1.6640260753201288 0.0326529282394834 0.023092396322068054 0.03859355841630933 0.03859355841631375 1.4603647110666325 2.6760964862343206
1360.0 13.221004835240361 -6.016870778233517 69.83604820717429 -485562.7497992267 2.6109568003348654e-05 33.53901170283622 26.448171962631328 31.94097489992547 106.73368733231563 372.3811921024821 400.0 -0.010839046384791542 1.5587612749881876 1.5980368029107486 0.0246721204958948 35.51939436115282 2.5392019230313512e-08 0.05620838814214214 0.0301053975813563 0.026102967844026968 1.677431903023006 0.032960847895640584 0.02324754024650155 0.03891411157666823 0.03891411157667392 1.4470798163863943 2.6786074072573296
1370.0 13.231387432960544 -6.0244131392792815 70.0515140629323 -485296.9283052361 2.6224215114233e-05 33.64302039167193 26.461470191871683 32.033267868052285 106.29035017565124 371.91430616213466 400.0 -0.01100919317440547 1.5716494937142171 1.6097525236196517 0.025050134458157847 35.74171513790809 2.5368838129339527e-08 0.05667220755629851 0.030369162104484263 0.02630302272695279 1.6908093905587047 0.033269719251737155 0.023402488304561344 0.039235244314910746 0.03923524431491615 1.4339872031751741 2.681127510607964
1380.0 13.241824061253896 -6.031987208060962 70.26578948846372 -485031.4996192736 2.6340545963664217e-05 33.74806084699292 26.474692607107247 32.12663383772913 105.8438721509588 371.44431705370994 400.0 -0.011180838253998873 1.584551504409069 1.621427009263793 0.02543070134341929 35.961831602759844 2.5345054966424055e-08 0.05713677958688768 0.030633529709133262 0.026503227144726083 1.7041594999321439 0.0335795378842376 0.023557241702650094 0.03955695694060643 0.03955695694061086 1.421082576756243 2.683656961269249
1390.0 13.252315513328373 -6.039592949439522 70.4788946555448 -484766.46802507545 2.645860527663877e-05 33.85416195940485 26.48784145193352 32.22110046494422 105.3942062080594 370.97117896683454 400.0 -0.01135398594366454 1.5974672199144397 1.6330614944606299 0.025813803890395462 36.179766143036396 2.532070566467471e-08 0.05760210132015526 0.030898497313524214 0.0267035812653695 1.71748332875188 0.03389029973883595 0.023711801581319306 0.03987924994458567 0.03987924994458999 1.4083617663173134 2.6861959260351456
1400.0 13.262862603309852 -6.047043834481291 70.7410564036254 -484413.55374905013 2.6578439371380708e-05 33.961457540765174 26.501022931115838 32.3168002069709 104.94130414860963 370.27336356287367 400.0 -0.01152864062971381 1.6103965781436989 1.6446573337942703 0.026199425357977278 36.39554426843272 2.529582673730034e-08 0.058068170171884946 0.031164062072898686 0.02690408534942321 1.7307821107192347 0.034202000930580345 0.0238661692413046 0.040202124013794874 0.040202124013800467 1.39583326773174 2.6887333446285604
1410.0 13.273466167004457 -6.054396330896407 71.0370872288902 -483998.1477799141 2.670009623773639e-05 34.0699431870506 26.514204037466758 32.41372718578598 104.48511643941328 369.4168739984432 400.0 -0.011704806770804325 1.623339542973847 1.656216001264619 0.02658754957576221 36.609194573947114 2.527045524004801e-08 0.058534983913984005 0.03143022139936187 0.027104739756687247 1.7440572160618584 0.03451463808731581 0.024020345826668187 0.04052558004649059 0.04052558004649619 1.3834885516479019 2.691273204420612
1420.0 13.28412706267402 -6.061778706707143 71.3324695247015 -483580.6250295067 2.682362558513598e-05 34.17957866177389 26.527314900421437 32.51183957208563 104.02559225646483 368.55372000641626 400.0 -0.011882488904193186 1.636296105133917 1.6677390896882611 0.02697816099502559 36.82074870224899 2.524462872509244e-08 0.05900254070132735 0.031696972981915233 0.02730554495303299 1.7573101519111811 0.03482820800000721 0.02417433270132014 0.040849619167652375 0.04084961916765624 1.3713149706550478 2.6938235154233787
1430.0 13.2948461718585 -6.069190916232667 71.62722925712187 -483160.96341471176 2.694907895042346e-05 34.29039740567804 26.54035823293039 32.611169095615374 103.56267944252538 367.68378340905815 400.0 -0.012061691652383065 1.6492662830949485 1.6792283100626675 0.027371244740211492 37.030241305800374 2.5218385196417112e-08 0.05947083909901462 0.03196431480677358 0.02750650151734314 1.770542562636297 0.03514270805567768 0.02432813104333694 0.041174242744725864 0.04117424274472947 1.3593088199183285 2.696384460472585
1440.0 13.30562440023814 -6.076632917108834 71.9213923122655 -482739.140248908 2.707650979339508e-05 34.402434090745096 26.55333683103612 32.711748599847226 103.09632443661972 366.80694255472997 400.0 -0.012242419730029161 1.6622501239619758 1.6906854908978737 0.027766786660954033 37.23771000891441 2.5191763066680126e-08 0.059939878110032346 0.03223224517796649 0.027707610148572474 1.7837562301386394 0.035458135846294175 0.02448174226373817 0.04149945240369229 0.04149945240369541 1.347466490705612 2.6989562310888804
1450.0 13.316462678542957 -6.084104670307852 72.21498451577817 -482315.13221961784 2.72059735795225e-05 34.51572466209586 26.56625357462006 32.81361208457216 102.62647212604999 365.92307217959376 400.0 -0.012424677951104097 1.6752477043702607 1.7021125775236956 0.02816477338474377 37.443195369987215 2.5164801115589888e-08 0.06040965720337224 0.03250076273825047 0.027908871672954045 1.796953074116263 0.03577448961817594 0.024635167585196304 0.04182525004548595 0.041825250045490474 1.3357844710203284 2.701539023907619
1460.0 13.327361963496685 -6.091606140161483 72.50803165235146 -481888.91536527884 2.7337527880751056e-05 34.63030640829025 26.579111428061935 32.91679477691297 102.15306593663571 365.0320432637655 400.0 -0.012608471236437404 1.6882591313858644 1.7135116313772758 0.028565192370187103 37.646740844073584 2.5137538449795335e-08 0.060880176342582255 0.03276986649033099 0.028110287051328096 1.8101351523029554 0.0360917678919506 0.024788408450631662 0.04215163786275755 0.042151637862762 1.3242593381822076 2.704133044665862
1470.0 13.338323238817816 -6.099137294387641 72.80055948551471 -481460.4650507632 2.7471232485859413e-05 34.7462180255385 26.59191344082434 33.021333196259064 101.67604776041554 364.13372287871977 400.0 -0.01279380462157171 1.7012845434146 1.724884829279433 0.028968031961039052 37.84839274606237 2.511001446428989e-08 0.06135143601486686 0.03303955581845726 0.028311857386647626 1.8233046606919396 0.03640996988225046 0.024941466132616406 0.04247861835704592 0.04247861835704981 1.3128877557146104 2.706738508421937
1480.0 13.34934751626236 -6.10669810412073 73.09259377756277 -481029.75594187016 2.7607149503322897e-05 34.86349966454391 26.604662747969748 33.12726520183944 101.19535772455015 363.2279740275409 400.0 -0.012980683264905184 1.7143241111193694 1.7362344627044657 0.02937328144096492 38.04820021461048 2.5082268805330543e-08 0.061823437260708165 0.03330983051038655 0.028513583931635157 1.8364639337495088 0.03672909512846812 0.025094342132240047 0.04280619435635076 0.04280619435635428 1.301666476106722 2.70935563421869
1490.0 13.360435836726792 -6.114288543945611 73.38416030981932 -480596.7619784728 2.774534350147362e-05 34.98219303214325 26.617362570623396 33.23463009509073 100.71093436937939 362.31465547586953 400.0 -0.01316911245624453 1.7273780383497652 1.7475629370525196 0.029780931089178474 38.24621517708124 2.505434133488038e-08 0.062296181704117076 0.03358069077978283 0.028715468096635246 1.849615444629243 0.037049143922363276 0.025247037781753804 0.04313436903317168 0.043134369033174545 1.2905923290943475 2.7119846536926504
1500.0 13.371589271407474 -6.121908591935568 73.67528490321163 -480161.45634636737 2.7885881611533056e-05 35.10234143496977 26.6300162163888 33.34346866404093 100.22271437573085 361.39362157412603 400.0 -0.013359097625741015 1.7404465630853356 1.7588727709288448 0.030190972237019515 38.44249231565709 2.5026272096547882e-08 0.0627696715835359 0.03385213728906798 0.028917511457665995 1.8627618053923172 0.03737011694433279 0.025399554639203112 0.04346314592302523 0.04346314592302906 1.2796622270659361 2.71462580340782
1510.0 13.382808923014982 -6.129558229694272 73.96599343915238 -479723.81144781096 2.8028833695166125e-05 35.223989890319025 26.642627079727045 33.453823294880785 99.73063264289955 360.4647220702933 400.0 -0.013550644353162444 1.7535299583944348 1.7701665954382444 0.03060339732551515 38.637089034828456 2.4998101283046888e-08 0.06324390978342877 0.03412417117275758 0.029119715764673447 1.8759057672436912 0.037692015680443794 0.025551894102984963 0.04379252894346951 0.04379252894347112 1.2688731550544545 2.7172793321896203
1520.0 13.394095927067264 -6.137237442401939 74.25631188098384 -479283.798870355 2.817427245136977e-05 35.34718517778386 26.65519864231065 33.5657380242819 99.23462209231305 359.52780191116005 400.0 -0.013743758377650715 1.766628533413462 1.7814471535019605 0.031018199964144486 38.830065430496134 2.496986920514191e-08 0.0637188998667014 0.03439679406136229 0.029322082950050232 1.8890502207935018 0.03801484221555217 0.02570405765114923 0.04412252241371431 0.044122522413715545 1.2582221752143499 2.719945494428146
1530.0 13.405451453223659 -6.144946218866055 74.54626629561082 -478841.38935454504 2.8322273588421985e-05 35.47197594748074 26.667734473356592 33.67925864828017 98.73461367742719 358.5827010349615 400.0 -0.013938445607819901 1.7797426343443623 1.792717299200573 0.0314353749906912 39.02148426078344 2.49416162620907e-08 0.06419464610784203 0.03467000810581349 0.029524615137350635 1.9021981963482417 0.03833859956893844 0.025856046538903596 0.04445313107476368 0.04445313107476462 1.2477064200368801 2.722624554512796
1540.0 13.41687670672609 -6.152684551576502 74.83588287600617 -478396.5527594026 2.847291600020258e-05 35.59841281881038 26.680238229956945 33.794432821653686 98.23053624517992 357.629254149379 400.0 -0.01413471213243073 1.792872645480645 1.803979997156698 0.031854918532562365 39.21141091892343 2.491338291356464e-08 0.06467115352711528 0.034943816002602615 0.02972731465034526 1.9153528642489244 0.03866329123683675 0.026007862290278523 0.0447843601102924 0.044784360110291216 1.237323090287473 2.7253167867821007
1550.0 13.428372929889797 -6.160452436765639 75.12518796401615 -477949.2580265711 2.8626281915430443e-05 35.72654847065557 26.692713657407175 33.91131014869819 97.72231649352537 356.66729049909634 400.0 -0.014332564231418826 1.8060189902574755 1.81523832195738 0.032276828069500316 39.39991340825322 2.4885209653037635e-08 0.06514842792561773 0.035218221019536936 0.02993018402232083 1.9285175352569608 0.03898892165712186 0.026159506268495877 0.04511621516812895 0.045116215168129144 1.2270694538839388 2.72802247458411
1560.0 13.439941403696551 -6.168249874473441 75.41420807401292 -477499.47314225807 2.878245710639188e-05 35.856437759447104 26.705164589549767 34.029942301816995 97.20987882814497 355.6966336187477 400.0 -0.014532008387542417 1.8191821323351942 1.826495457630116 0.03270110249788168 39.58706231966029 2.48571369826387e-08 0.06562647592149208 0.035493227022302856 0.030133226005730852 1.941695661005285 0.039315495841087934 0.026310980080404143 0.04544870238255856 0.04544870238255643 1.2169428429265352 2.7307419112965743
1570.0 13.45158344946302 -6.176076868617935 75.70296991712802 -477047.16509736015 2.894153106742184e-05 35.988137824461305 26.717594949137236 34.150383127285906 96.69314528995551 354.7171010721428 400.0 -0.014733051298470502 1.8323625767154363 1.8377546971754 0.033127742196814004 39.77293081159248 2.4829205389449906e-08 0.06610530498723448 0.035768838501792584 0.030336443582176596 1.9548908345194285 0.039643019821313574 0.026462285165920908 0.04578182839736424 0.04578182839736117 1.2069406527676396 2.7334753993388623
1580.0 13.463300430612174 -6.183933427071275 75.9915004263609 -476592.29984529165 2.910359724815448e-05 36.121708228978086 26.730008748229025 34.272688786810264 96.17203549501416 353.7285041757687 400.0 -0.014935699889546015 1.8455608708968136 1.849019442167825 0.033556749096065146 39.9575945929257 2.4801455323251007e-08 0.06658492348830392 0.036045060602349285 0.030539839972771047 1.96810679082408 0.03997150029049818 0.026613423197805727 0.04611560038978357 0.0461156003897798 1.1970603369060948 2.7362232536447633
1590.0 13.475093754544933 -6.191819561741731 76.27982678254399 -476134.8422575189 2.9268753272726213e-05 36.25721107819256 26.742410088630255 34.39691787576055 95.64646642669697 352.7306477053824 400.0 -0.015139961327092215 1.8587776060727628 1.8602932024320127 0.033988126746114324 40.14113190887595 2.4773927175691727e-08 0.06706534072308745 0.036321899150959576 0.03074341864891179 1.9813474076441973 0.04030094506392108 0.026764395659166357 0.04645002609538229 0.04645002609537882 1.1872994084358859 2.738985798375265
1600.0 13.486964874618455 -6.19973528866192 76.56797644124026 -475674.75607664505 2.9437101174424808e-05 36.39471116002569 26.754803162383446 34.523131564222936 95.11635237280787 351.7233295856292 400.0 -0.015345843032309058 1.8720134183760873 1.8715795958027632 0.03442188039042992 40.32362353019896 2.4746661260889514e-08 0.06754656696434003 0.03659936068748634 0.03094718334348795 1.9946167062134823 0.04063136266591008 0.026915204298429952 0.04678511383393753 0.04678511383393292 1.1776554374902006 2.74176336785309
1610.0 13.498915292239667 -6.207680628083704 76.85597716067062 -475212.00386686675 2.9608747680227174e-05 36.53427611457554 26.767192252324033 34.65139376659698 94.58160482532872 350.7063405602424 400.0 -0.01555335269600926 1.8852689901748612 1.882882347978557 0.03485801704026478 40.50515274592203 2.4719697797444623e-08 0.06802861350222164 0.03687745249601958 0.031151138062566523 2.0079188522029514 0.04096276286758828 0.027065850634633373 0.04712087253639089 0.04712087253640164 1.1681260467760703 2.7445563097075736
1620.0 13.510946559093089 -6.215655604580074 77.14385703087557 -474746.5469614294 2.978380447101581e-05 36.675976582482505 26.779581732713286 34.781771290002474 94.04213233277578 349.67946384120415 400.0 -0.01576249829392771 1.8985450514266404 1.8942052924800306 0.03529654555198773 40.685805359904215 2.4693076891867906e-08 0.06851149268913236 0.03715618263750638 0.03135528709759737 2.021258156785506 0.04129515641151462 0.027216336277617725 0.04745731177305062 0.04745731177307584 1.158708912035525 2.747364982829635
1630.0 13.523060279487089 -6.2236602471544815 77.43164450395983 -474278.34540728695 2.9962388496821487e-05 36.819886382624894 26.791976069955677 34.91433401190505 93.49784029979259 348.6424747369463 400.0 -0.015973288102902553 1.9118423810925065 1.9055523707198463 0.03573747670753046 40.86566969141664 2.466683852341782e-08 0.0689952179863511 0.037435559983635514 0.03155963503816754 2.0346390778463737 0.04162855523718919 0.027366662749161906 0.04779444178295457 0.04779444178299577 1.1494017607750469 2.7501897572018956
1640.0 13.535258112863092 -6.231694589358153 77.7193684258832 -473807.3579061799 3.014462229120116e-05 36.966082709850106 26.80437982341965 35.04915507764992 92.94863098999856 347.5951402555424 400.0 -0.016185730717852516 1.925161808622192 1.916927632200183 0.03618082329788736 41.04483658014567 2.4641022530346336e-08 0.06947980401282647 0.03771559425224819 0.03176418678538117 2.0480662213612737 0.04196297207953024 0.02751683193329622 0.04813227350471268 0.048132273504766475 1.1402023674488522 2.7530310177652275
1650.0 13.547541776439454 -6.239758669415813 78.00705806952064 -473333.541752525 3.033063433594154e-05 37.11464632771512 26.81679764636813 35.18631109287098 92.39440317670197 346.53721868369934 400.0 -0.016399835069671475 1.9385042155111087 1.928335234844149 0.03662660021011254 41.22339939580853 2.461566859755733e-08 0.06996526659609367 0.03799629604425123 0.031968947565863326 2.0615443429523754 0.042298421081309726 0.027666845514783933 0.04847081860874594 0.048470818608812485 1.1311085556527625 2.7558891606129508
1660.0 13.559913048047301 -6.247852530360385 78.29474316958455 -472856.85276709386 3.0520559419520655e-05 37.26566179290183 26.82923428701993 35.32588234742236 91.83505214264284 345.4684591361774 400.0 -0.016615610444008815 1.9518705369425906 1.9397794454794697 0.03707482451809678 41.40145405284834 2.4590816245677316e-08 0.07045162282573317 0.03827767688231802 0.032173922946517726 2.075078349647056 0.042634917340152845 0.027816705485580295 0.04881008953123139 0.04881008953131119 1.1221181936045157 2.75876459670873
1670.0 13.57237376911662 -6.255976220177415 78.58245395899759 -472377.24522711424 3.071453906368589e-05 37.41921769555923 26.841694589748972 35.467953055077494 91.27046941612711 344.38860107757785 400.0 -0.016833066501167324 1.965261763516275 1.9512646404817455 0.037525515576950504 41.579099030409836 2.456650482155218e-08 0.07093889110934234 0.03855974925142541 0.032379118849961384 2.088673301851048 0.04297247745646976 0.027966413652872578 0.04915009950979432 0.04915009950968148 1.113229193229939 2.761657751703151
1680.0 13.584925847892253 -6.264129791959713 78.87022120753129 -471894.67179136694 3.091272194026447e-05 37.57540689662865 26.854183496443735 35.61261159003213 90.70054256353617 343.2973738094122 400.0 -0.017052213297027406 1.9786789430750882 1.9627953065965176 0.037978695124164595 41.756435398151446 2.4542773490194084e-08 0.07142709123138602 0.0388425266411761 0.03258454157105281 2.1023344155628703 0.043311119144456525 0.028115972086929484 0.04949086262065457 0.049490862620549136 1.1044395108544272 2.7645690639228246
1690.0 13.597571262817272 -6.2723133040730135 79.15807626209934 -471409.08342123136 3.111526435927944e-05 37.73432682900918 26.86670604803949 35.75995078705546 90.12515512929419 342.1944959251515 400.0 -0.017273061305154255 1.9921231826408654 1.9743760419537193 0.03843438738111761 41.933566848130496 2.4519661228148197e-08 0.07191624441523724 0.03912602359086237 0.03279019779386909 2.1160670648487288 0.04365086168447118 0.02826538273076606 0.0498323938187795 0.04983239381868101 1.09574714089711 2.7674989905205094
1700.0 13.610312066193401 -6.2805268203336135 79.44605108981554 -470920.4292957699 3.1322330801804944e-05 37.89607978031085 26.879267386245616 35.910068223017795 89.5441861766284 341.0796747232846 400.0 -0.01749562144028175 2.0055956504656853 1.9860115572930523 0.038892619164411835 42.11059973342651 2.449720681836893e-08 0.07240637338854586 0.039410255736400265 0.03299609461014025 2.129876784605092 0.043991725641326265 0.028414647747219607 0.05017470897933195 0.050174708979241735 1.087150119352737 2.7704480024073446
1710.0 13.623150388043245 -6.288770410198573 79.73417832307713 -470428.6567219761 3.153409442466162e-05 38.06077321525977 26.891872755480392 36.06306653784558 88.95751035743523 339.95260558283576 400.0 -0.01771990508295348 2.0190975782082847 1.9977066774141918 0.03935342000066984 42.28764311376054 2.4475448846584125e-08 0.07289750245221191 0.03969523986007137 0.033202239538480754 2.1437692736291014 0.044333733226369326 0.028563769225842573 0.05051782494193279 0.05051782494184834 1.0786465184294174 2.773416589531116
1720.0 13.636088440263384 -6.297044148969738 80.0224913075859 -469933.7110386003 3.17507377023799e-05 38.228520114770895 26.904527505041447 36.219053771893996 88.36499735896905 338.81297129281626 400.0 -0.017945924105872577 2.032630263252002 2.0094663428768977 0.039816822248180415 42.4648088088349 2.4454425699192675e-08 0.07338965755344533 0.03998099394309741 0.033408640544874836 2.1577503980322166 0.04467690811182008 0.028712749441625256 0.05086175955751067 0.05086175955743131 1.070234450216383 2.776405255588493
1730.0 13.649128521056564 -6.305348118012469 80.31102415320292 -469435.535513609 3.197245307993169e-05 38.39943939564066 26.91723709153054 36.378143783671014 87.76651197439502 337.660441332204 400.0 -0.018173690901697792 2.0461950711733246 2.021295611969643 0.04028286122535811 42.642211459886155 2.4434175562742364e-08 0.07388286636313847 0.04026753722128229 0.033615306064406714 2.171826195024251 0.045021275695498714 0.02886159066763974 0.05120653173798207 0.051206531737907415 1.0619120568374698 2.779414528950562
1740.0 13.662273019694195 -6.31368240499036 80.59981178817155 -468934.0712342768 3.219944369493684e-05 38.57365628828815 26.930007081561016 36.54045662531477 87.16191348796517 336.49467109747206 400.0 -0.018403218412615767 2.0597934383787435 2.0331996629733777 0.04075157534678552 42.81996860017914 2.44147364250294e-08 0.07437715835807096 0.04055489024407037 0.033822245024407414 2.1860028771056523 0.04536686301367304 0.029010295344397904 0.05155216150909099 0.05155216150902113 1.0536775171246275 2.7824449539228793
1750.0 13.675524421603967 -6.322047104117217 80.88889001667141 -468429.256989859 3.243192410582109e-05 38.75130278021785 26.942843154769886 36.706118983475804 86.55105559844957 335.3153010721237 400.0 -0.0186345201618397 2.0734268749208606 2.045183796742042 0.04122300626740544 42.998200735049465 2.4396146077876288e-08 0.07487256490822072 0.04084307493723788 0.034029466869074126 2.2002868366999255 0.045713698966152586 0.029158865942068134 0.051898670066581096 0.05189867006651429 1.04552904279446 2.785497094580227
1760.0 13.6888853138305 -6.3304423164276145 81.17829558020719 -467921.02914585586 3.26701211924651e-05 38.932518141973894 26.955751107166815 36.87526470234329 85.93378606720535 334.12195593392624 400.0 -0.018867610287006266 2.0870969675132542 2.057253439630608 0.04169719903570658 43.177031432334275 2.4378442121653724e-08 0.07536911936974375 0.041132114669605604 0.03423698158573745 2.2146846512699807 0.0460618143079989 0.02930730506174488 0.052246079836062054 0.052246079835997564 1.0374648739504453 2.7885715396930317
1770.0 13.702358390921193 -6.3388681500678485 81.46806622337981 -467409.32150880416 3.2914275042029825e-05 39.11744942623052 26.968736854855774 37.04803527942544 85.30994631029921 332.9142435908626 400.0 -0.019102503575976558 2.100805382765821 2.069414146805083 0.04217420225678034 43.35658742412811 2.4361661971626373e-08 0.07586685718425176 0.041422034324213444 0.03444479973296445 2.2292030889672505 0.04641124190538395 0.02945561527886781 0.052594414536986524 0.05259441453692552 1.0294832819702893 2.791668898634377
1780.0 13.71594646123014 -6.347324720608772 81.7582407639866 -466894.06518152746 3.316463999360911e-05 39.30625207554726 26.981806438157413 37.224580469585035 84.67937101462687 331.6917541436055 400.0 -0.019339215504898193 2.114553870654928 2.081671605962233 0.0426540682660504 43.53699872066896 2.434584286620386e-08 0.07636581598474418 0.0417128603742354 0.03465293247057554 2.243849114854819 0.046762016654775446 0.029603799329968712 0.05294369925095345 0.052943699250894885 1.021582566054528 2.7947898051684392
1790.0 13.729652453746114 -6.355812151382732 82.04885916854867 -466375.1884067925 3.342148572233179e-05 39.49909056741304 26.994966026182787 37.40505892590574 84.04188788324811 330.45405876230467 400.0 -0.019577762278917357 2.1283442682610367 2.094031641507304 0.04313685331494966 43.718398737654404 2.4331021877208478e-08 0.07686603570917794 0.04200462096429558 0.03486139159189847 2.2586298977718657 0.047114175709453025 0.02975185999972492 0.05329396049498283 0.053293960494924277 1.0137610495720328 2.7979349217391283
1800.0 13.743479425398272 -6.364330573846383 82.33996263281635 -465852.61639996903 3.368509837311234e-05 39.69613902077417 27.008221921885518 37.589638801556426 83.3973169609823 329.2007084756607 400.0 -0.01981816087583089 2.142178503785652 2.1065002192177427 0.043622617769371125 43.900924437838725 2.431723592226116e-08 0.07736755872191442 0.04229734599741122 0.03507018955827197 2.273552817882354 0.04746775851479135 0.02989980020712306 0.05364522629989552 0.053645226299838394 1.0060170900119079 2.8011049263816306
1810.0 13.75743056901269 -6.372880127972302 82.63159366903729 -465326.2711673983 3.3955782304384646e-05 39.89758231617999 27.021580567662863 37.77849886472054 82.74547043995702 327.93123285447973 400.0 -0.020060429092823313 2.1560586008946108 2.119083451459455 0.044111426322547 44.08471648868627 2.4304521779440388e-08 0.0778704299444915 0.04259106722852711 0.03527933953628365 2.2886254749996016 0.047822806952311336 0.030047622992180157 0.053997526294770976 0.05399752629471391 0.9983490441175943 2.804300557567705
1820.0 13.77150922185248 -6.381460962671503 82.92379619932937 -464796.0713113955 3.4233860030574117e-05 40.10361576128491 27.035048551536526 37.97182815829686 82.0861519727252 326.6451385898228 400.0 -0.020304585596645393 2.1699866834004173 2.131787602988045 0.04460334822344409 44.26991943709461 2.4292916104344114e-08 0.07837469699595026 0.04288581836486797 0.03548885543774401 2.303855697736978 0.048179365524777175 0.030195331471173082 0.05435089179757941 0.0543508917975231 0.9907553675275903 2.8075224840393336
1830.0 13.785718874907692 -6.39007323625029 83.21661565687853 -464261.93181864475 3.451967938031368e-05 40.314450249806235 27.04863261399208 38.16983115239578 81.41915610828372 325.3419079439411 400.0 -0.020550649977556883 2.1839649803349483 2.1446190974104593 0.04509845752253219 44.456681903232905 2.4282455449750167e-08 0.07888041034426797 0.04318163517416452 0.03569875196289364 2.3192515535894573 0.048537481369501374 0.03034292897476662 0.054705355913034354 0.05470535591297893 0.9832342687662248 2.81077176082122
1840.0 13.800063182949424 -6.398717116904586 83.51009909513893 -463723.76383141225 3.481359482628278e-05 40.530297607294955 27.06233965553318 38.372713082931824 80.74426788936167 324.0209970689558 400.0 -0.02079864280747833 2.1979958314433303 2.1575845243631298 0.045596833336566056 44.645156795134184 2.4273176288062672e-08 0.07938762346970674 0.04347855560135603 0.03590904464704899 2.334821360028004 0.048897204605524956 0.030490418864181783 0.05506095363815958 0.05506095363810276 0.9757849555245309 2.8140481716643957
1850.0 13.814545975433337 -6.407392783255325 83.80429530593851 -463181.47439969506 3.511604542955019e-05 40.75143045775206 27.076176745026164 38.580739810271396 80.06126202279165 322.6818341754423 400.0 -0.021048585702647546 2.212081693144116 2.1706906474806593 0.046098560134385125 44.83550154614133 2.4265115036771543e-08 0.07989639304135443 0.043776619894677016 0.03611974991105691 2.350573696712404 0.049258588275889185 0.03063780476546523 0.05541772197639523 0.05541772197633775 0.968403059763848 2.817356368336899
1860.0 13.829171268394902 -6.416100424929625 84.09925494797639 -462634.96621137194 3.542727402553482e-05 40.97796316060144 27.09015112892957 38.79401874735438 79.36990225360216 321.3238175311194 400.0 -0.02130050139133874 2.226225145014221 2.1839444132470622 0.046603728046117544 45.02787837777967 2.4258308087201364e-08 0.08040677910856181 0.044075870742316024 0.03633088511607276 2.36651741895225 0.04962168873721065 0.03078509037135117 0.05577570006136531 0.055775700061305326 0.961097412217361 2.820683161715167
