#T volume alpha alpha_xx alpha_yy alpha_zz alpha_yz alpha_zy alpha_xz alpha_zx alpha_xy alpha_yx
0.0  12.218970   0.0000e+00   7.3758e-08   7.3758e-08   7.3758e-08   0.0000e+00   0.0000e+00   0.0000e+00   0.0000e+00   0.0000e+00   0.0000e+00
10.0  12.218975   4.7921e-08   4.7922e-08   4.7922e-08   4.7922e-08   0.0000e+00   0.0000e+00   0.0000e+00   0.0000e+00   0.0000e+00   0.0000e+00
20.0  12.219073   5.7840e-07   5.7840e-07   5.7840e-07   5.7840e-07   0.0000e+00   0.0000e+00   0.0000e+00   0.0000e+00   0.0000e+00   0.0000e+00
30.0  12.219462   1.6235e-06   1.6235e-06   1.6235e-06   1.6235e-06   0.0000e+00   0.0000e+00   0.0000e+00   0.0000e+00   0.0000e+00   0.0000e+00
40.0  12.220299   2.9610e-06   2.9610e-06   2.9610e-06   2.9610e-06   0.0000e+00   0.0000e+00   0.0000e+00   0.0000e+00   0.0000e+00   0.0000e+00
50.0  12.221638   4.3352e-06   4.3352e-06   4.3352e-06   4.3352e-06   0.0000e+00   0.0000e+00   0.0000e+00   0.0000e+00   0.0000e+00   0.0000e+00
60.0  12.223470   5.6445e-06   5.6445e-06   5.6445e-06   5.6445e-06   0.0000e+00   0.0000e+00   0.0000e+00   0.0000e+00   0.0000e+00   0.0000e+00
70.0  12.225766   6.8566e-06   6.8566e-06   6.8566e-06   6.8566e-06   0.0000e+00   0.0000e+00   0.0000e+00   0.0000e+00   0.0000e+00   0.0000e+00
80.0  12.228487   7.9650e-06   7.9650e-06   7.9650e-06   7.9650e-06   0.0000e+00   0.0000e+00   0.0000e+00   0.0000e+00   0.0000e+00   0.0000e+00
90.0  12.231597   8.9701e-06   8.9701e-06   8.9701e-06   8.9701e-06   0.0000e+00   0.0000e+00   0.0000e+00   0.0000e+00   0.0000e+00   0.0000e+00
100.0  12.235058   9.8760e-06   9.8760e-06   9.8760e-06   9.8760e-06   0.0000e+00   0.0000e+00   0.0000e+00   0.0000e+00   0.0000e+00   0.0000e+00
110.0  12.238836   1.0689e-05   1.0689e-05   1.0689e-05   1.0689e-05   0.0000e+00   0.0000e+00   0.0000e+00   0.0000e+00   0.0000e+00   0.0000e+00
120.0  12.242897   1.1415e-05   1.1415e-05   1.1415e-05   1.1415e-05   0.0000e+00   0.0000e+00   0.0000e+00   0.0000e+00   0.0000e+00   0.0000e+00
130.0  12.247212   1.2064e-05   1.2064e-05   1.2064e-05   1.2064e-05   0.0000e+00   0.0000e+00   0.0000e+00   0.0000e+00   0.0000e+00   0.0000e+00
140.0  12.251753   1.2643e-05   1.2643e-05   1.2643e-05   1.2643e-05   0.0000e+00   0.0000e+00   0.0000e+00   0.0000e+00   0.0000e+00   0.0000e+00
150.0  12.256498   1.3161e-05   1.3161e-05   1.3161e-05   1.3161e-05   0.0000e+00   0.0000e+00   0.0000e+00   0.0000e+00   0.0000e+00   0.0000e+00
160.0  12.261425   1.3625e-05   1.3625e-05   1.3625e-05   1.3625e-05   0.0000e+00   0.0000e+00   0.0000e+00   0.0000e+00   0.0000e+00   0.0000e+00
170.0  12.266516   1.4041e-05   1.4042e-05   1.4042e-05   1.4042e-05   0.0000e+00   0.0000e+00   0.0000e+00   0.0000e+00   0.0000e+00   0.0000e+00
180.0  12.271755   1.4417e-05   1.4417e-05   1.4417e-05   1.4417e-05   0.0000e+00   0.0000e+00   0.0000e+00   0.0000e+00   0.0000e+00   0.0000e+00
190.0  12.277127   1.4756e-05   1.4756e-05   1.4756e-05   1.4756e-05   0.0000e+00   0.0000e+00   0.0000e+00   0.0000e+00   0.0000e+00   0.0000e+00
200.0  12.282620   1.5063e-05   1.5063e-05   1.5063e-05   1.5063e-05   0.0000e+00   0.0000e+00   0.0000e+00   0.0000e+00   0.0000e+00   0.0000e+00
210.0  12.288225   1.5343e-05   1.5343e-05   1.5343e-05   1.5343e-05   0.0000e+00   0.0000e+00   0.0000e+00   0.0000e+00   0.0000e+00   0.0000e+00
220.0  12.293930   1.5600e-05   1.5600e-05   1.5600e-05   1.5600e-05   0.0000e+00   0.0000e+00   0.0000e+00   0.0000e+00   0.0000e+00   0.0000e+00
230.0  12.299729   1.5835e-05   1.5835e-05   1.5835e-05   1.5835e-05   0.0000e+00   0.0000e+00   0.0000e+00   0.0000e+00   0.0000e+00   0.0000e+00
240.0  12.305614   1.6052e-05   1.6052e-05   1.6052e-05   1.6052e-05   0.0000e+00   0.0000e+00   0.0000e+00   0.0000e+00   0.0000e+00   0.0000e+00
250.0  12.311579   1.6253e-05   1.6253e-05   1.6253e-05   1.6253e-05   0.0000e+00   0.0000e+00   0.0000e+00   0.0000e+00   0.0000e+00   0.0000e+00
260.0  12.317619   1.6440e-05   1.6440e-05   1.6440e-05   1.6440e-05   0.0000e+00   0.0000e+00   0.0000e+00   0.0000e+00   0.0000e+00   0.0000e+00
270.0  12.323728   1.6615e-05   1.6615e-05   1.6615e-05   1.6615e-05   0.0000e+00   0.0000e+00   0.0000e+00   0.0000e+00   0.0000e+00   0.0000e+00
280.0  12.329903   1.6779e-05   1.6779e-05   1.6779e-05   1.6779e-05   0.0000e+00   0.0000e+00   0.0000e+00   0.0000e+00   0.0000e+00   0.0000e+00
290.0  12.336140   1.6933e-05   1.6933e-05   1.6933e-05   1.6933e-05   0.0000e+00   0.0000e+00   0.0000e+00   0.0000e+00   0.0000e+00   0.0000e+00
300.0  12.342435   1.7078e-05   1.7078e-05   1.7078e-05   1.7078e-05   0.0000e+00   0.0000e+00   0.0000e+00   0.0000e+00   0.0000e+00   0.0000e+00
310.0  12.348786   1.7216e-05   1.7216e-05   1.7216e-05   1.7216e-05   0.0000e+00   0.0000e+00   0.0000e+00   0.0000e+00   0.0000e+00   0.0000e+00
320.0  12.355190   1.7347e-05   1.7347e-05   1.7347e-05   1.7347e-05   0.0000e+00   0.0000e+00   0.0000e+00   0.0000e+00   0.0000e+00   0.0000e+00
330.0  12.361644   1.7472e-05   1.7472e-05   1.7472e-05   1.7472e-05   0.0000e+00   0.0000e+00   0.0000e+00   0.0000e+00   0.0000e+00   0.0000e+00
340.0  12.368148   1.7592e-05   1.7592e-05   1.7592e-05   1.7592e-05   0.0000e+00   0.0000e+00   0.0000e+00   0.0000e+00   0.0000e+00   0.0000e+00
350.0  12.374698   1.7707e-05   1.7706e-05   1.7706e-05   1.7706e-05   0.0000e+00   0.0000e+00   0.0000e+00   0.0000e+00   0.0000e+00   0.0000e+00
360.0  12.381294   1.7817e-05   1.7817e-05   1.7817e-05   1.7817e-05   0.0000e+00   0.0000e+00   0.0000e+00   0.0000e+00   0.0000e+00   0.0000e+00
370.0  12.387934   1.7924e-05   1.7924e-05   1.7924e-05   1.7924e-05   0.0000e+00   0.0000e+00   0.0000e+00   0.0000e+00   0.0000e+00   0.0000e+00
380.0  12.394616   1.8028e-05   1.8028e-05   1.8028e-05   1.8028e-05   0.0000e+00   0.0000e+00   0.0000e+00   0.0000e+00   0.0000e+00   0.0000e+00
390.0  12.401340   1.8128e-05   1.8128e-05   1.8128e-05   1.8128e-05   0.0000e+00   0.0000e+00   0.0000e+00   0.0000e+00   0.0000e+00   0.0000e+00
400.0  12.408105   1.8226e-05   1.8226e-05   1.8226e-05   1.8226e-05   0.0000e+00   0.0000e+00   0.0000e+00   0.0000e+00   0.0000e+00   0.0000e+00
410.0  12.414909   1.8322e-05   1.8322e-05   1.8322e-05   1.8322e-05   0.0000e+00   0.0000e+00   0.0000e+00   0.0000e+00   0.0000e+00   0.0000e+00
420.0  12.421752   1.8415e-05   1.8415e-05   1.8415e-05   1.8415e-05   0.0000e+00   0.0000e+00   0.0000e+00   0.0000e+00   0.0000e+00   0.0000e+00
430.0  12.428634   1.8506e-05   1.8506e-05   1.8506e-05   1.8506e-05   0.0000e+00   0.0000e+00   0.0000e+00   0.0000e+00   0.0000e+00   0.0000e+00
440.0  12.435553   1.8596e-05   1.8596e-05   1.8596e-05   1.8596e-05   0.0000e+00   0.0000e+00   0.0000e+00   0.0000e+00   0.0000e+00   0.0000e+00
450.0  12.442509   1.8684e-05   1.8684e-05   1.8684e-05   1.8684e-05   0.0000e+00   0.0000e+00   0.0000e+00   0.0000e+00   0.0000e+00   0.0000e+00
460.0  12.449501   1.8771e-05   1.8771e-05   1.8771e-05   1.8771e-05   0.0000e+00   0.0000e+00   0.0000e+00   0.0000e+00   0.0000e+00   0.0000e+00
470.0  12.456530   1.8857e-05   1.8857e-05   1.8857e-05   1.8857e-05   0.0000e+00   0.0000e+00   0.0000e+00   0.0000e+00   0.0000e+00   0.0000e+00
480.0  12.463595   1.8942e-05   1.8942e-05   1.8942e-05   1.8942e-05   0.0000e+00   0.0000e+00   0.0000e+00   0.0000e+00   0.0000e+00   0.0000e+00
490.0  12.470695   1.9026e-05   1.9026e-05   1.9026e-05   1.9026e-05   0.0000e+00   0.0000e+00   0.0000e+00   0.0000e+00   0.0000e+00   0.0000e+00
500.0  12.477830   1.9109e-05   1.9109e-05   1.9109e-05   1.9109e-05   0.0000e+00   0.0000e+00   0.0000e+00   0.0000e+00   0.0000e+00   0.0000e+00
510.0  12.485001   1.9191e-05   1.9191e-05   1.9191e-05   1.9191e-05   0.0000e+00   0.0000e+00   0.0000e+00   0.0000e+00   0.0000e+00   0.0000e+00
520.0  12.492206   1.9273e-05   1.9273e-05   1.9273e-05   1.9273e-05   0.0000e+00   0.0000e+00   0.0000e+00   0.0000e+00   0.0000e+00   0.0000e+00
530.0  12.499447   1.9355e-05   1.9355e-05   1.9355e-05   1.9355e-05   0.0000e+00   0.0000e+00   0.0000e+00   0.0000e+00   0.0000e+00   0.0000e+00
540.0  12.506722   1.9436e-05   1.9436e-05   1.9436e-05   1.9436e-05   0.0000e+00   0.0000e+00   0.0000e+00   0.0000e+00   0.0000e+00   0.0000e+00
550.0  12.514031   1.9517e-05   1.9517e-05   1.9517e-05   1.9517e-05   0.0000e+00   0.0000e+00   0.0000e+00   0.0000e+00   0.0000e+00   0.0000e+00
560.0  12.521375   1.9597e-05   1.9597e-05   1.9597e-05   1.9597e-05   0.0000e+00   0.0000e+00   0.0000e+00   0.0000e+00   0.0000e+00   0.0000e+00
570.0  12.528754   1.9678e-05   1.9678e-05   1.9678e-05   1.9678e-05   0.0000e+00   0.0000e+00   0.0000e+00   0.0000e+00   0.0000e+00   0.0000e+00
580.0  12.536168   1.9758e-05   1.9758e-05   1.9758e-05   1.9758e-05   0.0000e+00   0.0000e+00   0.0000e+00   0.0000e+00   0.0000e+00   0.0000e+00
590.0  12.543616   1.9839e-05   1.9839e-05   1.9839e-05   1.9839e-05   0.0000e+00   0.0000e+00   0.0000e+00   0.0000e+00   0.0000e+00   0.0000e+00
600.0  12.551099   1.9919e-05   1.9919e-05   1.9919e-05   1.9919e-05   0.0000e+00   0.0000e+00   0.0000e+00   0.0000e+00   0.0000e+00   0.0000e+00
610.0  12.558616   2.0000e-05   2.0000e-05   2.0000e-05   2.0000e-05   0.0000e+00   0.0000e+00   0.0000e+00   0.0000e+00   0.0000e+00   0.0000e+00
620.0  12.566169   2.0081e-05   2.0081e-05   2.0081e-05   2.0081e-05   0.0000e+00   0.0000e+00   0.0000e+00   0.0000e+00   0.0000e+00   0.0000e+00
630.0  12.573757   2.0162e-05   2.0162e-05   2.0162e-05   2.0162e-05   0.0000e+00   0.0000e+00   0.0000e+00   0.0000e+00   0.0000e+00   0.0000e+00
640.0  12.581380   2.0244e-05   2.0244e-05   2.0244e-05   2.0244e-05   0.0000e+00   0.0000e+00   0.0000e+00   0.0000e+00   0.0000e+00   0.0000e+00
650.0  12.589039   2.0325e-05   2.0325e-05   2.0325e-05   2.0325e-05   0.0000e+00   0.0000e+00   0.0000e+00   0.0000e+00   0.0000e+00   0.0000e+00
660.0  12.596733   2.0408e-05   2.0408e-05   2.0408e-05   2.0408e-05   0.0000e+00   0.0000e+00   0.0000e+00   0.0000e+00   0.0000e+00   0.0000e+00
670.0  12.604463   2.0490e-05   2.0490e-05   2.0490e-05   2.0490e-05   0.0000e+00   0.0000e+00   0.0000e+00   0.0000e+00   0.0000e+00   0.0000e+00
680.0  12.612229   2.0573e-05   2.0573e-05   2.0573e-05   2.0573e-05   0.0000e+00   0.0000e+00   0.0000e+00   0.0000e+00   0.0000e+00   0.0000e+00
690.0  12.620031   2.0657e-05   2.0657e-05   2.0657e-05   2.0657e-05   0.0000e+00   0.0000e+00   0.0000e+00   0.0000e+00   0.0000e+00   0.0000e+00
700.0  12.627870   2.0741e-05   2.0741e-05   2.0741e-05   2.0741e-05   0.0000e+00   0.0000e+00   0.0000e+00   0.0000e+00   0.0000e+00   0.0000e+00
710.0  12.635746   2.0826e-05   2.0826e-05   2.0826e-05   2.0826e-05   0.0000e+00   0.0000e+00   0.0000e+00   0.0000e+00   0.0000e+00   0.0000e+00
720.0  12.643659   2.0911e-05   2.0911e-05   2.0911e-05   2.0911e-05   0.0000e+00   0.0000e+00   0.0000e+00   0.0000e+00   0.0000e+00   0.0000e+00
730.0  12.651610   2.0994e-05   2.0994e-05   2.0994e-05   2.0994e-05   0.0000e+00   0.0000e+00   0.0000e+00   0.0000e+00   0.0000e+00   0.0000e+00
740.0  12.659595   2.1066e-05   2.1066e-05   2.1066e-05   2.1066e-05   0.0000e+00   0.0000e+00   0.0000e+00   0.0000e+00   0.0000e+00   0.0000e+00
750.0  12.667610   2.1129e-05   2.1129e-05   2.1129e-05   2.1129e-05   0.0000e+00   0.0000e+00   0.0000e+00   0.0000e+00   0.0000e+00   0.0000e+00
760.0  12.675654   2.1192e-05   2.1192e-05   2.1192e-05   2.1192e-05   0.0000e+00   0.0000e+00   0.0000e+00   0.0000e+00   0.0000e+00   0.0000e+00
770.0  12.683727   2.1255e-05   2.1255e-05   2.1255e-05   2.1255e-05   0.0000e+00   0.0000e+00   0.0000e+00   0.0000e+00   0.0000e+00   0.0000e+00
780.0  12.691829   2.1318e-05   2.1318e-05   2.1318e-05   2.1318e-05   0.0000e+00   0.0000e+00   0.0000e+00   0.0000e+00   0.0000e+00   0.0000e+00
790.0  12.699961   2.1382e-05   2.1382e-05   2.1382e-05   2.1382e-05   0.0000e+00   0.0000e+00   0.0000e+00   0.0000e+00   0.0000e+00   0.0000e+00
800.0  12.708122   2.1446e-05   2.1446e-05   2.1446e-05   2.1446e-05   0.0000e+00   0.0000e+00   0.0000e+00   0.0000e+00   0.0000e+00   0.0000e+00
810.0  12.716313   2.1510e-05   2.1510e-05   2.1510e-05   2.1510e-05   0.0000e+00   0.0000e+00   0.0000e+00   0.0000e+00   0.0000e+00   0.0000e+00
820.0  12.724534   2.1575e-05   2.1575e-05   2.1575e-05   2.1575e-05   0.0000e+00   0.0000e+00   0.0000e+00   0.0000e+00   0.0000e+00   0.0000e+00
830.0  12.732785   2.1640e-05   2.1640e-05   2.1640e-05   2.1640e-05   0.0000e+00   0.0000e+00   0.0000e+00   0.0000e+00   0.0000e+00   0.0000e+00
840.0  12.741066   2.1705e-05   2.1705e-05   2.1705e-05   2.1705e-05   0.0000e+00   0.0000e+00   0.0000e+00   0.0000e+00   0.0000e+00   0.0000e+00
850.0  12.749378   2.1771e-05   2.1771e-05   2.1771e-05   2.1771e-05   0.0000e+00   0.0000e+00   0.0000e+00   0.0000e+00   0.0000e+00   0.0000e+00
860.0  12.757720   2.1837e-05   2.1837e-05   2.1837e-05   2.1837e-05   0.0000e+00   0.0000e+00   0.0000e+00   0.0000e+00   0.0000e+00   0.0000e+00
870.0  12.766093   2.1904e-05   2.1904e-05   2.1904e-05   2.1904e-05   0.0000e+00   0.0000e+00   0.0000e+00   0.0000e+00   0.0000e+00   0.0000e+00
880.0  12.774498   2.1971e-05   2.1971e-05   2.1971e-05   2.1971e-05   0.0000e+00   0.0000e+00   0.0000e+00   0.0000e+00   0.0000e+00   0.0000e+00
890.0  12.782934   2.2039e-05   2.2039e-05   2.2039e-05   2.2039e-05   0.0000e+00   0.0000e+00   0.0000e+00   0.0000e+00   0.0000e+00   0.0000e+00
900.0  12.791401   2.2107e-05   2.2107e-05   2.2107e-05   2.2107e-05   0.0000e+00   0.0000e+00   0.0000e+00   0.0000e+00   0.0000e+00   0.0000e+00
910.0  12.799900   2.2176e-05   2.2176e-05   2.2176e-05   2.2176e-05   0.0000e+00   0.0000e+00   0.0000e+00   0.0000e+00   0.0000e+00   0.0000e+00
920.0  12.808432   2.2245e-05   2.2245e-05   2.2245e-05   2.2245e-05   0.0000e+00   0.0000e+00   0.0000e+00   0.0000e+00   0.0000e+00   0.0000e+00
930.0  12.816996   2.2315e-05   2.2315e-05   2.2315e-05   2.2315e-05   0.0000e+00   0.0000e+00   0.0000e+00   0.0000e+00   0.0000e+00   0.0000e+00
940.0  12.825592   2.2385e-05   2.2385e-05   2.2385e-05   2.2385e-05   0.0000e+00   0.0000e+00   0.0000e+00   0.0000e+00   0.0000e+00   0.0000e+00
950.0  12.834222   2.2456e-05   2.2456e-05   2.2456e-05   2.2456e-05   0.0000e+00   0.0000e+00   0.0000e+00   0.0000e+00   0.0000e+00   0.0000e+00
960.0  12.842884   2.2527e-05   2.2528e-05   2.2528e-05   2.2528e-05   0.0000e+00   0.0000e+00   0.0000e+00   0.0000e+00   0.0000e+00   0.0000e+00
970.0  12.851581   2.2600e-05   2.2600e-05   2.2600e-05   2.2600e-05   0.0000e+00   0.0000e+00   0.0000e+00   0.0000e+00   0.0000e+00   0.0000e+00
980.0  12.860311   2.2672e-05   2.2673e-05   2.2673e-05   2.2673e-05   0.0000e+00   0.0000e+00   0.0000e+00   0.0000e+00   0.0000e+00   0.0000e+00
990.0  12.869075   2.2746e-05   2.2746e-05   2.2746e-05   2.2746e-05   0.0000e+00   0.0000e+00   0.0000e+00   0.0000e+00   0.0000e+00   0.0000e+00
1000.0  12.877874   2.2820e-05   2.2820e-05   2.2820e-05   2.2820e-05   0.0000e+00   0.0000e+00   0.0000e+00   0.0000e+00   0.0000e+00   0.0000e+00
1010.0  12.886708   2.2895e-05   2.2895e-05   2.2895e-05   2.2895e-05   0.0000e+00   0.0000e+00   0.0000e+00   0.0000e+00   0.0000e+00   0.0000e+00
1020.0  12.895577   2.2970e-05   2.2970e-05   2.2970e-05   2.2970e-05   0.0000e+00   0.0000e+00   0.0000e+00   0.0000e+00   0.0000e+00   0.0000e+00
1030.0  12.904481   2.3047e-05   2.3047e-05   2.3047e-05   2.3047e-05   0.0000e+00   0.0000e+00   0.0000e+00   0.0000e+00   0.0000e+00   0.0000e+00
1040.0  12.913421   2.3124e-05   2.3124e-05   2.3124e-05   2.3124e-05   0.0000e+00   0.0000e+00   0.0000e+00   0.0000e+00   0.0000e+00   0.0000e+00
1050.0  12.922397   2.3201e-05   2.3201e-05   2.3201e-05   2.3201e-05   0.0000e+00   0.0000e+00   0.0000e+00   0.0000e+00   0.0000e+00   0.0000e+00
1060.0  12.931410   2.3280e-05   2.3280e-05   2.3280e-05   2.3280e-05   0.0000e+00   0.0000e+00   0.0000e+00   0.0000e+00   0.0000e+00   0.0000e+00
1070.0  12.940460   2.3359e-05   2.3359e-05   2.3359e-05   2.3359e-05   0.0000e+00   0.0000e+00   0.0000e+00   0.0000e+00   0.0000e+00   0.0000e+00
1080.0  12.949547   2.3439e-05   2.3440e-05   2.3440e-05   2.3440e-05   0.0000e+00   0.0000e+00   0.0000e+00   0.0000e+00   0.0000e+00   0.0000e+00
1090.0  12.958672   2.3520e-05   2.3521e-05   2.3521e-05   2.3521e-05   0.0000e+00   0.0000e+00   0.0000e+00   0.0000e+00   0.0000e+00   0.0000e+00
1100.0  12.967835   2.3602e-05   2.3602e-05   2.3602e-05   2.3602e-05   0.0000e+00   0.0000e+00   0.0000e+00   0.0000e+00   0.0000e+00   0.0000e+00
1110.0  12.977036   2.3685e-05   2.3685e-05   2.3685e-05   2.3685e-05   0.0000e+00   0.0000e+00   0.0000e+00   0.0000e+00   0.0000e+00   0.0000e+00
1120.0  12.986277   2.3769e-05   2.3769e-05   2.3769e-05   2.3769e-05   0.0000e+00   0.0000e+00   0.0000e+00   0.0000e+00   0.0000e+00   0.0000e+00
1130.0  12.995557   2.3853e-05   2.3853e-05   2.3853e-05   2.3853e-05   0.0000e+00   0.0000e+00   0.0000e+00   0.0000e+00   0.0000e+00   0.0000e+00
1140.0  13.004876   2.3939e-05   2.3939e-05   2.3939e-05   2.3939e-05   0.0000e+00   0.0000e+00   0.0000e+00   0.0000e+00   0.0000e+00   0.0000e+00
1150.0  13.014236   2.4025e-05   2.4025e-05   2.4025e-05   2.4025e-05   0.0000e+00   0.0000e+00   0.0000e+00   0.0000e+00   0.0000e+00   0.0000e+00
1160.0  13.023637   2.4113e-05   2.4113e-05   2.4113e-05   2.4113e-05   0.0000e+00   0.0000e+00   0.0000e+00   0.0000e+00   0.0000e+00   0.0000e+00
1170.0  13.033078   2.4201e-05   2.4201e-05   2.4201e-05   2.4201e-05   0.0000e+00   0.0000e+00   0.0000e+00   0.0000e+00   0.0000e+00   0.0000e+00
1180.0  13.042562   2.4291e-05   2.4291e-05   2.4291e-05   2.4291e-05   0.0000e+00   0.0000e+00   0.0000e+00   0.0000e+00   0.0000e+00   0.0000e+00
1190.0  13.052087   2.4381e-05   2.4381e-05   2.4381e-05   2.4381e-05   0.0000e+00   0.0000e+00   0.0000e+00   0.0000e+00   0.0000e+00   0.0000e+00
1200.0  13.061655   2.4473e-05   2.4473e-05   2.4473e-05   2.4473e-05   0.0000e+00   0.0000e+00   0.0000e+00   0.0000e+00   0.0000e+00   0.0000e+00
1210.0  13.071267   2.4566e-05   2.4565e-05   2.4565e-05   2.4565e-05   0.0000e+00   0.0000e+00   0.0000e+00   0.0000e+00   0.0000e+00   0.0000e+00
1220.0  13.080922   2.4659e-05   2.4659e-05   2.4659e-05   2.4659e-05   0.0000e+00   0.0000e+00   0.0000e+00   0.0000e+00   0.0000e+00   0.0000e+00
1230.0  13.090621   2.4754e-05   2.4754e-05   2.4754e-05   2.4754e-05   0.0000e+00   0.0000e+00   0.0000e+00   0.0000e+00   0.0000e+00   0.0000e+00
1240.0  13.100365   2.4851e-05   2.4851e-05   2.4851e-05   2.4851e-05   0.0000e+00   0.0000e+00   0.0000e+00   0.0000e+00   0.0000e+00   0.0000e+00
1250.0  13.110154   2.4948e-05   2.4948e-05   2.4948e-05   2.4948e-05   0.0000e+00   0.0000e+00   0.0000e+00   0.0000e+00   0.0000e+00   0.0000e+00
1260.0  13.119990   2.5047e-05   2.5047e-05   2.5047e-05   2.5047e-05   0.0000e+00   0.0000e+00   0.0000e+00   0.0000e+00   0.0000e+00   0.0000e+00
1270.0  13.129871   2.5147e-05   2.5147e-05   2.5147e-05   2.5147e-05   0.0000e+00   0.0000e+00   0.0000e+00   0.0000e+00   0.0000e+00   0.0000e+00
1280.0  13.139800   2.5248e-05   2.5248e-05   2.5248e-05   2.5248e-05   0.0000e+00   0.0000e+00   0.0000e+00   0.0000e+00   0.0000e+00   0.0000e+00
1290.0  13.149777   2.5351e-05   2.5351e-05   2.5351e-05   2.5351e-05   0.0000e+00   0.0000e+00   0.0000e+00   0.0000e+00   0.0000e+00   0.0000e+00
1300.0  13.159802   2.5455e-05   2.5454e-05   2.5454e-05   2.5454e-05   0.0000e+00   0.0000e+00   0.0000e+00   0.0000e+00   0.0000e+00   0.0000e+00
1310.0  13.169876   2.5560e-05   2.5560e-05   2.5560e-05   2.5560e-05   0.0000e+00   0.0000e+00   0.0000e+00   0.0000e+00   0.0000e+00   0.0000e+00
1320.0  13.180000   2.5667e-05   2.5667e-05   2.5667e-05   2.5667e-05   0.0000e+00   0.0000e+00   0.0000e+00   0.0000e+00   0.0000e+00   0.0000e+00
1330.0  13.190174   2.5775e-05   2.5775e-05   2.5775e-05   2.5775e-05   0.0000e+00   0.0000e+00   0.0000e+00   0.0000e+00   0.0000e+00   0.0000e+00
1340.0  13.200399   2.5885e-05   2.5885e-05   2.5885e-05   2.5885e-05   0.0000e+00   0.0000e+00   0.0000e+00   0.0000e+00   0.0000e+00   0.0000e+00
1350.0  13.210675   2.5997e-05   2.5996e-05   2.5996e-05   2.5996e-05   0.0000e+00   0.0000e+00   0.0000e+00   0.0000e+00   0.0000e+00   0.0000e+00
1360.0  13.221005   2.6110e-05   2.6109e-05   2.6109e-05   2.6109e-05   0.0000e+00   0.0000e+00   0.0000e+00   0.0000e+00   0.0000e+00   0.0000e+00
1370.0  13.231387   2.6224e-05   2.6224e-05   2.6224e-05   2.6224e-05   0.0000e+00   0.0000e+00   0.0000e+00   0.0000e+00   0.0000e+00   0.0000e+00
1380.0  13.241824   2.6341e-05   2.6340e-05   2.6340e-05   2.6340e-05   0.0000e+00   0.0000e+00   0.0000e+00   0.0000e+00   0.0000e+00   0.0000e+00
1390.0  13.252316   2.6459e-05   2.6458e-05   2.6458e-05   2.6458e-05   0.0000e+00   0.0000e+00   0.0000e+00   0.0000e+00   0.0000e+00   0.0000e+00
1400.0  13.262863   2.6578e-05   2.6578e-05   2.6578e-05   2.6578e-05   0.0000e+00   0.0000e+00   0.0000e+00   0.0000e+00   0.0000e+00   0.0000e+00
1410.0  13.273466   2.6700e-05   2.6700e-05   2.6700e-05   2.6700e-05   0.0000e+00   0.0000e+00   0.0000e+00   0.0000e+00   0.0000e+00   0.0000e+00
1420.0  13.284127   2.6824e-05   2.6823e-05   2.6823e-05   2.6823e-05   0.0000e+00   0.0000e+00   0.0000e+00   0.0000e+00   0.0000e+00   0.0000e+00
1430.0  13.294846   2.6949e-05   2.6949e-05   2.6949e-05   2.6949e-05   0.0000e+00   0.0000e+00   0.0000e+00   0.0000e+00   0.0000e+00   0.0000e+00
1440.0  13.305624   2.7077e-05   2.7076e-05   2.7076e-05   2.7076e-05   0.0000e+00   0.0000e+00   0.0000e+00   0.0000e+00   0.0000e+00   0.0000e+00
1450.0  13.316463   2.7206e-05   2.7206e-05   2.7206e-05   2.7206e-05   0.0000e+00   0.0000e+00   0.0000e+00   0.0000e+00   0.0000e+00   0.0000e+00
1460.0  13.327362   2.7338e-05   2.7337e-05   2.7337e-05   2.7337e-05   0.0000e+00   0.0000e+00   0.0000e+00   0.0000e+00   0.0000e+00   0.0000e+00
1470.0  13.338323   2.7471e-05   2.7471e-05   2.7471e-05   2.7471e-05   0.0000e+00   0.0000e+00   0.0000e+00   0.0000e+00   0.0000e+00   0.0000e+00
1480.0  13.349348   2.7607e-05   2.7607e-05   2.7607e-05   2.7607e-05   0.0000e+00   0.0000e+00   0.0000e+00   0.0000e+00   0.0000e+00   0.0000e+00
1490.0  13.360436   2.7745e-05   2.7745e-05   2.7745e-05   2.7745e-05   0.0000e+00   0.0000e+00   0.0000e+00   0.0000e+00   0.0000e+00   0.0000e+00
1500.0  13.371589   2.7886e-05   2.7885e-05   2.7885e-05   2.7885e-05   0.0000e+00   0.0000e+00   0.0000e+00   0.0000e+00   0.0000e+00   0.0000e+00
1510.0  13.382809   2.8029e-05   2.8028e-05   2.8028e-05   2.8028e-05   0.0000e+00   0.0000e+00   0.0000e+00   0.0000e+00   0.0000e+00   0.0000e+00
1520.0  13.394096   2.8174e-05   2.8174e-05   2.8174e-05   2.8174e-05   0.0000e+00   0.0000e+00   0.0000e+00   0.0000e+00   0.0000e+00   0.0000e+00
1530.0  13.405451   2.8322e-05   2.8322e-05   2.8322e-05   2.8322e-05   0.0000e+00   0.0000e+00   0.0000e+00   0.0000e+00   0.0000e+00   0.0000e+00
1540.0  13.416877   2.8473e-05   2.8472e-05   2.8472e-05   2.8472e-05   0.0000e+00   0.0000e+00   0.0000e+00   0.0000e+00   0.0000e+00   0.0000e+00
1550.0  13.428373   2.8626e-05   2.8626e-05   2.8626e-05   2.8626e-05   0.0000e+00   0.0000e+00   0.0000e+00   0.0000e+00   0.0000e+00   0.0000e+00
1560.0  13.439941   2.8782e-05   2.8782e-05   2.8782e-05   2.8782e-05   0.0000e+00   0.0000e+00   0.0000e+00   0.0000e+00   0.0000e+00   0.0000e+00
1570.0  13.451583   2.8942e-05   2.8941e-05   2.8941e-05   2.8941e-05   0.0000e+00   0.0000e+00   0.0000e+00   0.0000e+00   0.0000e+00   0.0000e+00
1580.0  13.463300   2.9104e-05   2.9103e-05   2.9103e-05   2.9103e-05   0.0000e+00   0.0000e+00   0.0000e+00   0.0000e+00   0.0000e+00   0.0000e+00
1590.0  13.475094   2.9269e-05   2.9268e-05   2.9268e-05   2.9268e-05   0.0000e+00   0.0000e+00   0.0000e+00   0.0000e+00   0.0000e+00   0.0000e+00
1600.0  13.486965   2.9437e-05   2.9437e-05   2.9437e-05   2.9437e-05   0.0000e+00   0.0000e+00   0.0000e+00   0.0000e+00   0.0000e+00   0.0000e+00
1610.0  13.498915   2.9609e-05   2.9608e-05   2.9608e-05   2.9608e-05   0.0000e+00   0.0000e+00   0.0000e+00   0.0000e+00   0.0000e+00   0.0000e+00
1620.0  13.510947   2.9784e-05   2.9783e-05   2.9783e-05   2.9783e-05   0.0000e+00   0.0000e+00   0.0000e+00   0.0000e+00   0.0000e+00   0.0000e+00
1630.0  13.523060   2.9962e-05   2.9962e-05   2.9962e-05   2.9962e-05   0.0000e+00   0.0000e+00   0.0000e+00   0.0000e+00   0.0000e+00   0.0000e+00
1640.0  13.535258   3.0145e-05   3.0144e-05   3.0144e-05   3.0144e-05   0.0000e+00   0.0000e+00   0.0000e+00   0.0000e+00   0.0000e+00   0.0000e+00
1650.0  13.547542   3.0331e-05   3.0330e-05   3.0330e-05   3.0330e-05   0.0000e+00   0.0000e+00   0.0000e+00   0.0000e+00   0.0000e+00   0.0000e+00
1660.0  13.559913   3.0521e-05   3.0520e-05   3.0520e-05   3.0520e-05   0.0000e+00   0.0000e+00   0.0000e+00   0.0000e+00   0.0000e+00   0.0000e+00
1670.0  13.572374   3.0715e-05   3.0714e-05   3.0714e-05   3.0714e-05   0.0000e+00   0.0000e+00   0.0000e+00   0.0000e+00   0.0000e+00   0.0000e+00
1680.0  13.584926   3.0913e-05   3.0913e-05   3.0913e-05   3.0913e-05   0.0000e+00   0.0000e+00   0.0000e+00   0.0000e+00   0.0000e+00   0.0000e+00
1690.0  13.597571   3.1115e-05   3.1115e-05   3.1115e-05   3.1115e-05   0.0000e+00   0.0000e+00   0.0000e+00   0.0000e+00   0.0000e+00   0.0000e+00
1700.0  13.610312   3.1322e-05   3.1322e-05   3.1322e-05   3.1322e-05   0.0000e+00   0.0000e+00   0.0000e+00   0.0000e+00   0.0000e+00   0.0000e+00
1710.0  13.623150   3.1534e-05   3.1534e-05   3.1534e-05   3.1534e-05   0.0000e+00   0.0000e+00   0.0000e+00   0.0000e+00   0.0000e+00   0.0000e+00
1720.0  13.636088   3.1751e-05   3.1751e-05   3.1751e-05   3.1751e-05   0.0000e+00   0.0000e+00   0.0000e+00   0.0000e+00   0.0000e+00   0.0000e+00
1730.0  13.649129   3.1972e-05   3.1973e-05   3.1973e-05   3.1973e-05   0.0000e+00   0.0000e+00   0.0000e+00   0.0000e+00   0.0000e+00   0.0000e+00
1740.0  13.662273   3.2199e-05   3.2200e-05   3.2200e-05   3.2200e-05   0.0000e+00   0.0000e+00   0.0000e+00   0.0000e+00   0.0000e+00   0.0000e+00
1750.0  13.675524   3.2432e-05   3.2432e-05   3.2432e-05   3.2432e-05   0.0000e+00   0.0000e+00   0.0000e+00   0.0000e+00   0.0000e+00   0.0000e+00
1760.0  13.688885   3.2670e-05   3.2670e-05   3.2670e-05   3.2670e-05   0.0000e+00   0.0000e+00   0.0000e+00   0.0000e+00   0.0000e+00   0.0000e+00
1770.0  13.702358   3.2914e-05   3.2915e-05   3.2915e-05   3.2915e-05   0.0000e+00   0.0000e+00   0.0000e+00   0.0000e+00   0.0000e+00   0.0000e+00
1780.0  13.715946   3.3165e-05   3.3165e-05   3.3165e-05   3.3165e-05   0.0000e+00   0.0000e+00   0.0000e+00   0.0000e+00   0.0000e+00   0.0000e+00
1790.0  13.729652   3.3421e-05   3.3422e-05   3.3422e-05   3.3422e-05   0.0000e+00   0.0000e+00   0.0000e+00   0.0000e+00   0.0000e+00   0.0000e+00
1800.0  13.743479   3.3685e-05   3.3686e-05   3.3686e-05   3.3686e-05   0.0000e+00   0.0000e+00   0.0000e+00   0.0000e+00   0.0000e+00   0.0000e+00
1810.0  13.757431   3.3956e-05   3.3957e-05   3.3957e-05   3.3957e-05   0.0000e+00   0.0000e+00   0.0000e+00   0.0000e+00   0.0000e+00   0.0000e+00
1820.0  13.771509   3.4234e-05   3.4235e-05   3.4235e-05   3.4235e-05   0.0000e+00   0.0000e+00   0.0000e+00   0.0000e+00   0.0000e+00   0.0000e+00
1830.0  13.785719   3.4520e-05   3.4521e-05   3.4521e-05   3.4521e-05   0.0000e+00   0.0000e+00   0.0000e+00   0.0000e+00   0.0000e+00   0.0000e+00
1840.0  13.800063   3.4814e-05   3.4815e-05   3.4815e-05   3.4815e-05   0.0000e+00   0.0000e+00   0.0000e+00   0.0000e+00   0.0000e+00   0.0000e+00
1850.0  13.814546   3.5116e-05   3.5117e-05   3.5117e-05   3.5117e-05   0.0000e+00   0.0000e+00   0.0000e+00   0.0000e+00   0.0000e+00   0.0000e+00
1860.0  13.829171   3.5427e-05   3.5429e-05   3.5429e-05   3.5429e-05   0.0000e+00   0.0000e+00   0.0000e+00   0.0000e+00   0.0000e+00   0.0000e+00
