#T volume alpha alpha_xx alpha_yy alpha_zz alpha_yz alpha_zy alpha_xz alpha_zx alpha_xy alpha_yx
0.0  11.831311   0.0000e+00   1.9826e-08   1.9826e-08   1.8114e-08   0.0000e+00   0.0000e+00   0.0000e+00   0.0000e+00   1.1883e-09   1.1883e-09
10.0  11.831313   2.5007e-09   2.5749e-09   2.5749e-09   2.3525e-09   0.0000e+00   0.0000e+00   0.0000e+00   0.0000e+00   1.5432e-10   1.5432e-10
20.0  11.831324   7.4169e-08   7.6367e-08   7.6367e-08   6.9771e-08   0.0000e+00   0.0000e+00   0.0000e+00   0.0000e+00   4.5771e-09   4.5771e-09
30.0  11.831390   3.5722e-07   3.6781e-07   3.6781e-07   3.3604e-07   0.0000e+00   0.0000e+00   0.0000e+00   0.0000e+00   2.2045e-08   2.2045e-08
40.0  11.831615   9.5708e-07   9.8542e-07   9.8542e-07   9.0040e-07   0.0000e+00   0.0000e+00   0.0000e+00   0.0000e+00   5.9060e-08   5.9060e-08
50.0  11.832097   1.7864e-06   1.8392e-06   1.8392e-06   1.6808e-06   0.0000e+00   0.0000e+00   0.0000e+00   0.0000e+00   1.1023e-07   1.1023e-07
60.0  11.832895   2.7206e-06   2.8007e-06   2.8007e-06   2.5603e-06   0.0000e+00   0.0000e+00   0.0000e+00   0.0000e+00   1.6785e-07   1.6785e-07
70.0  11.834030   3.6715e-06   3.7792e-06   3.7792e-06   3.4562e-06   0.0000e+00   0.0000e+00   0.0000e+00   0.0000e+00   2.2646e-07   2.2646e-07
80.0  11.835498   4.5882e-06   4.7219e-06   4.7219e-06   4.3207e-06   0.0000e+00   0.0000e+00   0.0000e+00   0.0000e+00   2.8292e-07   2.8292e-07
90.0  11.837281   5.4445e-06   5.6020e-06   5.6020e-06   5.1294e-06   0.0000e+00   0.0000e+00   0.0000e+00   0.0000e+00   3.3559e-07   3.3559e-07
100.0  11.839357   6.2291e-06   6.4078e-06   6.4078e-06   5.8716e-06   0.0000e+00   0.0000e+00   0.0000e+00   0.0000e+00   3.8376e-07   3.8376e-07
110.0  11.841698   6.9395e-06   7.1367e-06   7.1367e-06   6.5451e-06   0.0000e+00   0.0000e+00   0.0000e+00   0.0000e+00   4.2725e-07   4.2725e-07
120.0  11.844279   7.5781e-06   7.7912e-06   7.7912e-06   7.1520e-06   0.0000e+00   0.0000e+00   0.0000e+00   0.0000e+00   4.6621e-07   4.6621e-07
130.0  11.847075   8.1499e-06   8.3763e-06   8.3763e-06   7.6971e-06   0.0000e+00   0.0000e+00   0.0000e+00   0.0000e+00   5.0093e-07   5.0093e-07
140.0  11.850065   8.6610e-06   8.8985e-06   8.8985e-06   8.1858e-06   0.0000e+00   0.0000e+00   0.0000e+00   0.0000e+00   5.3178e-07   5.3178e-07
150.0  11.853227   9.1177e-06   9.3644e-06   9.3644e-06   8.6243e-06   0.0000e+00   0.0000e+00   0.0000e+00   0.0000e+00   5.5912e-07   5.5912e-07
160.0  11.856543   9.5263e-06   9.7803e-06   9.7803e-06   9.0182e-06   0.0000e+00   0.0000e+00   0.0000e+00   0.0000e+00   5.8335e-07   5.8335e-07
170.0  11.859999   9.8925e-06   1.0152e-05   1.0152e-05   9.3729e-06   0.0000e+00   0.0000e+00   0.0000e+00   0.0000e+00   6.0480e-07   6.0480e-07
180.0  11.863579   1.0222e-05   1.0486e-05   1.0486e-05   9.6933e-06   0.0000e+00   0.0000e+00   0.0000e+00   0.0000e+00   6.2378e-07   6.2378e-07
190.0  11.867271   1.0518e-05   1.0785e-05   1.0785e-05   9.9836e-06   0.0000e+00   0.0000e+00   0.0000e+00   0.0000e+00   6.4058e-07   6.4058e-07
200.0  11.871065   1.0786e-05   1.1055e-05   1.1055e-05   1.0248e-05   0.0000e+00   0.0000e+00   0.0000e+00   0.0000e+00   6.5544e-07   6.5544e-07
210.0  11.874950   1.1029e-05   1.1300e-05   1.1300e-05   1.0489e-05   0.0000e+00   0.0000e+00   0.0000e+00   0.0000e+00   6.6856e-07   6.6856e-07
220.0  11.878920   1.1251e-05   1.1521e-05   1.1521e-05   1.0710e-05   0.0000e+00   0.0000e+00   0.0000e+00   0.0000e+00   6.8014e-07   6.8014e-07
230.0  11.882967   1.1453e-05   1.1723e-05   1.1723e-05   1.0913e-05   0.0000e+00   0.0000e+00   0.0000e+00   0.0000e+00   6.9032e-07   6.9032e-07
240.0  11.887084   1.1638e-05   1.1907e-05   1.1907e-05   1.1101e-05   0.0000e+00   0.0000e+00   0.0000e+00   0.0000e+00   6.9926e-07   6.9926e-07
250.0  11.891266   1.1809e-05   1.2076e-05   1.2076e-05   1.1275e-05   0.0000e+00   0.0000e+00   0.0000e+00   0.0000e+00   7.0707e-07   7.0707e-07
260.0  11.895508   1.1967e-05   1.2231e-05   1.2231e-05   1.1437e-05   0.0000e+00   0.0000e+00   0.0000e+00   0.0000e+00   7.1384e-07   7.1384e-07
270.0  11.899806   1.2113e-05   1.2374e-05   1.2374e-05   1.1589e-05   0.0000e+00   0.0000e+00   0.0000e+00   0.0000e+00   7.1967e-07   7.1967e-07
280.0  11.904155   1.2248e-05   1.2507e-05   1.2507e-05   1.1731e-05   0.0000e+00   0.0000e+00   0.0000e+00   0.0000e+00   7.2464e-07   7.2464e-07
290.0  11.908553   1.2375e-05   1.2630e-05   1.2630e-05   1.1865e-05   0.0000e+00   0.0000e+00   0.0000e+00   0.0000e+00   7.2880e-07   7.2880e-07
300.0  11.912996   1.2494e-05   1.2745e-05   1.2745e-05   1.1991e-05   0.0000e+00   0.0000e+00   0.0000e+00   0.0000e+00   7.3222e-07   7.3222e-07
310.0  11.917482   1.2605e-05   1.2852e-05   1.2852e-05   1.2111e-05   0.0000e+00   0.0000e+00   0.0000e+00   0.0000e+00   7.3495e-07   7.3495e-07
320.0  11.922009   1.2710e-05   1.2953e-05   1.2953e-05   1.2225e-05   0.0000e+00   0.0000e+00   0.0000e+00   0.0000e+00   7.3702e-07   7.3702e-07
330.0  11.926574   1.2810e-05   1.3047e-05   1.3047e-05   1.2334e-05   0.0000e+00   0.0000e+00   0.0000e+00   0.0000e+00   7.3848e-07   7.3848e-07
340.0  11.931175   1.2904e-05   1.3136e-05   1.3136e-05   1.2439e-05   0.0000e+00   0.0000e+00   0.0000e+00   0.0000e+00   7.3936e-07   7.3936e-07
350.0  11.935810   1.2993e-05   1.3220e-05   1.3220e-05   1.2538e-05   0.0000e+00   0.0000e+00   0.0000e+00   0.0000e+00   7.3968e-07   7.3968e-07
360.0  11.940479   1.3078e-05   1.3300e-05   1.3300e-05   1.2635e-05   0.0000e+00   0.0000e+00   0.0000e+00   0.0000e+00   7.3947e-07   7.3947e-07
370.0  11.945180   1.3160e-05   1.3376e-05   1.3376e-05   1.2728e-05   0.0000e+00   0.0000e+00   0.0000e+00   0.0000e+00   7.3875e-07   7.3875e-07
380.0  11.949911   1.3238e-05   1.3449e-05   1.3449e-05   1.2817e-05   0.0000e+00   0.0000e+00   0.0000e+00   0.0000e+00   7.3754e-07   7.3754e-07
390.0  11.954671   1.3313e-05   1.3518e-05   1.3518e-05   1.2904e-05   0.0000e+00   0.0000e+00   0.0000e+00   0.0000e+00   7.3585e-07   7.3585e-07
400.0  11.959460   1.3386e-05   1.3584e-05   1.3584e-05   1.2989e-05   0.0000e+00   0.0000e+00   0.0000e+00   0.0000e+00   7.3370e-07   7.3370e-07
410.0  11.964276   1.3455e-05   1.3647e-05   1.3647e-05   1.3071e-05   0.0000e+00   0.0000e+00   0.0000e+00   0.0000e+00   7.3109e-07   7.3109e-07
420.0  11.969118   1.3523e-05   1.3708e-05   1.3708e-05   1.3152e-05   0.0000e+00   0.0000e+00   0.0000e+00   0.0000e+00   7.2804e-07   7.2804e-07
430.0  11.973987   1.3588e-05   1.3767e-05   1.3767e-05   1.3230e-05   0.0000e+00   0.0000e+00   0.0000e+00   0.0000e+00   7.2456e-07   7.2456e-07
440.0  11.978881   1.3652e-05   1.3824e-05   1.3824e-05   1.3307e-05   0.0000e+00   0.0000e+00   0.0000e+00   0.0000e+00   7.2065e-07   7.2065e-07
450.0  11.983799   1.3714e-05   1.3879e-05   1.3879e-05   1.3382e-05   0.0000e+00   0.0000e+00   0.0000e+00   0.0000e+00   7.1632e-07   7.1632e-07
460.0  11.988741   1.3774e-05   1.3933e-05   1.3933e-05   1.3456e-05   0.0000e+00   0.0000e+00   0.0000e+00   0.0000e+00   7.1158e-07   7.1158e-07
470.0  11.993707   1.3833e-05   1.3985e-05   1.3985e-05   1.3529e-05   0.0000e+00   0.0000e+00   0.0000e+00   0.0000e+00   7.0641e-07   7.0641e-07
480.0  11.998695   1.3891e-05   1.4036e-05   1.4036e-05   1.3601e-05   0.0000e+00   0.0000e+00   0.0000e+00   0.0000e+00   7.0084e-07   7.0084e-07
490.0  12.003707   1.3947e-05   1.4085e-05   1.4085e-05   1.3672e-05   0.0000e+00   0.0000e+00   0.0000e+00   0.0000e+00   6.9486e-07   6.9486e-07
500.0  12.008740   1.4003e-05   1.4133e-05   1.4133e-05   1.3742e-05   0.0000e+00   0.0000e+00   0.0000e+00   0.0000e+00   6.8848e-07   6.8848e-07
510.0  12.013796   1.4057e-05   1.4180e-05   1.4180e-05   1.3811e-05   0.0000e+00   0.0000e+00   0.0000e+00   0.0000e+00   6.8168e-07   6.8168e-07
520.0  12.018873   1.4111e-05   1.4226e-05   1.4226e-05   1.3879e-05   0.0000e+00   0.0000e+00   0.0000e+00   0.0000e+00   6.7448e-07   6.7448e-07
530.0  12.023971   1.4164e-05   1.4272e-05   1.4272e-05   1.3947e-05   0.0000e+00   0.0000e+00   0.0000e+00   0.0000e+00   6.6688e-07   6.6688e-07
540.0  12.029091   1.4216e-05   1.4316e-05   1.4316e-05   1.4014e-05   0.0000e+00   0.0000e+00   0.0000e+00   0.0000e+00   6.5886e-07   6.5886e-07
550.0  12.034232   1.4267e-05   1.4360e-05   1.4360e-05   1.4081e-05   0.0000e+00   0.0000e+00   0.0000e+00   0.0000e+00   6.5044e-07   6.5044e-07
560.0  12.039393   1.4318e-05   1.4404e-05   1.4404e-05   1.4148e-05   0.0000e+00   0.0000e+00   0.0000e+00   0.0000e+00   6.4161e-07   6.4161e-07
570.0  12.044574   1.4369e-05   1.4446e-05   1.4446e-05   1.4214e-05   0.0000e+00   0.0000e+00   0.0000e+00   0.0000e+00   6.3236e-07   6.3236e-07
580.0  12.049777   1.4419e-05   1.4488e-05   1.4488e-05   1.4280e-05   0.0000e+00   0.0000e+00   0.0000e+00   0.0000e+00   6.2269e-07   6.2269e-07
590.0  12.054999   1.4468e-05   1.4530e-05   1.4530e-05   1.4345e-05   0.0000e+00   0.0000e+00   0.0000e+00   0.0000e+00   6.1261e-07   6.1261e-07
600.0  12.060242   1.4518e-05   1.4571e-05   1.4571e-05   1.4410e-05   0.0000e+00   0.0000e+00   0.0000e+00   0.0000e+00   6.0210e-07   6.0210e-07
610.0  12.065504   1.4567e-05   1.4612e-05   1.4612e-05   1.4476e-05   0.0000e+00   0.0000e+00   0.0000e+00   0.0000e+00   5.9117e-07   5.9117e-07
620.0  12.070787   1.4616e-05   1.4653e-05   1.4653e-05   1.4541e-05   0.0000e+00   0.0000e+00   0.0000e+00   0.0000e+00   5.7981e-07   5.7981e-07
630.0  12.076090   1.4664e-05   1.4693e-05   1.4693e-05   1.4606e-05   0.0000e+00   0.0000e+00   0.0000e+00   0.0000e+00   5.6801e-07   5.6801e-07
640.0  12.081412   1.4712e-05   1.4733e-05   1.4733e-05   1.4671e-05   0.0000e+00   0.0000e+00   0.0000e+00   0.0000e+00   5.5577e-07   5.5577e-07
650.0  12.086754   1.4761e-05   1.4773e-05   1.4773e-05   1.4735e-05   0.0000e+00   0.0000e+00   0.0000e+00   0.0000e+00   5.4309e-07   5.4309e-07
660.0  12.092116   1.4809e-05   1.4813e-05   1.4813e-05   1.4800e-05   0.0000e+00   0.0000e+00   0.0000e+00   0.0000e+00   5.2996e-07   5.2996e-07
670.0  12.097498   1.4857e-05   1.4853e-05   1.4853e-05   1.4865e-05   0.0000e+00   0.0000e+00   0.0000e+00   0.0000e+00   5.1637e-07   5.1637e-07
680.0  12.102900   1.4905e-05   1.4892e-05   1.4892e-05   1.4931e-05   0.0000e+00   0.0000e+00   0.0000e+00   0.0000e+00   5.0232e-07   5.0232e-07
690.0  12.108322   1.4953e-05   1.4931e-05   1.4931e-05   1.4996e-05   0.0000e+00   0.0000e+00   0.0000e+00   0.0000e+00   4.8781e-07   4.8781e-07
700.0  12.113763   1.5001e-05   1.4971e-05   1.4971e-05   1.5061e-05   0.0000e+00   0.0000e+00   0.0000e+00   0.0000e+00   4.7282e-07   4.7282e-07
710.0  12.119225   1.5049e-05   1.5010e-05   1.5010e-05   1.5127e-05   0.0000e+00   0.0000e+00   0.0000e+00   0.0000e+00   4.5735e-07   4.5735e-07
720.0  12.124706   1.5097e-05   1.5049e-05   1.5049e-05   1.5192e-05   0.0000e+00   0.0000e+00   0.0000e+00   0.0000e+00   4.4140e-07   4.4140e-07
730.0  12.130208   1.5145e-05   1.5089e-05   1.5089e-05   1.5258e-05   0.0000e+00   0.0000e+00   0.0000e+00   0.0000e+00   4.2495e-07   4.2495e-07
740.0  12.135729   1.5193e-05   1.5128e-05   1.5128e-05   1.5325e-05   0.0000e+00   0.0000e+00   0.0000e+00   0.0000e+00   4.0800e-07   4.0800e-07
750.0  12.141271   1.5242e-05   1.5168e-05   1.5168e-05   1.5391e-05   0.0000e+00   0.0000e+00   0.0000e+00   0.0000e+00   3.9054e-07   3.9054e-07
760.0  12.146833   1.5291e-05   1.5207e-05   1.5207e-05   1.5458e-05   0.0000e+00   0.0000e+00   0.0000e+00   0.0000e+00   3.7257e-07   3.7257e-07
770.0  12.152415   1.5339e-05   1.5247e-05   1.5247e-05   1.5525e-05   0.0000e+00   0.0000e+00   0.0000e+00   0.0000e+00   3.5407e-07   3.5407e-07
780.0  12.158017   1.5388e-05   1.5287e-05   1.5287e-05   1.5592e-05   0.0000e+00   0.0000e+00   0.0000e+00   0.0000e+00   3.3503e-07   3.3503e-07
790.0  12.163640   1.5438e-05   1.5327e-05   1.5327e-05   1.5660e-05   0.0000e+00   0.0000e+00   0.0000e+00   0.0000e+00   3.1546e-07   3.1546e-07
800.0  12.169284   1.5487e-05   1.5367e-05   1.5367e-05   1.5728e-05   0.0000e+00   0.0000e+00   0.0000e+00   0.0000e+00   2.9533e-07   2.9533e-07
810.0  12.174948   1.5537e-05   1.5407e-05   1.5407e-05   1.5797e-05   0.0000e+00   0.0000e+00   0.0000e+00   0.0000e+00   2.7465e-07   2.7465e-07
820.0  12.180634   1.5587e-05   1.5448e-05   1.5448e-05   1.5866e-05   0.0000e+00   0.0000e+00   0.0000e+00   0.0000e+00   2.5339e-07   2.5339e-07
830.0  12.186340   1.5637e-05   1.5488e-05   1.5488e-05   1.5935e-05   0.0000e+00   0.0000e+00   0.0000e+00   0.0000e+00   2.3156e-07   2.3156e-07
840.0  12.192067   1.5688e-05   1.5529e-05   1.5529e-05   1.6005e-05   0.0000e+00   0.0000e+00   0.0000e+00   0.0000e+00   2.0913e-07   2.0913e-07
850.0  12.197816   1.5739e-05   1.5571e-05   1.5571e-05   1.6075e-05   0.0000e+00   0.0000e+00   0.0000e+00   0.0000e+00   1.8611e-07   1.8611e-07
860.0  12.203586   1.5790e-05   1.5612e-05   1.5612e-05   1.6146e-05   0.0000e+00   0.0000e+00   0.0000e+00   0.0000e+00   1.6247e-07   1.6247e-07
870.0  12.209377   1.5841e-05   1.5654e-05   1.5654e-05   1.6217e-05   0.0000e+00   0.0000e+00   0.0000e+00   0.0000e+00   1.3821e-07   1.3821e-07
880.0  12.215190   1.5889e-05   1.5692e-05   1.5692e-05   1.6285e-05   0.0000e+00   0.0000e+00   0.0000e+00   0.0000e+00   1.1329e-07   1.1329e-07
890.0  12.221022   1.5931e-05   1.5724e-05   1.5724e-05   1.6346e-05   0.0000e+00   0.0000e+00   0.0000e+00   0.0000e+00   8.8048e-08   8.8048e-08
900.0  12.226871   1.5969e-05   1.5753e-05   1.5753e-05   1.6403e-05   0.0000e+00   0.0000e+00   0.0000e+00   0.0000e+00   6.2876e-08   6.2876e-08
910.0  12.232737   1.6008e-05   1.5782e-05   1.5782e-05   1.6460e-05   0.0000e+00   0.0000e+00   0.0000e+00   0.0000e+00   3.7810e-08   3.7810e-08
920.0  12.238620   1.6046e-05   1.5811e-05   1.5811e-05   1.6517e-05   0.0000e+00   0.0000e+00   0.0000e+00   0.0000e+00   1.2854e-08   1.2854e-08
930.0  12.244520   1.6084e-05   1.5840e-05   1.5840e-05   1.6574e-05   0.0000e+00   0.0000e+00   0.0000e+00   0.0000e+00  -1.1988e-08  -1.1988e-08
940.0  12.250437   1.6123e-05   1.5870e-05   1.5870e-05   1.6631e-05   0.0000e+00   0.0000e+00   0.0000e+00   0.0000e+00  -3.6713e-08  -3.6713e-08
950.0  12.256371   1.6162e-05   1.5900e-05   1.5900e-05   1.6687e-05   0.0000e+00   0.0000e+00   0.0000e+00   0.0000e+00  -6.1319e-08  -6.1319e-08
960.0  12.262322   1.6201e-05   1.5930e-05   1.5930e-05   1.6744e-05   0.0000e+00   0.0000e+00   0.0000e+00   0.0000e+00  -8.5801e-08  -8.5801e-08
970.0  12.268291   1.6241e-05   1.5961e-05   1.5961e-05   1.6801e-05   0.0000e+00   0.0000e+00   0.0000e+00   0.0000e+00  -1.1016e-07  -1.1016e-07
980.0  12.274277   1.6280e-05   1.5992e-05   1.5992e-05   1.6857e-05   0.0000e+00   0.0000e+00   0.0000e+00   0.0000e+00  -1.3438e-07  -1.3438e-07
990.0  12.280281   1.6320e-05   1.6024e-05   1.6024e-05   1.6913e-05   0.0000e+00   0.0000e+00   0.0000e+00   0.0000e+00  -1.5848e-07  -1.5848e-07
1000.0  12.286302   1.6360e-05   1.6056e-05   1.6056e-05   1.6970e-05   0.0000e+00   0.0000e+00   0.0000e+00   0.0000e+00  -1.8243e-07  -1.8243e-07
1010.0  12.292341   1.6401e-05   1.6088e-05   1.6088e-05   1.7026e-05   0.0000e+00   0.0000e+00   0.0000e+00   0.0000e+00  -2.0625e-07  -2.0625e-07
1020.0  12.298398   1.6441e-05   1.6121e-05   1.6121e-05   1.7082e-05   0.0000e+00   0.0000e+00   0.0000e+00   0.0000e+00  -2.2992e-07  -2.2992e-07
1030.0  12.304473   1.6482e-05   1.6155e-05   1.6155e-05   1.7138e-05   0.0000e+00   0.0000e+00   0.0000e+00   0.0000e+00  -2.5345e-07  -2.5345e-07
1040.0  12.310566   1.6523e-05   1.6188e-05   1.6188e-05   1.7194e-05   0.0000e+00   0.0000e+00   0.0000e+00   0.0000e+00  -2.7683e-07  -2.7683e-07
1050.0  12.316678   1.6565e-05   1.6223e-05   1.6223e-05   1.7250e-05   0.0000e+00   0.0000e+00   0.0000e+00   0.0000e+00  -3.0005e-07  -3.0005e-07
1060.0  12.322808   1.6607e-05   1.6257e-05   1.6257e-05   1.7306e-05   0.0000e+00   0.0000e+00   0.0000e+00   0.0000e+00  -3.2312e-07  -3.2312e-07
1070.0  12.328956   1.6649e-05   1.6293e-05   1.6293e-05   1.7362e-05   0.0000e+00   0.0000e+00   0.0000e+00   0.0000e+00  -3.4602e-07  -3.4602e-07
1080.0  12.335124   1.6692e-05   1.6329e-05   1.6329e-05   1.7418e-05   0.0000e+00   0.0000e+00   0.0000e+00   0.0000e+00  -3.6876e-07  -3.6876e-07
1090.0  12.341310   1.6734e-05   1.6365e-05   1.6365e-05   1.7474e-05   0.0000e+00   0.0000e+00   0.0000e+00   0.0000e+00  -3.9134e-07  -3.9134e-07
1100.0  12.347515   1.6778e-05   1.6402e-05   1.6402e-05   1.7530e-05   0.0000e+00   0.0000e+00   0.0000e+00   0.0000e+00  -4.1374e-07  -4.1374e-07
1110.0  12.353740   1.6821e-05   1.6439e-05   1.6439e-05   1.7586e-05   0.0000e+00   0.0000e+00   0.0000e+00   0.0000e+00  -4.3596e-07  -4.3596e-07
1120.0  12.359983   1.6865e-05   1.6477e-05   1.6477e-05   1.7641e-05   0.0000e+00   0.0000e+00   0.0000e+00   0.0000e+00  -4.5801e-07  -4.5801e-07
1130.0  12.366247   1.6909e-05   1.6516e-05   1.6516e-05   1.7697e-05   0.0000e+00   0.0000e+00   0.0000e+00   0.0000e+00  -4.7987e-07  -4.7987e-07
1140.0  12.372530   1.6954e-05   1.6555e-05   1.6555e-05   1.7753e-05   0.0000e+00   0.0000e+00   0.0000e+00   0.0000e+00  -5.0155e-07  -5.0155e-07
1150.0  12.378832   1.6999e-05   1.6595e-05   1.6595e-05   1.7808e-05   0.0000e+00   0.0000e+00   0.0000e+00   0.0000e+00  -5.2304e-07  -5.2304e-07
1160.0  12.385155   1.7044e-05   1.6635e-05   1.6635e-05   1.7864e-05   0.0000e+00   0.0000e+00   0.0000e+00   0.0000e+00  -5.4432e-07  -5.4432e-07
1170.0  12.391498   1.7090e-05   1.6676e-05   1.6676e-05   1.7919e-05   0.0000e+00   0.0000e+00   0.0000e+00   0.0000e+00  -5.6541e-07  -5.6541e-07
1180.0  12.397862   1.7136e-05   1.6717e-05   1.6717e-05   1.7975e-05   0.0000e+00   0.0000e+00   0.0000e+00   0.0000e+00  -5.8629e-07  -5.8629e-07
1190.0  12.404245   1.7183e-05   1.6759e-05   1.6759e-05   1.8030e-05   0.0000e+00   0.0000e+00   0.0000e+00   0.0000e+00  -6.0697e-07  -6.0697e-07
1200.0  12.410650   1.7230e-05   1.6802e-05   1.6802e-05   1.8086e-05   0.0000e+00   0.0000e+00   0.0000e+00   0.0000e+00  -6.2743e-07  -6.2743e-07
1210.0  12.417075   1.7277e-05   1.6846e-05   1.6846e-05   1.8141e-05   0.0000e+00   0.0000e+00   0.0000e+00   0.0000e+00  -6.4767e-07  -6.4767e-07
1220.0  12.423522   1.7325e-05   1.6890e-05   1.6890e-05   1.8196e-05   0.0000e+00   0.0000e+00   0.0000e+00   0.0000e+00  -6.6769e-07  -6.6769e-07
1230.0  12.429990   1.7373e-05   1.6935e-05   1.6935e-05   1.8251e-05   0.0000e+00   0.0000e+00   0.0000e+00   0.0000e+00  -6.8748e-07  -6.8748e-07
1240.0  12.436479   1.7422e-05   1.6980e-05   1.6980e-05   1.8307e-05   0.0000e+00   0.0000e+00   0.0000e+00   0.0000e+00  -7.0703e-07  -7.0703e-07
1250.0  12.442990   1.7471e-05   1.7027e-05   1.7027e-05   1.8362e-05   0.0000e+00   0.0000e+00   0.0000e+00   0.0000e+00  -7.2635e-07  -7.2635e-07
1260.0  12.449523   1.7521e-05   1.7074e-05   1.7074e-05   1.8417e-05   0.0000e+00   0.0000e+00   0.0000e+00   0.0000e+00  -7.4542e-07  -7.4542e-07
1270.0  12.456078   1.7571e-05   1.7121e-05   1.7121e-05   1.8472e-05   0.0000e+00   0.0000e+00   0.0000e+00   0.0000e+00  -7.6425e-07  -7.6425e-07
1280.0  12.462655   1.7622e-05   1.7170e-05   1.7170e-05   1.8527e-05   0.0000e+00   0.0000e+00   0.0000e+00   0.0000e+00  -7.8281e-07  -7.8281e-07
1290.0  12.469255   1.7673e-05   1.7219e-05   1.7219e-05   1.8581e-05   0.0000e+00   0.0000e+00   0.0000e+00   0.0000e+00  -8.0112e-07  -8.0112e-07
1300.0  12.475878   1.7725e-05   1.7269e-05   1.7269e-05   1.8636e-05   0.0000e+00   0.0000e+00   0.0000e+00   0.0000e+00  -8.1916e-07  -8.1916e-07
1310.0  12.482523   1.7777e-05   1.7320e-05   1.7320e-05   1.8691e-05   0.0000e+00   0.0000e+00   0.0000e+00   0.0000e+00  -8.3693e-07  -8.3693e-07
1320.0  12.489192   1.7829e-05   1.7372e-05   1.7372e-05   1.8746e-05   0.0000e+00   0.0000e+00   0.0000e+00   0.0000e+00  -8.5441e-07  -8.5441e-07
1330.0  12.495884   1.7883e-05   1.7424e-05   1.7424e-05   1.8800e-05   0.0000e+00   0.0000e+00   0.0000e+00   0.0000e+00  -8.7162e-07  -8.7162e-07
1340.0  12.502599   1.7936e-05   1.7477e-05   1.7477e-05   1.8855e-05   0.0000e+00   0.0000e+00   0.0000e+00   0.0000e+00  -8.8852e-07  -8.8852e-07
1350.0  12.509339   1.7991e-05   1.7531e-05   1.7531e-05   1.8909e-05   0.0000e+00   0.0000e+00   0.0000e+00   0.0000e+00  -9.0513e-07  -9.0513e-07
1360.0  12.516102   1.8045e-05   1.7586e-05   1.7586e-05   1.8963e-05   0.0000e+00   0.0000e+00   0.0000e+00   0.0000e+00  -9.2144e-07  -9.2144e-07
1370.0  12.522890   1.8101e-05   1.7642e-05   1.7642e-05   1.9018e-05   0.0000e+00   0.0000e+00   0.0000e+00   0.0000e+00  -9.3743e-07  -9.3743e-07
1380.0  12.529703   1.8157e-05   1.7699e-05   1.7699e-05   1.9072e-05   0.0000e+00   0.0000e+00   0.0000e+00   0.0000e+00  -9.5310e-07  -9.5310e-07
1390.0  12.536540   1.8213e-05   1.7757e-05   1.7757e-05   1.9126e-05   0.0000e+00   0.0000e+00   0.0000e+00   0.0000e+00  -9.6844e-07  -9.6844e-07
1400.0  12.543403   1.8270e-05   1.7815e-05   1.7815e-05   1.9179e-05   0.0000e+00   0.0000e+00   0.0000e+00   0.0000e+00  -9.8344e-07  -9.8344e-07
1410.0  12.550290   1.8328e-05   1.7875e-05   1.7875e-05   1.9233e-05   0.0000e+00   0.0000e+00   0.0000e+00   0.0000e+00  -9.9811e-07  -9.9811e-07
1420.0  12.557204   1.8386e-05   1.7935e-05   1.7935e-05   1.9287e-05   0.0000e+00   0.0000e+00   0.0000e+00   0.0000e+00  -1.0124e-06  -1.0124e-06
1430.0  12.564143   1.8445e-05   1.7997e-05   1.7997e-05   1.9340e-05   0.0000e+00   0.0000e+00   0.0000e+00   0.0000e+00  -1.0264e-06  -1.0264e-06
1440.0  12.571108   1.8504e-05   1.8059e-05   1.8059e-05   1.9394e-05   0.0000e+00   0.0000e+00   0.0000e+00   0.0000e+00  -1.0399e-06  -1.0399e-06
1450.0  12.578100   1.8564e-05   1.8123e-05   1.8123e-05   1.9447e-05   0.0000e+00   0.0000e+00   0.0000e+00   0.0000e+00  -1.0531e-06  -1.0531e-06
1460.0  12.585119   1.8625e-05   1.8187e-05   1.8187e-05   1.9500e-05   0.0000e+00   0.0000e+00   0.0000e+00   0.0000e+00  -1.0660e-06  -1.0660e-06
1470.0  12.592164   1.8686e-05   1.8253e-05   1.8253e-05   1.9553e-05   0.0000e+00   0.0000e+00   0.0000e+00   0.0000e+00  -1.0784e-06  -1.0784e-06
1480.0  12.599237   1.8748e-05   1.8320e-05   1.8320e-05   1.9606e-05   0.0000e+00   0.0000e+00   0.0000e+00   0.0000e+00  -1.0904e-06  -1.0904e-06
1490.0  12.606337   1.8811e-05   1.8387e-05   1.8387e-05   1.9658e-05   0.0000e+00   0.0000e+00   0.0000e+00   0.0000e+00  -1.1020e-06  -1.1020e-06
1500.0  12.613465   1.8875e-05   1.8456e-05   1.8456e-05   1.9711e-05   0.0000e+00   0.0000e+00   0.0000e+00   0.0000e+00  -1.1132e-06  -1.1132e-06
1510.0  12.620622   1.8939e-05   1.8526e-05   1.8526e-05   1.9763e-05   0.0000e+00   0.0000e+00   0.0000e+00   0.0000e+00  -1.1239e-06  -1.1239e-06
1520.0  12.627807   1.9003e-05   1.8597e-05   1.8597e-05   1.9815e-05   0.0000e+00   0.0000e+00   0.0000e+00   0.0000e+00  -1.1342e-06  -1.1342e-06
1530.0  12.635020   1.9069e-05   1.8670e-05   1.8670e-05   1.9867e-05   0.0000e+00   0.0000e+00   0.0000e+00   0.0000e+00  -1.1440e-06  -1.1440e-06
1540.0  12.642263   1.9135e-05   1.8743e-05   1.8743e-05   1.9918e-05   0.0000e+00   0.0000e+00   0.0000e+00   0.0000e+00  -1.1534e-06  -1.1534e-06
1550.0  12.649535   1.9202e-05   1.8818e-05   1.8818e-05   1.9969e-05   0.0000e+00   0.0000e+00   0.0000e+00   0.0000e+00  -1.1622e-06  -1.1622e-06
1560.0  12.656837   1.9270e-05   1.8894e-05   1.8894e-05   2.0021e-05   0.0000e+00   0.0000e+00   0.0000e+00   0.0000e+00  -1.1706e-06  -1.1706e-06
1570.0  12.664169   1.9338e-05   1.8971e-05   1.8971e-05   2.0071e-05   0.0000e+00   0.0000e+00   0.0000e+00   0.0000e+00  -1.1785e-06  -1.1785e-06
1580.0  12.671531   1.9408e-05   1.9050e-05   1.9050e-05   2.0122e-05   0.0000e+00   0.0000e+00   0.0000e+00   0.0000e+00  -1.1858e-06  -1.1858e-06
1590.0  12.678925   1.9478e-05   1.9130e-05   1.9130e-05   2.0172e-05   0.0000e+00   0.0000e+00   0.0000e+00   0.0000e+00  -1.1926e-06  -1.1926e-06
1600.0  12.686349   1.9549e-05   1.9211e-05   1.9211e-05   2.0223e-05   0.0000e+00   0.0000e+00   0.0000e+00   0.0000e+00  -1.1989e-06  -1.1989e-06
1610.0  12.693805   1.9620e-05   1.9294e-05   1.9294e-05   2.0272e-05   0.0000e+00   0.0000e+00   0.0000e+00   0.0000e+00  -1.2046e-06  -1.2046e-06
1620.0  12.701293   1.9693e-05   1.9378e-05   1.9378e-05   2.0322e-05   0.0000e+00   0.0000e+00   0.0000e+00   0.0000e+00  -1.2098e-06  -1.2098e-06
1630.0  12.708813   1.9766e-05   1.9463e-05   1.9463e-05   2.0371e-05   0.0000e+00   0.0000e+00   0.0000e+00   0.0000e+00  -1.2143e-06  -1.2143e-06
1640.0  12.716365   1.9841e-05   1.9550e-05   1.9550e-05   2.0420e-05   0.0000e+00   0.0000e+00   0.0000e+00   0.0000e+00  -1.2182e-06  -1.2182e-06
1650.0  12.723951   1.9916e-05   1.9639e-05   1.9639e-05   2.0468e-05   0.0000e+00   0.0000e+00   0.0000e+00   0.0000e+00  -1.2216e-06  -1.2216e-06
1660.0  12.731570   1.9992e-05   1.9729e-05   1.9729e-05   2.0517e-05   0.0000e+00   0.0000e+00   0.0000e+00   0.0000e+00  -1.2242e-06  -1.2242e-06
1670.0  12.739223   2.0069e-05   1.9820e-05   1.9820e-05   2.0564e-05   0.0000e+00   0.0000e+00   0.0000e+00   0.0000e+00  -1.2263e-06  -1.2263e-06
1680.0  12.746910   2.0147e-05   1.9913e-05   1.9913e-05   2.0612e-05   0.0000e+00   0.0000e+00   0.0000e+00   0.0000e+00  -1.2276e-06  -1.2276e-06
1690.0  12.754631   2.0226e-05   2.0008e-05   2.0008e-05   2.0659e-05   0.0000e+00   0.0000e+00   0.0000e+00   0.0000e+00  -1.2283e-06  -1.2283e-06
1700.0  12.762388   2.0305e-05   2.0105e-05   2.0105e-05   2.0706e-05   0.0000e+00   0.0000e+00   0.0000e+00   0.0000e+00  -1.2282e-06  -1.2282e-06
1710.0  12.770180   2.0386e-05   2.0203e-05   2.0203e-05   2.0752e-05   0.0000e+00   0.0000e+00   0.0000e+00   0.0000e+00  -1.2275e-06  -1.2275e-06
1720.0  12.778008   2.0468e-05   2.0302e-05   2.0302e-05   2.0798e-05   0.0000e+00   0.0000e+00   0.0000e+00   0.0000e+00  -1.2259e-06  -1.2259e-06
1730.0  12.785873   2.0551e-05   2.0404e-05   2.0404e-05   2.0843e-05   0.0000e+00   0.0000e+00   0.0000e+00   0.0000e+00  -1.2236e-06  -1.2236e-06
1740.0  12.793774   2.0635e-05   2.0507e-05   2.0507e-05   2.0888e-05   0.0000e+00   0.0000e+00   0.0000e+00   0.0000e+00  -1.2206e-06  -1.2206e-06
1750.0  12.801713   2.0720e-05   2.0613e-05   2.0613e-05   2.0932e-05   0.0000e+00   0.0000e+00   0.0000e+00   0.0000e+00  -1.2167e-06  -1.2167e-06
1760.0  12.809689   2.0806e-05   2.0720e-05   2.0720e-05   2.0976e-05   0.0000e+00   0.0000e+00   0.0000e+00   0.0000e+00  -1.2120e-06  -1.2120e-06
1770.0  12.817704   2.0893e-05   2.0829e-05   2.0829e-05   2.1019e-05   0.0000e+00   0.0000e+00   0.0000e+00   0.0000e+00  -1.2064e-06  -1.2064e-06
1780.0  12.825757   2.0981e-05   2.0940e-05   2.0940e-05   2.1062e-05   0.0000e+00   0.0000e+00   0.0000e+00   0.0000e+00  -1.1999e-06  -1.1999e-06
1790.0  12.833850   2.1071e-05   2.1053e-05   2.1053e-05   2.1104e-05   0.0000e+00   0.0000e+00   0.0000e+00   0.0000e+00  -1.1926e-06  -1.1926e-06
1800.0  12.841982   2.1161e-05   2.1168e-05   2.1168e-05   2.1146e-05   0.0000e+00   0.0000e+00   0.0000e+00   0.0000e+00  -1.1843e-06  -1.1843e-06
1810.0  12.850155   2.1253e-05   2.1285e-05   2.1285e-05   2.1187e-05   0.0000e+00   0.0000e+00   0.0000e+00   0.0000e+00  -1.1750e-06  -1.1750e-06
1820.0  12.858369   2.1346e-05   2.1405e-05   2.1405e-05   2.1227e-05   0.0000e+00   0.0000e+00   0.0000e+00   0.0000e+00  -1.1648e-06  -1.1648e-06
1830.0  12.866624   2.1440e-05   2.1526e-05   2.1526e-05   2.1267e-05   0.0000e+00   0.0000e+00   0.0000e+00   0.0000e+00  -1.1535e-06  -1.1535e-06
1840.0  12.874921   2.1536e-05   2.1650e-05   2.1650e-05   2.1306e-05   0.0000e+00   0.0000e+00   0.0000e+00   0.0000e+00  -1.1412e-06  -1.1412e-06
1850.0  12.883261   2.1633e-05   2.1777e-05   2.1777e-05   2.1344e-05   0.0000e+00   0.0000e+00   0.0000e+00   0.0000e+00  -1.1279e-06  -1.1279e-06
1860.0  12.891643   2.1731e-05   2.1905e-05   2.1905e-05   2.1382e-05   0.0000e+00   0.0000e+00   0.0000e+00   0.0000e+00  -1.1134e-06  -1.1134e-06
1870.0  12.900070   2.1831e-05   2.2036e-05   2.2036e-05   2.1419e-05   0.0000e+00   0.0000e+00   0.0000e+00   0.0000e+00  -1.0978e-06  -1.0978e-06
1880.0  12.908541   2.1932e-05   2.2170e-05   2.2170e-05   2.1455e-05   0.0000e+00   0.0000e+00   0.0000e+00   0.0000e+00  -1.0810e-06  -1.0810e-06
1890.0  12.917057   2.2034e-05   2.2306e-05   2.2306e-05   2.1490e-05   0.0000e+00   0.0000e+00   0.0000e+00   0.0000e+00  -1.0631e-06  -1.0631e-06
1900.0  12.925618   2.2138e-05   2.2445e-05   2.2445e-05   2.1524e-05   0.0000e+00   0.0000e+00   0.0000e+00   0.0000e+00  -1.0439e-06  -1.0439e-06
1910.0  12.934226   2.2244e-05   2.2587e-05   2.2587e-05   2.1558e-05   0.0000e+00   0.0000e+00   0.0000e+00   0.0000e+00  -1.0234e-06  -1.0234e-06
1920.0  12.942881   2.2351e-05   2.2731e-05   2.2731e-05   2.1590e-05   0.0000e+00   0.0000e+00   0.0000e+00   0.0000e+00  -1.0016e-06  -1.0016e-06
1930.0  12.951583   2.2460e-05   2.2878e-05   2.2878e-05   2.1622e-05   0.0000e+00   0.0000e+00   0.0000e+00   0.0000e+00  -9.7841e-07  -9.7841e-07
1940.0  12.960334   2.2570e-05   2.3028e-05   2.3028e-05   2.1653e-05   0.0000e+00   0.0000e+00   0.0000e+00   0.0000e+00  -9.5385e-07  -9.5385e-07
1950.0  12.969135   2.2682e-05   2.3181e-05   2.3181e-05   2.1682e-05   0.0000e+00   0.0000e+00   0.0000e+00   0.0000e+00  -9.2786e-07  -9.2786e-07
1960.0  12.977984   2.2795e-05   2.3337e-05   2.3337e-05   2.1711e-05   0.0000e+00   0.0000e+00   0.0000e+00   0.0000e+00  -9.0037e-07  -9.0037e-07
1970.0  12.986885   2.2911e-05   2.3497e-05   2.3497e-05   2.1738e-05   0.0000e+00   0.0000e+00   0.0000e+00   0.0000e+00  -8.7136e-07  -8.7136e-07
1980.0  12.995837   2.3028e-05   2.3660e-05   2.3660e-05   2.1765e-05   0.0000e+00   0.0000e+00   0.0000e+00   0.0000e+00  -8.4076e-07  -8.4076e-07
1990.0  13.004841   2.3147e-05   2.3826e-05   2.3826e-05   2.1790e-05   0.0000e+00   0.0000e+00   0.0000e+00   0.0000e+00  -8.0853e-07  -8.0853e-07
2000.0  13.013899   2.3268e-05   2.3995e-05   2.3995e-05   2.1814e-05   0.0000e+00   0.0000e+00   0.0000e+00   0.0000e+00  -7.7462e-07  -7.7462e-07
2010.0  13.023010   2.3391e-05   2.4168e-05   2.4168e-05   2.1836e-05   0.0000e+00   0.0000e+00   0.0000e+00   0.0000e+00  -7.3897e-07  -7.3897e-07
2020.0  13.032176   2.3516e-05   2.4345e-05   2.4345e-05   2.1858e-05   0.0000e+00   0.0000e+00   0.0000e+00   0.0000e+00  -7.0152e-07  -7.0152e-07
2030.0  13.041398   2.3643e-05   2.4525e-05   2.4525e-05   2.1878e-05   0.0000e+00   0.0000e+00   0.0000e+00   0.0000e+00  -6.6222e-07  -6.6222e-07
2040.0  13.050676   2.3772e-05   2.4709e-05   2.4709e-05   2.1896e-05   0.0000e+00   0.0000e+00   0.0000e+00   0.0000e+00  -6.2101e-07  -6.2101e-07
2050.0  13.060012   2.3903e-05   2.4898e-05   2.4898e-05   2.1913e-05   0.0000e+00   0.0000e+00   0.0000e+00   0.0000e+00  -5.7782e-07  -5.7782e-07
2060.0  13.069407   2.4036e-05   2.5090e-05   2.5090e-05   2.1929e-05   0.0000e+00   0.0000e+00   0.0000e+00   0.0000e+00  -5.3258e-07  -5.3258e-07
2070.0  13.078861   2.4172e-05   2.5287e-05   2.5287e-05   2.1943e-05   0.0000e+00   0.0000e+00   0.0000e+00   0.0000e+00  -4.8522e-07  -4.8522e-07
2080.0  13.088376   2.4310e-05   2.5488e-05   2.5488e-05   2.1955e-05   0.0000e+00   0.0000e+00   0.0000e+00   0.0000e+00  -4.3568e-07  -4.3568e-07
2090.0  13.097952   2.4450e-05   2.5693e-05   2.5693e-05   2.1966e-05   0.0000e+00   0.0000e+00   0.0000e+00   0.0000e+00  -3.8387e-07  -3.8387e-07
2100.0  13.107591   2.4593e-05   2.5903e-05   2.5903e-05   2.1974e-05   0.0000e+00   0.0000e+00   0.0000e+00   0.0000e+00  -3.2971e-07  -3.2971e-07
2110.0  13.117294   2.4739e-05   2.6118e-05   2.6118e-05   2.1981e-05   0.0000e+00   0.0000e+00   0.0000e+00   0.0000e+00  -2.7314e-07  -2.7314e-07
2120.0  13.127062   2.4887e-05   2.6338e-05   2.6338e-05   2.1986e-05   0.0000e+00   0.0000e+00   0.0000e+00   0.0000e+00  -2.1404e-07  -2.1404e-07
2130.0  13.136896   2.5038e-05   2.6563e-05   2.6563e-05   2.1989e-05   0.0000e+00   0.0000e+00   0.0000e+00   0.0000e+00  -1.5235e-07  -1.5235e-07
2140.0  13.146798   2.5192e-05   2.6794e-05   2.6794e-05   2.1990e-05   0.0000e+00   0.0000e+00   0.0000e+00   0.0000e+00  -8.7955e-08  -8.7955e-08
2150.0  13.156768   2.5349e-05   2.7029e-05   2.7029e-05   2.1989e-05   0.0000e+00   0.0000e+00   0.0000e+00   0.0000e+00  -2.0765e-08  -2.0765e-08
2160.0  13.166809   2.5508e-05   2.7271e-05   2.7271e-05   2.1985e-05   0.0000e+00   0.0000e+00   0.0000e+00   0.0000e+00   4.9327e-08   4.9327e-08
2170.0  13.176920   2.5671e-05   2.7518e-05   2.7518e-05   2.1980e-05   0.0000e+00   0.0000e+00   0.0000e+00   0.0000e+00   1.2243e-07   1.2243e-07
2180.0  13.187105   2.5837e-05   2.7771e-05   2.7771e-05   2.1971e-05   0.0000e+00   0.0000e+00   0.0000e+00   0.0000e+00   1.9865e-07   1.9865e-07
2190.0  13.197364   2.6007e-05   2.8031e-05   2.8031e-05   2.1960e-05   0.0000e+00   0.0000e+00   0.0000e+00   0.0000e+00   2.7812e-07   2.7812e-07
2200.0  13.207699   2.6179e-05   2.8297e-05   2.8297e-05   2.1947e-05   0.0000e+00   0.0000e+00   0.0000e+00   0.0000e+00   3.6096e-07   3.6096e-07
2210.0  13.218111   2.6356e-05   2.8570e-05   2.8570e-05   2.1930e-05   0.0000e+00   0.0000e+00   0.0000e+00   0.0000e+00   4.4730e-07   4.4730e-07
2220.0  13.228602   2.6536e-05   2.8849e-05   2.8849e-05   2.1911e-05   0.0000e+00   0.0000e+00   0.0000e+00   0.0000e+00   5.3729e-07   5.3729e-07
2230.0  13.239173   2.6720e-05   2.9136e-05   2.9136e-05   2.1889e-05   0.0000e+00   0.0000e+00   0.0000e+00   0.0000e+00   6.3106e-07   6.3106e-07
2240.0  13.249827   2.6908e-05   2.9431e-05   2.9431e-05   2.1863e-05   0.0000e+00   0.0000e+00   0.0000e+00   0.0000e+00   7.2877e-07   7.2877e-07
2250.0  13.260565   2.7100e-05   2.9733e-05   2.9733e-05   2.1835e-05   0.0000e+00   0.0000e+00   0.0000e+00   0.0000e+00   8.3058e-07   8.3058e-07
2260.0  13.271389   2.7296e-05   3.0043e-05   3.0043e-05   2.1802e-05   0.0000e+00   0.0000e+00   0.0000e+00   0.0000e+00   9.3667e-07   9.3667e-07
2270.0  13.282301   2.7497e-05   3.0362e-05   3.0362e-05   2.1767e-05   0.0000e+00   0.0000e+00   0.0000e+00   0.0000e+00   1.0472e-06   1.0472e-06
2280.0  13.293303   2.7702e-05   3.0690e-05   3.0690e-05   2.1727e-05   0.0000e+00   0.0000e+00   0.0000e+00   0.0000e+00   1.1624e-06   1.1624e-06
2290.0  13.304397   2.7912e-05   3.1027e-05   3.1027e-05   2.1683e-05   0.0000e+00   0.0000e+00   0.0000e+00   0.0000e+00   1.2825e-06   1.2825e-06
2300.0  13.315585   2.8127e-05   3.1373e-05   3.1373e-05   2.1636e-05   0.0000e+00   0.0000e+00   0.0000e+00   0.0000e+00   1.4076e-06   1.4076e-06
2310.0  13.326869   2.8347e-05   3.1729e-05   3.1729e-05   2.1584e-05   0.0000e+00   0.0000e+00   0.0000e+00   0.0000e+00   1.5379e-06   1.5379e-06
2320.0  13.338252   2.8573e-05   3.2095e-05   3.2095e-05   2.1527e-05   0.0000e+00   0.0000e+00   0.0000e+00   0.0000e+00   1.6739e-06   1.6739e-06
2330.0  13.349737   2.8804e-05   3.2472e-05   3.2472e-05   2.1466e-05   0.0000e+00   0.0000e+00   0.0000e+00   0.0000e+00   1.8155e-06   1.8155e-06
