#Found quasiharmonic mode : None
#T(K), volume, F(eV), S(J/K), H(J/K), a(-6/K), Cp(J/mol), Cv, Cpion, Bt(GPa), T_ph-D(K), T-D(K), F_el_atom, S_el_atom, C_el_atom, M_el, Seebeck_coefficients(10**-6 V/K), Lorenz_number(WOK^{-2}), Q_el, Q_p, Q_e, C_mu, W_p, W_e, Y_p, Y_e
0.0 14.405437620027897 -4.391290623123344 0.015353199794872438 -423689.90287074295 -2.029357174826446e-07 -0.1122987316241621 -0.11323892046999173 -0.11230074778727397 105.57494534604913 366.3505599171797 400.0000000000001 1.213279833126575e-09 -3.2676128959342717e-07 2.016163108669385e-06 6.888560139800651e-08 0.0023156465814631135 2.4431325340319005e-08 -1.7552781998854876e-08 -4.172126414629373e-09 -1.5856131615261795e-08 2.085970945133574e-06 2.140117777177812e-09 -1.9692899775950965e-08 -5.204155121132399e-09 -5.204154723982494e-09 386.20753038915103 -0.39660988475384046
10.0 14.405230618752368 -4.3912702008909195 0.00838450858405638 -423698.430626192 6.33409343929506e-07 0.20034535239797818 0.20126623125157383 0.19237482351154608 105.58126810262337 306.9534080727222 400.00000000000006 -4.1407094537526655e-07 0.007968383082229654 0.00797052888642812 1.0197300542027968e-06 0.19996032686831303 2.4439631829137143e-08 0.0002912923287643457 0.00014569940823244893 0.0001455850818013845 0.00797045934000586 0.00014578818692627114 0.0001455041418380745 0.00020189624656466524 0.00020189624656343473 332.62110204416496 1.839012490919323
20.0 14.405692951480463 -4.391297940985084 0.32647667581457596 -423694.5818680246 1.7539553607552645e-06 1.0161804065828588 1.0167677920083185 1.0002270052056068 105.56708959948756 278.32462916502084 400.00000000000006 -1.6531226622639062e-06 0.015942875948592315 0.015953401377247618 3.973977199364332e-06 0.3879491284083773 2.445187641891111e-08 0.0005827766058088577 0.00029160669170258337 0.0002911587745537119 0.015953447626505076 0.00029194503953341045 0.0002908315662754472 0.0004039069721161843 0.000403906972112787 262.02062118778036 3.181078205819344
30.0 14.406806228707435 -4.3913870762294005 0.9247917607871632 -423677.47912442783 3.08404112438536e-06 2.2313619732490046 2.2290854080692486 2.2074054702832377 105.53295077764395 273.90560006870516 400.00000000000006 -3.718277122172495e-06 0.023926051104482985 0.023956502965761354 8.771186265867693e-06 0.5655489992320354 2.4468057059607286e-08 0.0008745221145365767 0.00043775048953874595 0.0004367588344968273 0.023956903434324082 0.0004384923924504809 0.00043602972208609567 0.0006060791152203936 0.0006060791152145271 182.6085843352248 3.80523237899959
40.0 14.408552060928539 -4.39155083944743 1.75849182280255 -423646.2449235888 4.5490054262105215e-06 3.7420455947149387 3.7340387257033707 3.710059891732769 105.47939257809479 287.1376976584048 400.00000000000006 -6.611869576440733e-06 0.031920807816586266 0.031985702982163515 1.5250916482697956e-05 0.7320268873696667 2.4488171701192054e-08 0.0011666156911325418 0.000584163612995694 0.0005824388740021912 0.031986679367344194 0.0005854499401887683 0.0005811657509437734 0.0008084648185982507 0.0008084648185898492 102.58748800172606 3.8871201295134306
50.0 14.410912058639068 -4.3918024634627475 2.782738921161476 -423600.0017936955 6.074187057621496e-06 5.444386813299198 5.427447391179706 5.404339942542551 105.4069559418426 311.46229880875 400.000000000001 -1.0336235276408354e-05 0.039930045351586896 0.04004687075664842 2.3252727078840257e-05 0.8866497408516534 2.451221829363185e-08 0.0014591441717817974 0.0007308788733281868 0.0007282525054412661 0.04004862802944681 0.0007328373772595607 0.0007263067945222363 0.0010111162249707157 0.0010111162249599505 30.15982870251186 3.602386576414238
60.0 14.413868294185189 -4.392158216620118 3.939209866057755 -423537.42713045847 7.571784648842776e-06 7.204027247884989 7.174403128057005 7.155879340196342 105.31616883167246 341.7757457754343 400.000000000001 -1.4893374521080005e-05 0.047957156236801836 0.04814790768864664 3.2603005083730636e-05 1.0262400217971699 2.4540769563548434e-08 0.0017522015205888395 0.0008779309231161155 0.0008742587928064092 0.04815062188193389 0.0008806751212153074 0.0008715263993735319 0.00121408894369339 0.0012140889436806559 -90.75923634513077 3.3408970046496234
70.0 14.417438993088584 -4.392633164728488 5.20140345804586 -423456.6640989493 8.912647110909114e-06 8.913478793116864 8.866949798642379 8.857185505184308 105.20645174111624 356.9460341231286 400.000000000001 -2.028545678696626e-05 0.0560047240361858 0.056293287932557404 4.315432069354549e-05 1.1536087990061548 2.457306630142386e-08 0.0020458718732230576 0.0010253523642373603 0.001020507702117048 0.056297139402871135 0.0010289840074664371 0.0010168878657566206 0.0014174349492811983 0.0014174349492710578 5.401188012692501 2.6735807994712664
80.0 14.42155670677553 -4.393234859113819 6.515651432625284 -423358.6115353673 1.0102996331233688e-05 10.500789213860479 10.43323709852484 10.436301648380407 105.07984481370762 368.83109720922795 400.000000000001 -2.651541301323904e-05 0.06407541547075121 0.06448756548006959 5.473243776890938e-05 1.2669033730021924 2.4609324405593514e-08 0.0023402402645667513 0.0011731747205978925 0.0011670537345527675 0.06449270047558053 0.0011777809495546005 0.0011624593150121505 0.0016212044451719791 0.0016212044451609279 5.04869792024601 2.6333038443558854
90.0 14.426163358534861 -4.393967847529676 7.852816634274367 -423244.5952141718 1.1169050908082225e-05 11.961825959485438 11.869460933159484 11.88909236447005 104.93809997529544 377.9903905034486 400.000000000001 -3.3586494474370656e-05 0.0721716572518074 0.07273359501538511 6.717095677641081e-05 1.3682568147259313 2.4648222465059755e-08 0.002635390117938304 0.0013214299785656838 0.0013139483270983004 0.07274013739306617 0.0013270842086526458 0.001308305909285658 0.001825446708057394 0.0018254467080425145 4.752464044340367 2.573978198360935
100.0 14.431208415826946 -4.394834434956697 9.195651706853875 -423115.9559683532 1.2123550101070743e-05 13.295956828627652 13.175425007350057 13.214924540975844 104.78273823714588 385.2084924550044 400.000000000001 -4.150220443355363e-05 0.08029522308093914 0.08103228765180766 8.033794571565096e-05 1.4613200073416968 2.468817894719896e-08 0.0029313913616519586 0.001470146727474858 0.0014612328187640173 0.0810403628315553 0.001476911487672116 0.0014544798739798428 0.002030204431788872 0.002030204431768637 4.488338058942055 2.5207989170536718
110.0 14.436646434357936 -4.3958352747124785 10.531663274517598 -422974.02920701157 1.2977177013654078e-05 14.50356949103783 14.351990232374146 14.414185151817257 104.6151258154999 390.96784656468276 400.000000000001 -5.026621723685313e-05 0.0884473500859135 0.0893843392205689 9.414472790718751e-05 1.5498643468856597 2.4728510413683737e-08 0.00322829555860076 0.0016193482054034272 0.0016089355343927335 0.0893941003410047 0.0016272787155465352 0.0016010168430542248 0.0022355112707089283 0.002235511270682419 4.242839174585806 2.4774455482184137
120.0 14.44243619914949 -4.3969698031059155 11.851545326169816 -422820.1194987985 1.373942244837527e-05 15.589131668587752 15.404094602176102 15.491340788259535 104.4365009459255 395.6039693593292 400.000000000001 -5.9882322836794034e-05 0.09662898202334715 0.09779088032821662 0.00010854210633454901 1.6369102369479893 2.47691210846539e-08 0.0035261397736270636 0.0017690536509674189 0.0017570743002365266 0.09780252706099085 0.0017782010922192074 0.001747938681407856 0.002441393248966316 0.002441393248933375 4.0134234489858 2.4427348120153733
130.0 14.448540600453178 -4.398236573726516 13.148603216092742 -422655.4632934746 1.441984368298102e-05 16.560730192583197 16.34025828718897 16.454476813725623 104.24797792139799 399.3617175742256 400.000000000001 -7.035439478834024e-05 0.10484091265643529 0.10625337885757191 0.00012351107660297193 1.7245247490813989 2.4810125821089227e-08 0.0038249515729121613 0.001919279758070574 0.0019056599885965762 0.1062671656822731 0.0019296937758860543 0.0018952577970261072 0.0026478708408253855 0.00264787084078566 3.7996213623768567 2.4149840061203376
140.0 14.454926582168149 -4.399633516050239 14.418262058571516 -422481.201302862 1.5027731281144625e-05 17.428517329794985 17.17101262829786 17.313743950272254 104.05054873679302 402.4238002565702 400.000000000001 -8.168637125497489e-05 0.11308384527259299 0.11477337952272976 0.00013905318464886481 1.8139412350481225 2.4851654108672506e-08 0.004124752617620369 0.002070041467987083 0.0020546993193843906 0.11478961483881969 0.0020817718766856395 0.002042980740934729 0.0028549605951956503 0.002854960595151902 3.601173930978761 2.3927027841475392
150.0 14.461564972746945 -4.4011581335371375 15.657600618738314 -422298.3650570963 1.5571842712259736e-05 18.20333808879728 17.907521130685293 18.079985760041993 103.84508820769993 404.9287488103703 400.000000000001 -9.388224208137672e-05 0.12135841135746962 0.1233523287552909 0.00015518263088134564 1.90577501386093 2.489378575357413e-08 0.00442556084804179 0.0022213522958375582 0.002204196717788596 0.12337136782947283 0.002234450129728305 0.0021911107183134847 0.0030626762172279104 0.003062676217179948 3.4175251160306193 2.3747141190813945
160.0 14.468430202977085 -4.402807653412088 16.8649452599617 -422107.8746661944 1.6060181903405325e-05 18.895824195468528 18.56067559705933 18.763832658843214 103.63236247972304 406.98302889494187 400.000000000001 -0.0001069460387468341 0.1296651770819356 0.13199153662531182 0.0001719206092605481 2.000236502461249 2.4936553564690608e-08 0.004727391723566927 0.002373224450151288 0.002354155434687386 0.1320137713597646 0.002387742547289632 0.0023396491762772958 0.003271029260400179 0.0032710292603513264 3.2478607148380636 2.3601119266782975
170.0 14.475499960281773 -4.4045791385049355 18.039539939455793 -421910.54359175405 1.6499911474353342e-05 19.51589347779548 19.140601702887242 19.37520123696279 103.41303946041211 408.66942808133 400.000000000001 -0.00012088182625970018 0.13800465121746017 0.14069224083268728 0.00018929168744612077 2.097305113800859 2.4979969361176995e-08 0.005030258925961771 0.0025256689085639402 0.0025045781742260662 0.1407180887512851 0.002541662197187248 0.0024885967287745234 0.0034800295869864585 0.0034800295869413483 3.091214518716738 2.3482024755574002
180.0 14.482754824043376 -4.406469569777041 19.181289400580546 -421707.0870925272 1.689734762827992e-05 20.072524009556396 19.656440902004693 19.923068293689767 103.18769979871385 410.0529889165077 400.000000000001 -0.00013569369703848362 0.14637729829065935 0.14945571586662915 0.0002073217932226849 2.1968552342621335 2.5024049954661207e-08 0.005334174798032728 0.0026786955278149636 0.0026554674224847983 0.14948561004833874 0.0026962211492127506 0.002637953648819978 0.0036896857073980428 0.003689685707353192 2.9465634946954395 2.3384524935180973
190.0 14.490177911151704 -4.408475906477141 20.290564492043757 -421498.132153432 1.7258007085871877e-05 20.573693200951755 20.11629725306373 20.415409821131412 102.95684759684347 411.1852847888 400.000000000001 -0.0001513857670361095 0.1547835558488525 0.1582833798203429 0.00022603733724253398 2.298738121430476 2.5068833783871567e-08 0.005639150673325865 0.002832313210725559 0.0028068256102000665 0.15831776092543007 0.0028514305729945974 0.002787720100331268 0.003900005061729554 0.003900005061684998 2.8128912172440845 2.330449237030718
200.0 14.497754547761614 -4.410595129376506 21.36805695651418 -421284.2276074559 1.7586678997799874e-05 21.02640732007463 20.527273938195485 20.85923044983171 102.72092029181444 412.1075553927362 400.000000000001 -0.00016796217419691716 0.16322385302856646 0.16717687024291986 0.00024546505918710096 2.402828455079063 2.5114386811478018e-08 0.005945197171403139 0.0029865301220857463 0.002958655192154054 0.16721618130538998 0.003007300944663383 0.002937896226739756 0.004110994272920151 0.004110994272876128 2.689225720268756 2.3238706737426544
210.0 14.505471974316194 -4.412824271290318 22.41467228775428 -421065.8537568336 1.788750592758155e-05 21.436775649214642 20.89555340459159 21.26063757141609 102.48029755567833 412.8530355460154 400.000000000001 -0.00018542707911383245 0.17169862769280075 0.17613807779855112 0.00026563227539520536 2.509045214288573 2.5160799869927627e-08 0.006252324483995565 0.003141353931986614 0.0031109586899957485 0.17618276208507755 0.0031638423139489927 0.0030884821700465723 0.0043226593804936275 0.004322659380450486 2.5746594714138262 2.3184634655243217
220.0 14.513319085492949 -4.415160438097773 23.431451337692714 -420843.43116436875 1.8164064490797255e-05 21.810102695311993 21.226494531553506 21.624933556700036 102.23530912347854 413.4487057568102 400.000000000001 -0.00020378466750589164 0.18020834019393056 0.18516913861195788 0.0002865672985446435 2.6173555682383416 2.5208180651152152e-08 0.0065605426514914 0.0032967920625933964 0.003263738721956213 0.18521964055782275 0.003321064588469545 0.0032394780630218547 0.0045350060537138635 0.004535006053671689 2.468357997093154 2.3140266817700144
230.0 14.521286203772814 -4.4176008226972225 24.419513407216698 -420617.3284965842 1.841944082155921e-05 22.150983758327104 21.524732217959297 21.956711365408523 101.98624163283039 413.9166210044117 400.000000000001 -0.00022303915403109223 0.18875348274151452 0.1942723929185843 0.0003082998803584572 2.727768728365117 2.5256643279002248e-08 0.006869861818540461 0.0034528519175674836 0.0034169980290310524 0.19432916193380417 0.0034789778015315194 0.0033908840170089405 0.0047480397793626915 0.004748039779320938 2.369561612575753 2.310399693054433
240.0 14.529364883862876 -4.420142713735911 25.38001529138687 -420387.8694163553 1.8656298660197456e-05 22.463396198244695 21.794271865571268 22.259945877959222 101.73334450237456 414.27492819659335 400.000000000001 -0.0002431947868943513 0.19733458413589372 0.2034503202854709 0.0003308615910845195 2.8403248623838566 2.5306297675486806e-08 0.007180292455621551 0.003609541078949405 0.0035707394996649868 0.2035138170713695 0.003637592340216888 0.0035427001154046626 0.004961766019347558 0.004961766019307008 2.277583177439359 2.3074531072145694
250.0 14.537547744627904 -4.422783500499135 26.314122125813842 -420155.3385822177 1.88769394201105e-05 22.75078280452562 22.038575298175097 22.538077342829276 101.4768350109457 414.5386516104842 400.000000000001 -0.000264255852720269 0.20595221018290186 0.21270546169634252 0.0003542860947773124 2.955082532738226 2.535724014635191e-08 0.00749184553587597 0.0037668674622904808 0.0037249661914538195 0.21277616661707327 0.0037969191274788722 0.0036949264083970964 0.005176190335011602 0.005176190334969408 2.1918037046212056 2.3050819344875473
260.0 14.54582832510362 -4.425520674999174 27.2229869360295 -419919.98683840287 1.9083354403776122e-05 23.016125951584623 22.260636926584056 22.794085614177725 101.21690262100638 414.72030356919674 400.000000000001 -0.0002862266812365946 0.21460696043790675 0.2220403374068936 0.00037860930984920285 3.0721068120316954 2.540954594776939e-08 0.007804532660643828 0.003924839426097589 0.0038796813472360917 0.2221187604138702 0.003956969746826468 0.003847562913817359 0.005391318477130672 0.005391318477087865 2.1116669602720535 2.3032003924040705
270.0 14.554200961338209 -4.428351832044051 28.107736587076122 -419682.0356881354 1.9277269763141843e-05 23.2620124632681 22.463050189471744 23.03055509575875 100.95371270155698 414.83036276164296 400.000000000001 -0.0003091116493832541 0.22329946208190002 0.2314573675093523 0.0004038694627281798 3.1914592560627995 2.5463264105934684e-08 0.00811836613142769 0.0040834658358452494 0.004034888403044718 0.23154405911050194 0.004117756510771832 0.004000609620655856 0.005607156442597442 0.005607156442553871 2.0366737346982196 2.3017379281651023
280.0 14.562660681111236 -4.431274667870079 28.969462424888384 -419441.6811412632 1.9460184977610686e-05 23.49068974004496 22.64806491311435 23.24973093993416 100.68740968086695 414.87765163432584 400.000000000001 -0.00033291518457200875 0.23203036175965142 0.24095880011079782 0.00043010705268068034 3.3131902396960706 2.551841443655124e-08 0.008433358969700952 0.004242756085775698 0.004190590986115373 0.2410543629019578 0.004279292479161247 0.004154066490539702 0.005823710500304564 0.00582371050026044 1.9663761846403591 2.300636150379288
290.0 14.571203113917363 -4.434286977774255 29.809214343114597 -419199.09702085063 1.9633405636967954e-05 23.704113986397083 22.817636500914848 23.453567336195185 100.41811978120484 414.8696346971444 400.000000000001 -0.0003576417668974156 0.24080031615561454 0.2505466502018936 0.00045736474972987544 3.4373337225464207 2.557498652000322e-08 0.00874952488877703 0.004402720083640747 0.00434679290201387 0.2506517505257472 0.004441591434418946 0.004307933454358082 0.006040987189829833 0.00604098718978529 1.9003724702175981 2.2998464445450915
300.0 14.579824413940027 -4.437386653071337 30.627997337182244 -418954.437804773 1.979807132926746e-05 23.903991468854382 22.97346793961124 23.64376881806458 100.14595331618608 414.81265859860105 400.000000000001 -0.000383295930189927 0.24960998198336184 0.2602226507898032 0.00048568724798759677 3.563904250470154 2.5632940294731645e-08 0.009066878223836209 0.004563368204564591 0.004503498110800262 0.26033803015045753 0.004604667821788473 0.004462210402047736 0.006258993297101097 0.006258993297055669 1.8383017961251293 2.2993281078852554
310.0 14.588521194071586 -4.440571677616662 31.42676985092442 -418707.8410691812 1.99551793209646e-05 24.091813718431304 23.117045583096 23.821825501715 99.87100668747878 414.7121434405994 400.000000000001 -0.00040988226187371486 0.25846000594483737 0.2699882167163026 0.0005151210947285281 3.692895863230854 2.5692207904332856e-08 0.009385433827276763 0.004724711220572318 0.004660710692851499 0.27011470264800724 0.004768536662851586 0.004616897164425176 0.006477735811442143 0.00647773581139616 1.7798399024109808 2.299046880151652
320.0 14.59729046930308 -4.443840124072617 32.206443401617506 -418459.4295918771 2.010560465800155e-05 24.26888752584037 23.2496695987386 23.989043105086957 99.59336408279717 414.5727379083271 400.000000000001 -0.00043740540163225315 0.26735101509305037 0.27984442075341653 0.000545714512441601 3.824282527143912 2.575269644826857e-08 0.009705206936941648 0.0048867602121987815 0.004818434805479279 0.2799829369142989 0.004933213450105823 0.004771993486835827 0.006697221868320953 0.006697221868274472 1.7246950111474841 2.2989737778871677
330.0 14.606129608078383 -4.447190150049294 32.96788310347408 -418209.31316546566 2.0250117247840977e-05 24.436360490954215 23.372479864683164 24.146568509937207 99.31309894531688 414.39844518399224 400.000000000001 -0.00046587003894796536 0.27628360791759865 0.2897919810170072 0.0005775172276204269 3.95801971270157 2.58142913235756e-08 0.010026213024676434 0.005049526468142359 0.004976674631834261 0.28994355634865066 0.005098714029650528 0.004927498995025906 0.006917458681847845 0.006917458681800565 1.6726042061741708 2.2990841655945067
340.0 14.615036290410579 -4.450619994214064 33.71190880919003 -417957.59016291326 2.0389396370442762e-05 24.595242790097522 23.48647800612948 24.295411531689616 99.03027522492951 414.19272575741456 400.000000000001 -0.0004952809095982047 0.28525834637107245 0.2998312584079083 0.0006105803165755791 4.094046769056301 2.58768598931015e-08 0.010348467632203033 0.005213021378277045 0.005135434323767724 0.2999970352659187 0.005265054479076572 0.005083413153126461 0.007138453470669294 0.007138453470621406 1.6233302210466356 2.2993570087131583
350.0 14.624008471751676 -4.454127972438034 34.43929666325165 -417704.3488917812 2.0524043036668002e-05 24.7464257379437 23.592546162750338 24.436463475315147 98.74494847211406 413.9585817976732 400.000000000001 -0.0005256427912139915 0.29427574896919195 0.3099622626285532 0.0006449560753969669 4.2322897943884294 2.5940255266428137e-08 0.010671986200607265 0.005377256324587714 0.005294717940383893 0.310143503845848 0.005432250989678913 0.0052397352109283535 0.007360213380437371 0.007360213380388413 1.5766585939748208 2.2997742716774687
360.0 14.633044351763411 -4.457712474027186 35.15078091580894 -417449.6687679342 2.065459051720089e-05 24.890697633695027 23.69146299221497 24.57051296841061 98.45716676928453 413.69862672940775 400.000000000001 -0.0005569604980243416 0.3033362850282761 0.32018466528441475 0.0006806979185056176 4.372664753732429 2.6004320027914217e-08 0.010996783898919602 0.005542242573810453 0.005454529383980371 0.32038276017666434 0.005600319749394565 0.005396464149525038 0.007582745405537764 0.0075827454054880295 1.5323951569061334 2.3003204282507035
370.0 14.642142347266669 -4.461371958070906 35.847055886913765 -417193.6213348464 2.0781513333242504e-05 25.028757309431 23.783917337791777 24.69825949080517 98.16697154147418 413.4151428761064 400.000000000001 -0.000589238874908354 0.3124403700493697 0.33049781862582706 0.0007178603079462855 4.5150806476106204 2.6068889789519385e-08 0.011322875456397003 0.005707991174802119 0.005614872334960433 0.33071428798686486 0.005769276832698511 0.005553598623698493 0.007806056312281948 0.007806056312231631 1.4903638200068194 2.3009820619496058
380.0 14.65130106876483 -4.465104949929403 36.52877800147072 -416936.2711506423 2.0905234951356904e-05 25.16122573434984 23.870519921287737 24.820324955762587 97.87439826657962 413.11012943069 400.000000000001 -0.0006224827908791418 0.3215883622176705 0.34090077858725565 0.0007564987138415438 4.65944258232715 2.6133796483113654e-08 0.011650275002254698 0.005874512862951593 0.005775750187153567 0.341137278751535 0.005939138100775771 0.00571113690147893 0.00803015256530837 0.008030152565257681 1.4504046177977283 2.301747538673722
390.0 14.660519300025943 -4.468910037873147 37.19656783792614 -416677.67656164535 2.1026134371083516e-05 25.288655970547204 23.95181336549696 24.93726363963258 97.57947708515553 412.78534251996183 400.000000000001 -0.0006566971321221382 0.3307805599564988 0.3513923309146214 0.0007966696050472808 4.805654634340324 2.6198871337602845e-08 0.011978995915774667 0.006041817973308647 0.005937165984795097 0.35165065698453435 0.0061099191130408815 0.005869076802733785 0.008255040258528065 0.008255040258476922 1.4123719878309522 2.302606735622076
400.0 14.669795980288566 -4.472785869881267 37.85101215059043 -416417.89037836826 2.1144551793576007e-05 25.411541733448864 24.02828080191674 25.04957071412865 97.28223332747316 412.4423289175365 400.000000000001 -0.0006918867946977527 0.34001720045522077 0.36197101932021336 0.0008384304680944131 4.953622436128069 2.6263947510734982e-08 0.012309050688966549 0.006209916363545757 0.006099122362225306 0.36225310766917795 0.006281635050964395 0.006027415638002154 0.008480725051580495 0.00848072505152879 1.3761332508119162 2.303550817649932
410.0 14.679130188728774 -4.47673115060143 38.49266583802577 -416156.9604674621 2.1260793495726336e-05 25.530324766173095 24.100353278665892 25.15768959141569 96.98268798631229 412.08245434204014 400.000000000001 -0.0007280566770179442 0.34929845907855495 0.37263517475740826 0.0008818398518262942 5.1032554395683665 2.632886236452424e-08 0.012640450803293995 0.00637881734739649 0.006261621487177384 0.3729431049261209 0.006454300654634702 0.00618615014865929 0.008707212112455443 0.00870721211240319 1.3415672696128094 2.3045720507315552
420.0 14.688521130869002 -4.480744638470361 39.12205383911123 -415894.93027114525 2.1375136033937815e-05 25.645401205345763 24.168416149246347 25.26201826029064 96.68085811821378 411.7069274442099 400.000000000001 -0.0007652116721799187 0.3586244495582823 0.3833829450551276 0.0009269574347565755 5.254468835546579 2.6393459387586237e-08 0.012973206621388492 0.006548529638813208 0.006424665008333576 0.38371894115938154 0.006627930172050414 0.0063452764493380776 0.008934506066661475 0.008934506066608386 1.3085632648249708 2.3056636455359203
430.0 14.697968126670343 -4.484825142991946 39.73967294527107 -415631.8392639037 2.1487829884553444e-05 25.757127089096556 24.23281459406519 25.36291476480599 96.37675719762197 411.3168201572468 400.000000000001 -0.0008033566602576594 0.36799522486718167 0.39421232429056885 0.0009738441119721438 5.4071851259807735 2.6457589778073145e-08 0.013307327294191967 0.006719061306772426 0.006588254007662422 0.39457875605565024 0.0068025373207899215 0.006504789973402042 0.009162610953107657 0.009162610953053847 1.27701976611262 2.306819626698257
440.0 14.707470600078553 -4.488971522168217 40.34599352227222 -415367.7233548335 2.1599102594080598e-05 25.865823131832066 24.293858402594346 25.4607019504277 96.0703954314433 410.9130850309047 400.000000000001 -0.000842496500605175 0.37741077867667044 0.4051211814043637 0.001022562098362516 5.561335357495015 2.6521113708079114e-08 0.01364282068355291 0.0068904197404022986 0.006752388957887418 0.405520564934305 0.0069781352588687996 0.006664685424684109 0.009391530186683383 0.009391530186629029 1.2468436840352977 2.308034722137895
450.0 14.717028069834294 -4.493182680077485 40.94146113864051 -415102.6152427711 2.1709161521764315e-05 25.971778873363107 24.351826123949902 25.55567158568904 95.76178002859784 410.4965700457285 400.000000000001 -0.000882636024251826 0.3868710473041201 0.41610728767406546 0.0010731750450558458 5.716860035292312 2.658390129496933e-08 0.013979693299977364 0.007062611623917671 0.006917069685302926 0.4165422860549081 0.007154736534470435 0.006824956765506925 0.009621266527380915 0.009621266527325516 1.2179494861120532 2.3093042698516775
460.0 14.72664014138245 -4.497457564593187 41.526498100310434 -414836.54473033885 2.181819622255736e-05 26.075256290832456 24.40696867686796 25.64808794807314 95.45091544208675 410.0680313145195 400.000000000001 -0.0009237800264264095 0.39637591206169553 0.42716834275931553 0.001125748166113208 5.873709742081692 2.6645833307677468e-08 0.014317950254973837 0.0072356429207089575 0.007082295338030255 0.42764176658483355 0.007332353152652522 0.0069855971023213125 0.009851822055694954 0.009851822055638967 1.190258465517672 2.3106241382905286
470.0 14.73630649973847 -4.50179516523668 42.10150489294103 -414569.5390021622 2.192638052756254e-05 26.176492950057423 24.45951249599597 25.738190950941966 95.13780357205444 409.62814400600354 400.000000000001 -0.0009659332592672418 0.40592520192556825 0.4383019991154553 0.001180348372736988 6.031845490814424 2.6706801637056016e-08 0.014657595227235353 0.007409518865840932 0.007248064359700888 0.43881680701224046 0.007510996602695769 0.0071465986245395794 0.010083198153958507 0.010083198153902368 1.1636980906910361 2.3119906582691354
480.0 14.746026903193172 -4.506194511157039 42.66686153459999 -414301.6228717759 2.203387437097898e-05 26.275704762149438 24.50966227965009 25.82619887750667 94.82244396255354 409.1775117672433 400.000000000001 -0.001009100424740824 0.4155186964519482 0.44950588464276575 0.0012370444125590517 6.191238841979786 2.676670955926419e-08 0.014998630441761845 0.007584243966158922 0.007414374468472719 0.4500651838597419 0.00769067786024849 0.007307952581513354 0.010315395493211865 0.01031539549315562 1.138201424490944 2.3134005658671035
490.0 14.755801177753153 -4.510654669230957 43.22292884234053 -414032.8190011117 2.2140825383902015e-05 26.37308839725851 24.557603394323596 25.912310773761483 94.50483395917145 408.7166748741031 400.000000000001 -0.001053286167807516 0.4251561288740875 0.46077762349703033 0.0012959070118318656 6.351871816782824 2.6825471820263104e-08 0.015341056660929704 0.007759822007177515 0.007581222641210859 0.4613846706128229 0.007871407394900009 0.007469649266029696 0.010548414025170275 0.01054841402511381 1.1137066074402688 2.314850952159385
500.0 14.765629212223157 -4.515174742275891 43.77004961668655 -413763.1480959379 2.2247370299775224e-05 26.468823404091857 24.603503982949128 25.996708549057313 94.18496884693386 408.24611730084297 400.000000000001 -0.001098495069843017 0.4348371893218969 0.47211485503454903 0.00135700901865058 6.513736636994914 2.6883014567991807e-08 0.015684873186452838 0.007936256065922862 0.007748605102606438 0.47277305682502413 0.008053195182151713 0.007631678004301125 0.010782252978830918 0.010782252978774366 1.0901563951882063 2.316339220349837
510.0 14.775510953859591 -4.519753867369912 44.30854974838431 -413492.62908014713 2.2353636194910068e-05 26.56307407520464 24.647516816960202 26.07955882430131 93.8628419869766 407.7662728678306 400.000000000001 -0.001144731642335153 0.44456152811343863 0.4835152509033349 0.0014204255456206642 6.676835320993863 2.693927515694561e-08 0.016030077871163492 0.008113548528922813 0.007916517318967264 0.48422816540131275 0.008236050718811026 0.007794027152352466 0.011016910861259308 0.011016910861202605 1.067497743994603 2.3178630493157124
520.0 14.785446404523515 -4.524391214271835 44.83873925184363 -413221.2792514245 2.245974157956651e-05 26.655991089993098 24.68978092633247 26.161014559671102 93.53844492098918 407.27753060110797 400.000000000001 -0.0011920003208617986 0.4543287590742272 0.49497653032200095 0.0014862341106810814 6.841179163664371 2.6994201847810402e-08 0.01637666713953071 0.00829170111456581 0.008084953996377403 0.49574786809179716 0.008419983040894221 0.00795668409863649 0.01125238546208971 0.01125238546203269 1.045681440008825 2.3194203611527233
530.0 14.795435617279423 -4.529085983935632 45.36091322974062 -412949.1144204779 2.2565797373978428e-05 26.747712967422675 24.73042303684422 26.241216493811596 93.21176746325025 406.78023941577067 400.000000000001 -0.0012403054593591104 0.4641384628469483 0.5064964736110787 0.0015545147750425977 7.006788125662554 2.704775342263983e-08 0.016724636015862143 0.00847071489909735 0.008253909082902534 0.5073300992522374 0.00860500074319592 0.00811963527266622 0.011488673861292669 0.011488673861235657 1.0246617653651904 2.321009293967778
540.0 14.805478693387112 -4.533837407113285 45.87535277314029 -412676.14903573995 2.2671907748809456e-05 26.838367346765992 24.76955883961496 26.320294412707533 92.88279779467764 406.2747122178428 400.000000000001 -0.0012896513246642377 0.47399019015998134 0.5180729340584581 0.0016253502774493537 7.17369015517086 2.7099898733891853e-08 0.017073978159164702 0.008650590345570282 0.0084233757745003 0.5189728679458561 0.008791111999787028 0.008282866159377674 0.011725772439775874 0.011725772439718566 1.0043961999525892 2.322628175874908
550.0 14.815575779645316 -4.538644743040703 46.38232580138239 -412402.39629520103 2.2778170963764478e-05 26.92807214079908 24.80729411444498 26.39836829258626 92.55152253135986 405.7612295044891 400.000000000001 -0.0013400420913477398 0.4838834650285894 0.5297038482128196 0.001698826164216574 7.341920462815299 2.715061620351859e-08 0.01742468590369027 0.008831327335119522 0.00859334652429131 0.5306742684742352 0.008978324591348983 0.008446361312341288 0.011963676892404632 0.011963676892346866 0.9848451453295248 2.3242755109940862
560.0 14.825727066049595 -4.543507278201536 46.88208784579021 -412127.8682468219 2.2884679796294295e-05 27.016936495413326 24.843725725476638 26.47554925070633 92.21792679754375 405.2400425303267 400.000000000001 -0.0013914818368088622 0.4938177878674592 0.5413872447069974 0.0017750309146724883 7.5115207679821 2.7199893286286834e-08 0.01777675030424689 0.00901292519999133 0.008763813054841056 0.5424324894342181 0.009166646026343254 0.008610104277903631 0.01220238224305736 0.01220238224299942 0.9659717023114454 2.32594993560373
570.0 14.835932783729199 -4.548424325164042 47.37488278104736 -411852.5758788007 2.2991523101016825e-05 27.105061886972564 24.878942505147144 26.551940635254844 91.88199426647412 404.7113760976282 400.000000000001 -0.001443974536636028 0.5037926384974613 0.5531212517177175 0.001854056061830021 7.682538532358073 2.724772590960867e-08 0.018130161185412847 0.009195382757810143 0.008934766373107167 0.5542458214032274 0.009356083578751917 0.008774077606660928 0.012441882861351231 0.012441882861293246 0.9477413740766616 2.3276502959303205
580.0 14.846193203137464 -4.553395221486543 47.8609435079058 -411576.52920080104 2.3098782832253375e-05 27.192542176783334 24.91302604023067 26.62763807361315 91.54370722121791 404.17543101936496 400.000000000001 -0.0014975240602160811 0.5138074790334705 0.5649041031701802 0.0019359963082795273 7.855026194285296 2.729411790040354e-08 0.018484907193860707 0.009378698346625997 0.009106196787716021 0.5661126633583627 0.009546644320121032 0.008938262873739675 0.012682172480703972 0.012682172480645827 0.9301221479185409 2.329375283941392
590.0 14.856508632470199 -4.558419328687198 48.34049259065132 -411299.7373171184 2.3206547713733523e-05 27.279466991366892 24.946051371913114 26.702732847571006 91.20304034430539 403.6323862971442 400.000000000001 -0.001552134166577521 0.5238617566432963 0.5767341437958892 0.0020209496374212583 8.029040415383195 2.733908040792393e-08 0.018840975853059307 0.009562869860338696 0.009278093928240572 0.5780315279354038 0.009738335164115326 0.009102640688943982 0.012923244217423847 0.01292324421736546 0.9130834145478584 2.3311245642662923
600.0 14.866879417626766 -4.563496031293257 48.813742859480065 -411022.2084899709 2.3314873520375723e-05 27.365902412625786 24.97808762048561 26.777292579427005 90.85958881763008 403.0824009720627 400.000000000001 -0.0016078085005725024 0.53395490621041 0.588609833198782 0.0021090174222951168 8.204641357772264 2.7382631330295918e-08 0.019198353621052752 0.009747894785033743 0.00945044676664343 0.5900010456865594 0.00993116291179541 0.009267190709257338 0.013165090591457783 0.013165090591399448 0.896606300413824 2.3328850226244446
610.0 14.877306057514573 -4.568628824450297 49.28124778133294 -410744.11380356783 2.3424710907908528e-05 27.452056589082133 25.00920554058874 26.851526835855147 90.51091425584681 402.52247936009627 400.000000000001 -0.001664550599645022 0.544086356274876 0.6005297532269827 0.002200304729034362 8.381892795044088 2.7424794776787952e-08 0.0195570260663226 0.009933770312675838 0.009623243679445496 0.6020199731284204 0.01012513439326631 0.009431891673056293 0.013407703625432095 0.013407703625373706 0.8806481872044736 2.334676908521174
620.0 14.887789544731197 -4.573832135174865 49.74448694178312 -410466.0351615093 2.3536512618603794e-05 27.538093888208813 25.039488334154846 26.92560126815393 90.15624124270074 401.94119894144126 400.000000000001 -0.0017223639013472184 0.5542555367300382 0.6124926200548825 0.0022949223132887053 8.560866720369077 2.7465600732362647e-08 0.019916978072808886 0.01012049358430141 0.009796472409554346 0.6140872084918505 0.010320256893286056 0.009596721179522831 0.013651074945508445 0.01365107494545021 0.8651749714440387 2.3365123353058346
630.0 14.898330490548112 -4.579076419622926 50.201170645375505 -410186.8043361189 2.3648236866720758e-05 27.623776846101613 25.06894043930685 26.999279596175786 89.80276037126397 401.3608478670103 400.000000000001 -0.0017812516324887538 0.5644618486674166 0.6244972499258309 0.0023929870146456554 8.741640089643425 2.7505084504738225e-08 0.020278192742633976 0.010308061105922785 0.009970119553084396 0.6262017565341071 0.010516537589213129 0.009761655153420841 0.013895195011067799 0.013895195011009786 0.8501727812988019 2.338378449792504
640.0 14.908928355160654 -4.58433872693082 50.649557189443264 -409905.56490371295 2.3757309812034195e-05 27.708802455764946 25.097575907923037 27.072259913755204 89.45938520323739 400.79878396974595 400.000000000001 -0.001841216804941581 0.5747046606723198 0.6365425420097373 0.0024946160666352705 8.924278372036156 2.7543285563334176e-08 0.0206406513831806 0.010496468347987686 0.010144170946975575 0.6383627011740904 0.01071398263033135 0.009926668752849255 0.014140053149902798 0.014140053149845181 0.8356313227373728 2.340258891342296
650.0 14.919581645792878 -4.589602730005646 51.088457310715796 -409621.76167685125 2.3861981684601346e-05 27.792988781182636 25.125418080631018 27.144361285043196 89.13267500399317 400.2673862658874 400.000000000001 -0.001902262306523404 0.5849833344735731 0.6486274961394378 0.0025999225096583435 9.108826035135698 2.7580246601328884e-08 0.02100433451197858 0.010685709986980815 0.010318612432278149 0.6505692164788351 0.010912596971428497 0.010091737540550084 0.014385638273475212 0.01438563827341809 0.8215267203491619 2.3421578378672163
660.0 14.930288227124642 -4.594858755660869 51.517238930886734 -409335.1297217904 2.396117195275681e-05 27.87622869882738 25.15249927914065 27.215477467519197 88.8264831234994 399.7740016770816 400.000000000001 -0.001964390990524597 0.5952972498496518 0.6607512313081816 0.0027090116598678955 9.29530094882399 2.7616012760544654e-08 0.021369222812341805 0.010875780199085128 0.010493430516128175 0.6628205804024142 0.011112384354496234 0.010256838457845564 0.014631939544168585 0.014631939544112151 0.8078397842960217 2.3440747225071132
670.0 14.941045640154721 -4.600103815387533 51.93583190422841 -409045.6832825376 2.4054533379672173e-05 27.9585052557594 25.17886050389111 27.285592254879194 88.54193050937499 399.3208908927327 400.000000000001 -0.002027605752043382 0.6056458253383814 0.6729130008802062 0.002821978615158296 9.483692026420036 2.765063099815392e-08 0.02173529791915516 0.01106667293681475 0.010668612880901276 0.6751161870111335 0.011313347366342163 0.010421950552812996 0.014878946913257265 0.014878946913201385 0.7945526121824902 2.346008828052968
680.0 14.951851429737133 -4.605341636788813 52.34473277263933 -408753.7046112314 2.4142456172800855e-05 28.03989288970572 25.204551137473366 27.354780685336 88.27737953206493 398.90517334196426 400.000000000001 -0.0020919095885768815 0.6160285343942442 0.6851122043697195 0.0029389069584199023 9.6739601256768 2.7684149600285364e-08 0.022102543019919197 0.01125838218938131 0.010844148724890763 0.6874555572726776 0.011515487587202375 0.010587055432716822 0.015126651518755307 0.015126651518699992 0.7816493740329498 2.34795803653409
690.0 14.96270348102935 -4.610582695705981 52.7450095332087 -408459.7327044859 2.4226095809614496e-05 28.120564216956513 25.229628654170924 27.423215821247588 88.02840733896743 398.5187712436813 400.000000000001 -0.0021573056421735366 0.626444916631758 0.6973483957089222 0.0030598688218738722 9.866042219934776 2.7716617850378386e-08 0.022470943255569198 0.011450902227204008 0.01102002891861652 0.6998383485469576 0.011718805845403484 0.010752137410165716 0.015375045931977846 0.015375045931923022 0.7691154535126232 2.349919839895184
700.0 14.973600365107647 -4.615844249064227 53.13830642317383 -408164.55194522126 2.4307368946112708e-05 28.200790325293095 25.254158335880735 27.49116903729939 87.78779453407398 398.14835270163826 400.000000000001 -0.0022237972202907366 0.6368945837897029 0.7096212879937012 0.003184926479912584 10.059858838768683 2.774808586269824e-08 0.02284048590503706 0.011644227830633201 0.011196245960663227 0.7122643629791374 0.011923302593089123 0.010917183311947938 0.01562412424131951 0.015624124241265525 0.7569387555125555 2.351889565982808
710.0 14.984541690632826 -4.621150368419038 53.526848709375074 -407869.1806561717 2.438903365934357e-05 28.280988312669677 25.278212994046644 27.559057558027767 87.54646875719399 397.77527375772286 400.000000000001 -0.0022913877920445903 0.6473772199479315 0.7219307546419103 0.0033141356362733397 10.255324745232897 2.7778604593080115e-08 0.023211160333544305 0.01183835450037962 0.011372793715544142 0.7247335549227565 0.01212897841524068 0.011082181918303628 0.015873881959122038 0.015873881959068786 0.7450855674907606 2.3538919805562424
720.0 14.995528167499462 -4.6265216393583355 53.912563234201066 -407574.4460081984 2.447247411961466e-05 28.361390726225714 25.301855009964733 27.627113909976277 87.29957167526871 397.38344924770325 400.000000000001 -0.0023600809301355585 0.6578925668893978 0.7342768162494369 0.0034475500727993587 10.452360775802653 2.7808225975126923e-08 0.02358295738856777 0.012033278450653637 0.011549666816527705 0.7372460256015199 0.012335834439065437 0.011247122949502336 0.016124315540594385 0.01612431554054224 0.7335432678972882 2.355925752692521
730.0 15.00656052505126 -4.631937651045035 54.29386762635147 -407279.53331499215 2.4556879421533618e-05 28.441879854740804 25.325075253426387 27.69522026604659 87.04943660275791 396.98819620716574 400.000000000001 -0.0024298801676849073 0.6684403808758133 0.7466595886942129 0.003585223053002201 10.650893526326396 2.7837002659095577e-08 0.02395586786066493 0.012228995861039168 0.011726859874589554 0.7498019719023497 0.012543871695934718 0.011411996164730213 0.016375421303459925 0.016375421303408882 0.7223128309001681 2.3579718064857604
740.0 15.017639128213847 -4.637397996622059 54.67088107641188 -406984.4474280485 2.46417719765395e-05 28.52242145562573 25.347898097044755 27.763342186237015 86.79765775772351 396.58955864702966 400.000000000001 -0.002500789003274568 0.6790204309285576 0.7590792693887145 0.0037272043955030943 10.850847203851629 2.7864987357250572e-08 0.024329882521392718 0.012425502699004073 0.011904367693821015 0.7624016676873439 0.012753090676871148 0.01157679184452157 0.01662719547352476 0.016627195473474892 0.7113871574664388 2.360022378119177
750.0 15.02876431719805 -4.642902281944951 55.04371828083987 -406689.19302254927 2.4727248707050725e-05 28.603066694507895 25.370346443001658 27.83153054882764 86.54435064710026 396.1875771078103 400.000000000001 -0.002572810943384584 0.689632511276535 0.771536145680259 0.0038735405050453944 11.052144973623392 2.7892232588219877e-08 0.024704992595133306 0.012622794984445518 0.012082185478709366 0.7750454730920635 0.012963491604434028 0.011741500990699285 0.016879634495127752 0.01687963449507893 0.7007474504674657 2.362086924830782
760.0 15.039936448426333 -4.648450124680865 55.41248977714318 -406393.7744863742 2.4813325714046325e-05 28.683842747352678 25.392441840999844 27.899812155966877 86.28950151467633 395.78228743450586 400.000000000001 -0.002645949511306988 0.7002764430953677 0.7840305913858006 0.004024274394014791 11.25470937048229 2.791879043852212e-08 0.02508118985089801 0.012820868844987357 0.012260308870644311 0.7877338314403521 0.013175074490373797 0.01190611536052421 0.017132735083309016 0.017132735083261456 0.6903836712099305 2.3641637062473313
770.0 15.051155894321848 -4.654041153927082 55.77730214677433 -406098.19593500416 2.4900039999026927e-05 28.764780826893716 25.414204591089984 27.96821776498767 86.03309586284098 395.37372108190056 400.000000000001 -0.0027202082524441958 0.7109520749083724 0.7965630619060473 0.004179445637015604 11.458462430035112 2.79447123449821e-08 0.02545846664827453 0.013019720541537952 0.012438733968307464 0.8004672645525713 0.013387839156995611 0.012070627491278919 0.01738649424669913 0.01738649424665272 0.6802848771800034 2.3662530727659226
780.0 15.062423043139347 -4.659675009848408 56.138258206279296 -405802.461225235 2.4987422340881566e-05 28.845909798011668 25.43565383739891 28.03677570854243 85.7751187449746 394.9619053915327 400.000000000001 -0.0027955907397100195 0.7216592828868109 0.8091340894692377 0.004339090327623945 11.663325822939994 2.7970048905332743e-08 0.025836815979641516 0.013219346491926015 0.012617457346251004 0.8132463681743515 0.01360178525680492 0.012235030722836597 0.017640909309125097 0.017640909309079834 0.6704410512236701 2.368354832444554
790.0 15.073738298833673 -4.665351343332475 56.495457187483815 -405506.5739678106 2.5075504666844707e-05 28.927258040275714 25.456807653670936 28.105513761746053 85.51555475889589 394.5468638431463 400.000000000001 -0.0028721005790257985 0.7323979710588375 0.8217442785296587 0.0045032410371199086 11.869220991678882 2.799484971509053e-08 0.02621623150874319 0.013419743292676957 0.012796476071695997 0.8260718075516154 0.01381691229047945 0.01239931921826374 0.017895977929950284 0.0178959779299061 0.6608425770943331 2.3704689549845335
800.0 15.085102080966774 -4.671069815662011 56.848994907458334 -405210.5375390592 2.5164318180386733e-05 29.008853055603787 25.47768312143561 28.174458754262723 85.25438804762314 394.12861628293405 400.000000000001 -0.00294974141489591 0.7431680714363468 0.8343943013410624 0.004671926775038914 12.076069289164899 2.8019163228778454e-08 0.026596707605741586 0.013620907739003112 0.012975787719594404 0.8389443131728497 0.014033219623228928 0.012563487982512661 0.018151698123174825 0.018151698123131898 0.651480337622073 2.372595382647216
810.0 15.096514824647748 -4.676830098203235 57.19896392892832 -404914.3550916278 2.5253893957816196e-05 29.09072168050443 25.49829640152626 28.243636786784325 84.9916022990123 393.7071791308467 400.000000000001 -0.0030285169360612946 0.7539695440682971 0.847084893720103 0.004845172951340025 12.283792118426767 2.804303664357539e-08 0.026978239378873465 0.01382283684308416 0.013155390386005564 0.851864676694555 0.014250706499728028 0.012727532879145438 0.018408068275329224 0.018408068275287803 0.6423456521577744 2.374734079798138
820.0 15.10797698050783 -4.6826318721095594 57.54545371176877 -404618.02956438035 2.534426288055813e-05 29.172890126943265 25.51866279959689 28.313073275932112 84.72718074000886 393.28256620020125 400.000000000001 -0.0031084308812174984 0.7648023770288751 0.8598168510111492 0.005023001340026578 12.492311072663787 2.8066515803510145e-08 0.027360822702858827 0.014025527850724114 0.013335282699847736 0.8648337470621477 0.014469372057219414 0.012891450645639412 0.018665087162203307 0.01866508716216346 0.6334302588948681 2.37688501884452
830.0 15.119489014705763 -4.688474828039862 57.888550756156675 -404321.5636915363 2.5435455737893207e-05 29.25538406215818 25.538796826214927 28.382793037898466 84.46110612887384 392.854787391666 400.000000000001 -0.0031894870447964126 0.7756665863482002 0.8725910242597177 0.005205430044027205 12.70154807490633 2.8089645122362034e-08 0.02774445424421175 0.014228978256470385 0.013515463833089877 0.8778524268344354 0.014689215337259705 0.01305523890695205 0.018922753964454694 0.018922753964416675 0.6247262880134596 2.3790481829075967
840.0 15.131051408964336 -4.694358665890605 58.22833873792777 -404024.96001110505 2.5527503284162095e-05 29.338228673328828 25.558712252046526 28.45282035673017 84.19336075512365 392.42384995523446 400.000000000001 -0.0032716892827996413 0.7865622158929504 0.8854083165986562 0.005392473461146483 12.91142551657439 2.8112467523495194e-08 0.028129131483616787 0.014433185817286868 0.013695933509454923 0.8909216687167213 0.014910235296326334 0.013218896187290455 0.019181068282149945 0.0191810682821136 0.6162262390815425 2.381223564703924
850.0 15.142664660636434 -4.700283094541165 58.564898636638475 -403728.22087267286 2.562043629978956e-05 29.421448729613786 25.578422158596553 28.523179049765524 83.92392643453601 391.9897583669621 400.000000000001 -0.0033550415186902596 0.7974893372037462 0.8982696798482683 0.005584142250907776 13.121866394238136 2.8135024394929067e-08 0.02851485273553684 0.014638148564871448 0.013876692011710212 0.9040424723046103 0.015132430815168678 0.013382421920368169 0.01944003014829058 0.019440030148255953 0.6079229597029564 2.3834111659916326
860.0 15.154329282798141 -4.706247831611731 58.89830885679426 -403431.34844459913 2.5714285653218715e-05 29.50506864108604 25.597938984916645 28.593892529757163 83.65278449666413 391.5525144564997 400.000000000001 -0.00343954774932541 0.8084480492956178 0.9111761113288832 0.005780443302069131 13.332794443906664 2.8157355558025924e-08 0.028901617165221154 0.014843864816709133 0.014057740187622299 0.9172158810378788 0.015355800706975054 0.013545816458246101 0.019699640041382138 0.019699640041349338 0.5998096255516081 2.385610997164578
870.0 15.166045804372217 -4.712252603233202 59.2286453426905 -403134.3447206517 2.580908235873944e-05 29.589112514307107 25.61727457065233 28.66498386342456 83.37991578109354 391.1121175224156 400.000000000001 -0.003525212050943003 0.8194384784276072 0.9241286508825429 0.005981379700644348 13.544134272274357 2.8179499248268848e-08 0.02928942480328913 0.015050333185955018 0.01423907945465784 0.93044297936195 0.015580343724435418 0.013709081078853717 0.019959898897106913 0.01995989889707602 0.5918797217412037 2.387823076954234
880.0 15.177814770275955 -4.7182971438285755 59.55598168725281 -402837.2115261409 2.5904857630012263e-05 29.673604204293056 25.63644019576074 28.73647582619499 83.10530063328588 390.6685644364352 400.000000000001 -0.0036120385851909557 0.830460777846786 0.9371283780980635 0.006186950698193563 13.755811484307198 2.8201492106687056e-08 0.029678276558056473 0.015257552590232544 0.014420711803511475 0.9437248900919722 0.015806058565765873 0.013872217992290603 0.020220808119157878 0.020220808119128984 0.5841270255831774 2.3900474319369214
890.0 15.189636741597017 -4.724381195905265 59.88038923526419 -402539.95052357594 2.600164293708892e-05 29.758567364441962 25.65544661719749 28.808390954709203 82.82891888510252 390.2218497373907 400.000000000001 -0.0037000316052019774 0.841515127511852 0.9501764097327625 0.006397151680194904 13.967752806701 2.8223369180586745e-08 0.030068174225778812 0.015465522259439164 0.014602639800543762 0.9570627719735749 0.016032943879766465 0.014035230346012346 0.020482369589298582 0.020482369589271358 0.5765455904212287 2.3922840961057292
900.0 15.201512295794938 -4.730504509857919 60.201937181322535 -402242.5632178817 2.609947006011361e-05 29.844025494699085 25.674304102839947 28.88075159737665 82.55074985525944 389.7719657157079 400.000000000001 -0.003789195461714829 0.8526017338008327 0.9632738973224306 0.006611974134274239 14.179886206732483 2.8245163932332707e-08 0.030459120498979385 0.01567424174264274 0.014784866589212506 0.9704578174325446 0.016260998269975763 0.014198122229003622 0.020744585676708532 0.020744585676683247 0.5691297303618275 2.3945331108581773
910.0 15.213442026929169 -4.736666843781299 60.520692662856916 -401945.05096120585 2.6198371140887245e-05 29.930001986940503 25.693022462887484 28.953579961970156 82.27077233982277 389.31890248909997 400.000000000001 -0.0038795346092463 0.8637208292071414 0.9764220249703406 0.0068314056180749285 14.392141006116258 2.826690825502177e-08 0.030851118973028113 0.015883710914154754 0.014967395890578602 0.983911250504869 0.016490220298028054 0.014360898675000063 0.021007459246679305 0.02100745924665673 0.5618740061984733 2.396794524635837
920.0 15.225426545911585 -4.742867963292779 60.836720848500775 -401647.41495734605 2.6298378736654002e-05 30.016520168662723 25.711611078954807 29.026898161357607 81.98896459036962 388.8626480701911 400.000000000001 -0.003971053612311064 0.8748726720277296 0.9896220073051123 0.007055429726528752 14.604447989498432 2.8288632493979524e-08 0.031244174151132016 0.016093929978858147 0.015150232002968608 0.9974243249375163 0.016720608485816628 0.014523565665315388 0.021270993668721053 0.02127099366870086 0.5547732122355084 2.399068392507371
930.0 15.237466480786585 -4.749107641364114 61.150085022113544 -401349.6562658149 2.6399525871580936e-05 30.10360334573592 25.730078931053217 29.10072825813902 81.70530431011692 388.4031884264918 400.000000000001 -0.0040637571516962245 0.8860575460468922 1.0028750875968981 0.007284026058333575 14.81673950732339 2.8310365473102048e-08 0.031638291447897794 0.016304899476868882 0.015333379800875773 1.0109983224499635 0.016952161317201436 0.014686130130696355 0.02153519282414039 0.021535192824122425 0.547822363810091 2.4013547761380747
940.0 15.249562477034864 -4.755385658162099 61.46084666270356 -401051.77580557554 2.6501846087998114e-05 30.19127484350262 25.748434622634775 29.175092307481997 81.41976864490458 387.94050753344277 400.000000000001 -0.004157650030791635 0.8972757602187178 1.0161825360206211 0.0075171701813513195 15.028949572793483 2.833213452514737e-08 0.03203347719161593 0.01651662028760421 0.015516844733175902 1.0246345511456256 0.01718487723922975 0.014848599952386177 0.0218000611131522 0.021800061113136503 0.5410166856384878 2.403653743661386
950.0 15.261715197904884 -4.761701800897808 61.769065520509784 -400753.77435845823 2.66053734993326e-05 30.279558046978508 25.766686403857978 29.25001239892339 81.13233416580067 387.47458742076304 400.000000000001 -0.00425273718198543 0.9085276483511016 1.0295456480551204 0.007754833596720232 15.241013952764648 2.835396552516767e-08 0.03242973862541799 0.016729093633330444 0.015700632820736832 1.0383343440624757 0.017418754662755435 0.015010983962662545 0.022065603461585103 0.02206560346157148 0.5343516009366673 2.405965369482569
960.0 15.273925324769252 -4.76805586368409 62.07479968946407 -400455.65257228346 2.6710142842189784e-05 30.368476439701794 25.784842193217344 29.325510696695105 80.84297685006526 387.00540821268294 400.000000000001 -0.004349023673122836 0.9198135687937339 1.042965743006692 0.00799698370141634 15.452870252401558 2.8375882926349924e-08 0.032827083907446486 0.016942321082254956 0.01588475065349637 1.052099057851661 0.017653791961703927 0.015173291945742566 0.022331825327237084 0.022331825327225833 0.527822721266545 2.4082897339844282
970.0 15.286193557508728 -4.774447647401037 62.378105676256226 -400157.4109637028 2.6816189527762833e-05 30.458053642100275 25.802909597666233 29.401609479454567 80.55167207398222 386.53294816232835 400.000000000001 -0.0044465147140412865 0.9311339041323708 1.0564441626457086 0.008243583749014825 15.6644579935131 2.8397909797607636e-08 0.03322552211017702 0.017156304551228966 0.016069205387081557 1.065930071573105 0.01788998747363545 0.015335534636541574 0.022598732705941538 0.022598732705934682 0.5214258368634356 2.4106269235207085
980.0 15.298520614921625 -4.780876959569176 62.67903846619555 -399859.0499207797 2.6923549697081114e-05 30.548313450062594 25.820895931349376 29.47833118011762 80.25839459728203 386.05718368063117 400.000000000001 -0.0045452156631860755 0.9424890608912924 1.0699822699449726 0.008494592808360873 15.875718686480413 2.8420067862335567e-08 0.03362506321902122 0.01737104630812076 0.01625400473903849 1.0798287855969608 0.0181273394976689 0.01549772372135233 0.022866332137400816 0.022866332137398755 0.5151569075323872 2.4129770304835603
990.0 15.31090723516311 -4.7873436142301315 62.97765158606974 -399560.5697053124 2.7032260274375577e-05 30.639279871640674 25.838808233051402 29.555698423731567 79.96311853703523 385.578089359991 400.000000000001 -0.004645132034307792 0.9538794692458405 1.0835814479091077 0.008749965719934952 16.086595895793202 2.8442377537811892e-08 0.034025718130340624 0.017586548973917596 0.016439156984744213 1.0937966206004563 0.018365846293652007 0.01565987183668862 0.023134630710839876 0.02313463071083898 0.5090120543385425 2.4153401528601273
1000.0 15.323354176209802 -4.793847431834523 63.27399716416226 -399261.9704549258 2.714235902088438e-05 30.73097716434313 25.856653282456655 29.63373406585918 79.66581736233853 385.0956379930534 400.000000000001 -0.0047462695032598826 0.9653055827464254 1.0972430984839505 0.00900965304954872 16.297035299155734 2.8464857974782987e-08 0.03442749864898657 0.017802815524610615 0.01662467095306179 1.1078350166491713 0.018605506079524395 0.01582199256946218 0.023403636070540013 0.023403636070518312 0.5029875514926134 2.4177163943944597
1010.0 15.335862216355622 -4.800388239136931 63.56812598760969 -398963.2521849293 2.725388459477918e-05 30.82342987342141 25.874437615308167 29.712461231885445 79.36646387362921 384.60980058667633 400.000000000001 -0.004848633914898204 0.9767678780554359 1.1109686415359685 0.00927360103936237 16.506984740233705 2.848752709683691e-08 0.03483041748548242 0.018019849292891604 0.01681055602182568 1.121945432352908 0.018846317030843156 0.015984100454639265 0.0236733564212607 0.023673356421233423 0.4970798187395121 2.4201058647609806
1020.0 15.348432154736216 -4.806965869097706 63.86008755724507 -398664.41478995985 2.7366876605180323e-05 30.916662867213596 25.892167537544896 29.791903353321644 79.06503017608998 384.12054637140125 400.000000000001 -0.004952231290092435 0.9882668546984763 1.1247595138919528 0.009541751555272718 16.716394275152417 2.8510401639212554e-08 0.03523448825296577 0.01823765396977899 0.016996822113158026 1.1361293440865055 0.019088277274447136 0.016146210978518635 0.02394380053372768 0.023943800533704186 0.4912854145370155 2.4225086789589767
1030.0 15.36106481188375 -4.8135801607914726 64.14993014007545 -398365.45804541546 2.7481375674904068e-05 31.01070137607087 25.90984913848934 29.87208420764153 78.7614876676547 383.62784280655353 400.000000000001 -0.005057067832859278 0.9998030348306037 1.1386171684293414 0.009814042031160052 16.92521621276181 2.8533497186749924e-08 0.0356397254639812 0.018456233606128428 0.017183479688750756 1.1503882452658902 0.019331384891526814 0.016308340572454387 0.024214977750078095 0.024214977750064447 0.4856010291353958 2.4249249578059056
1040.0 15.373761030314721 -4.820230959322185 64.4377008195366 -398066.3816086852 2.7597423500237788e-05 31.105571029009724 25.92748830315188 29.953027955800966 78.45580701146726 383.13165558107335 400.000000000001 -0.005163149937632587 1.0113769630188352 1.1525430732087663 0.010090405409211679 17.133405148864078 2.855682821072859e-08 0.03604614452723442 0.018675592614128197 0.017370539745124414 1.1647236456710335 0.01957563790726851 0.01647050661996591 0.024486897989412358 0.02448689798941256 0.4800234784359629 2.427354827570373
1050.0 15.386521675148742 -4.8269181157445775 64.72344554364523 -397767.185020188 2.7715062914862544e-05 31.201297892262936 25.945090723711896 30.034759181622654 78.14795811767742 382.63194861027523 400.000000000001 -0.005270484196671328 1.0229892060415602 1.166538710640287 0.010370770076085414 17.340917994502295 2.8580408104380376e-08 0.036453761744396844 0.018895735768802265 0.017558013808929587 1.1791370708071969 0.019821034292942533 0.016632727451454308 0.024759571753475457 0.024759571753491173 0.47454969797667945 2.429798420144441
1060.0 15.3993476347634 -4.833641486991916 65.00720917118186 -397467.867704218 2.7834337956798205e-05 31.297908508604245 25.962661910231255 30.117302931928315 77.83791012148997 382.12868402854474 400.000000000001 -0.00537907740762963 1.0346403527057637 1.1806055766759243 0.010655059794616478 17.547713998508396 2.860424921690528e-08 0.03686259430705594 0.019116668209562558 0.017745913932345057 1.1936300612970765 0.0200675719600207 0.01679502234703524 0.025033010132517717 0.025033010132549438 0.46917673727392495 2.432255873186266
1070.0 15.412239821482924 -4.840400935809937 65.28903551600942 -397168.42896961106 2.7955293934064313e-05 31.395429935404344 25.980207200650497 30.200684755383193 77.5256313539639 381.6218221781419 400.000000000001 -0.00548893658129255 1.046331013682583 1.1947451800211528 0.010943193630671134 17.75375476445365 2.8628362885847272e-08 0.03727266029389423 0.019338395441843625 0.017934252688622095 1.2082041722963899 0.020315248753604652 0.016957411540289576 0.025307224811383238 0.025307224811430357 0.4639017546764531 2.4347273297552614
1080.0 15.425199172304477 -4.847196330696883 65.56896738964284 -396868.8680102291 2.8077977499053816e-05 31.49388978632713 25.997731770114754 30.28493074496813 77.21108931765791 381.1113215940637 400.000000000001 -0.005600068949497912 1.0580618213619088 1.2089590413590008 0.011235085874797782 17.95900426221645 2.8652759467722314e-08 0.037683978668182856 0.01956092333885646 0.018123043167824253 1.222860972926501 0.020564062454235178 0.017119916213947678 0.025582228075876026 0.02558222807593241 0.458722012217207 2.4372129386775385
1090.0 15.438226649663743 -4.854027545849592 65.84704664217313 -396569.18390526733 2.8202436721564018e-05 31.593316272225017 26.015240639672065 30.370067579644193 76.89425065846248 380.597138985094 400.000000000001 -0.005712481973247621 1.069833429726589 1.2232486925808228 0.011530645958322403 18.163428834367195 2.8677448366816376e-08 0.03809656927566947 0.01978425814349046 0.01831229897281323 1.2376020457180577 0.020814010766576352 0.017282558509093115 0.02585803281944584 0.02585803281949843 0.4536348709367052 2.4397128544479445
1100.0 15.451323242239532 -4.8608944611155485 66.12331420163744 -396269.3756193924 2.832872116322195e-05 31.693738243005427 26.03273868438376 30.456122566987204 76.57508114387086 380.0792292110018 400.000000000001 -0.005826183351039483 1.081646514246693 1.2376156760182224 0.011829778363455473 18.366997197562622 2.8702438062093175e-08 0.03851045284293511 0.02000840647039371 0.01850203421552557 1.252428986059984 0.021065091316644 0.017445361526291114 0.026134652550243415 0.026134652550274706 0.44863778642122487 2.4422272372364304
1110.0 15.464489965800816 -4.867796961950883 66.39781011193196 -395969.4420027081 2.8456881964081347e-05 31.795185233083025 26.050230640883523 30.543123689411665 76.25354562493835 379.55754525593886 400.000000000001 -0.005941181027421084 1.0935017717943767 1.2520615436713594 0.012132382527092981 18.569680439175606 2.872773613217675e-08 0.0389256509762949 0.020233375308252255 0.018692263513593974 1.267343401648977 0.02131730165155317 0.017608349324741722 0.026412101398575978 0.02641210139860623 0.44372830446410316 2.4447562531726157
1120.0 15.47772786410021 -4.874734939384301 66.67057356936147 -395669.3817905467 2.8586971923067663e-05 31.89768750546527 26.0677211144195 30.631099649035555 75.92960801026607 379.0320381978913 400.000000000001 -0.006057483201793629 1.1053999205801808 1.2665878564297168 0.012438352737452332 18.77145200945392 2.8753349278390588e-08 0.03934218616132543 0.020459172022348926 0.018883001987315972 1.282346911935563 0.02157063922318781 0.01777154693813762 0.026690394124902227 0.026690394124933667 0.43890405714125746 2.4473000742016833
1130.0 15.491038009810305 -4.881708289986914 66.94164295789196 -395369.193603101 2.8719045588673066e-05 32.001276099671315 26.085214585409854 30.720079916390613 75.60323123575498 378.5026571743966 400.000000000001 -0.006175098337475473 1.1173417001106252 1.281196183280707 0.01274757802381428 18.972287709289688 2.8779283345849058e-08 0.03976008176306774 0.020685804357332454 0.019074265257087678 1.2974411475618033 0.02182510138351765 0.017934980379550075 0.02696954612825222 0.026969546128286948 0.43416275890893186 2.4498588784078876
1140.0 15.504421505513037 -4.888716915848002 67.21105588320926 -395068.87594487634 2.8853159352955042e-05 32.10598287955414 26.10271541554239 30.810094779050363 75.27437721430181 377.9693493441569 400.000000000001 -0.006294035171054116 1.1293278711683385 1.2958881005037797 0.013059942038291321 19.172165673985436 2.8805543342618173e-08 0.04017936202699715 0.020913280440308043 0.019266069441283194 1.31262774978843 0.022080685396631473 0.01809867663036567 0.02724957345526288 0.027249573455304106 0.42950220317799526 2.452432849621973
1150.0 15.517879484736714 -4.895760724556721 67.47884920563612 -394768.42720398353 2.8989371547951094e-05 32.21184058505084 26.12022785344424 30.901175394204415 74.94300682103002 377.4320598448063 400.000000000001 -0.006414302722033035 1.1413592158148085 1.310665190846414 0.013375322929294543 19.371066353142442 2.883213345696293e-08 0.04060005208081368 0.021141608784236612 0.01945843115464566 1.327908369907555 0.022337388438727835 0.018262663642085838 0.02753049280982223 0.027530492809869057 0.4249202586858084 2.455022178048862
1160.0 15.531413113050759 -4.902839629189802 67.74505907200222 -394467.84565125196 2.912774255354479e-05 32.31888288611591 26.137756039947988 30.99335384343572 74.60907984311808 376.89073174642164 400.000000000001 -0.006535910302813894 1.1534365374166906 1.325529042680183 0.013693593206238426 19.568972486973657 2.885905707272107e-08 0.041022177937129756 0.0213707982916748 0.01965136750723502 1.343284668639177 0.02259520758530815 0.018426970351821597 0.027812321563377644 0.0278123215634295 0.4204148662615661 2.457627060344859
1170.0 15.545023589215782 -4.909953548305309 68.00972094652154 -394167.12943917385 2.926833490144081e-05 32.42714443609018 26.155304012977304 31.08666318695566 74.27255493985108 376.3453060009512 400.000000000001 -0.0066588675290218495 1.1655606606961537 1.3404812491345193 0.01401461959478387 19.76586907923181 2.8886316782840396e-08 0.04144576649711791 0.021600858258883616 0.019844896103967093 1.3587583155089995 0.022854139785925952 0.01859162671119196 0.028095077765973833 0.028095077766030097 0.4159840359136733 2.460247699292365
1180.0 15.558712146394317 -4.917102405942519 68.27286964075002 -393866.2766006738 2.9411213395789754e-05 32.53666093252562 26.17287571207455 31.181137525318956 73.93338960556217 375.79572138726735 400.000000000001 -0.006783184330207595 1.1777324318060485 1.3555234072066624 0.01433826288207974 19.961743366997524 2.8913914401128383e-08 0.041870845555188135 0.021831798380327345 0.020039035044791986 1.3743309882060193 0.02311418203465375 0.018756663520534386 0.02837878015806837 0.02837878015812815 0.4116258436775585 2.462884304525021
1190.0 15.572480053427405 -4.9242916227745805 68.53461197284406 -393565.7248014045 2.955644523240942e-05 32.64747051199765 26.190476318305564 31.276813395150874 73.59154011652255 375.239689279912 400.000000000001 -0.006908870960948832 1.18995271843083 1.37065711684678 0.014664377751360601 20.156584787572292 2.8941850972269502e-08 0.042297443804767756 0.022063628753592277 0.020233802925555253 1.3900043719189012 0.02337533130468157 0.01892211250008618 0.028663448183187945 0.028663448183250114 0.4073384739852296 2.4655369587822435
1200.0 15.586328616176104 -4.931533217454769 68.79514142097813 -393266.43550624355 2.9704100127606475e-05 32.7596139688548 26.20811241171935 31.373729988838036 73.24696149584304 374.6722288474541 400.000000000001 -0.007035938012381324 1.2022224099138608 1.3858839800167644 0.014992812605167622 20.350384942659865 2.8970126780160084e-08 0.04272559084524667 0.022296359884744772 0.02042921883958513 1.4057801586495737 0.023637583779659917 0.019088007065586752 0.02894910200148208 0.02894910200154526 0.403120219600828 2.4682056023448835
1210.0 15.600259178937513 -4.938798260459247 69.05410917274455 -392966.09276129486 2.985425045815634e-05 32.87312344673803 26.225780597882228 31.47191784701534 72.89960745812346 374.10496342625146 400.000000000001 -0.0071643964241900025 1.2145424174123973 1.4012055997226849 0.015323409376513324 20.543137560103865 2.8998741354625174e-08 0.04315531719017023 0.02253000269416252 0.02062530238005405 1.4216600465041402 0.023900935030539257 0.019254382159630972 0.02923576250424391 0.02923576250430765 0.398969100270303 2.4708911703062437
1220.0 15.614273125935927 -4.94606442784878 69.31125306990918 -392662.91614286054 3.0006971405138237e-05 32.98803420403151 26.24347920595237 31.57141062501146 72.54943035635367 373.54687181850807 400.000000000001 -0.0072942574970949504 1.2269136740811342 1.4166235790200483 0.015656003327163107 20.73483845336768 2.9027693476571684e-08 0.04358665427674806 0.02276456852286213 0.020822073643159997 1.4376457389602741 0.024165379950627643 0.01942127432612042 0.02952345132946351 0.029523451329528425 0.3948832567045284 2.4735944258263
1230.0 15.628371882895596 -4.9533160404425285 69.56639818128544 -392355.66212541866 3.016234110796351e-05 33.10438464296527 26.261208244430957 31.672245122973344 72.19638113672269 373.0042646827484 400.000000000001 -0.007425532905858932 1.2393371352856555 1.4321395199919293 0.015990422832216168 20.925485478976782 2.905698118163773e-08 0.04401963447676174 0.023000069139354016 0.021019553232179234 1.4537389441112665 0.024430912817046582 0.019588721659715164 0.02981219087848718 0.029812190878554565 0.390860945233079 2.476315964987562
1240.0 15.642556918698418 -4.960544103659389 69.81945738298236 -392043.6254870689 3.0320440827984265e-05 33.222216342639115 26.278969358381403 31.774461319939363 71.84040926775157 372.4807604945504 400.000000000001 -0.00755823471286572 1.2518137788469796 1.4477550226997555 0.016326489150073217 21.115078492119245 2.9086601762394215e-08 0.044454291108948524 0.02323651674705133 0.0212177622624411 1.4699413738866127 0.024697527494652344 0.019756763614296177 0.030102004333855802 0.030102004333927686 0.3869005329725609 2.4790562207234377
1250.0 15.656829747134369 -4.967746348046737 70.07043194638726 -391726.64075363823 3.0481355125272777e-05 33.34157410186449 26.296765788063688 31.87810241775726 71.4814626900178 371.97726106275553 400.000000000001 -0.007692375382302148 1.2643446053188736 1.463471684107232 0.0166640161768286 21.303619300617378 2.9116551769155108e-08 0.04489065845295356 0.023473923992270426 0.021416722367279834 1.486254743249816 0.024965217605703333 0.01992544084725022 0.030392915678410216 0.030392915678485018 0.3830004928841534 2.4818154675970114
1260.0 15.671191928749309 -4.974927270517356 70.31941213424177 -391405.0836827134 3.064517204244588e-05 33.46250598549364 26.314602328932956 31.98321488851608 71.11948774752729 371.49192658592494 400.000000000001 -0.007827967794986603 1.2769306382994443 1.479291096977561 0.017002810184087412 21.491111617450244 2.9146827009447856e-08 0.045328771764938214 0.023712303972848865 0.021616455705024837 1.5026807693737303 0.02523397673307161 0.020094795031866605 0.03068494971573887 0.03068494971581652 0.3791593993377662 2.4845938256286
1270.0 15.685645072795827 -4.982098176316121 70.56657780518069 -391079.8727889071 3.0811983302496495e-05 33.58506337961819 26.33248529295387 32.08984853087384 70.75442912471202 371.02015023323065 400.000000000001 -0.007965025263895814 1.2895729247788237 1.495214848744343 0.01734266953900427 21.677561012012312 2.9177422546190633e-08 0.04576866729494228 0.023951670247424783 0.021816984967083508 1.519221170794058 0.02550379861152215 0.02026486868342012 0.030978132092075603 0.030978132092156017 0.37537592374396594 2.487391264420719
1280.0 15.700190839296091 -4.989277221738927 70.81219902712034 -390752.4709117147 3.0981884524965974e-05 33.70930105578092 26.350422471184757 32.198056535424 70.38622977059455 370.5545322331931 400.000000000001 -0.008103561550436659 1.3022725355250324 1.5112445203569091 0.017683384405419333 21.862974860294432 2.9208332694622596e-08 0.0462103823061069 0.024192036845412178 0.022018333387188973 1.535877666542047 0.025774677339529685 0.020435704966577206 0.031272489319737334 0.03127248931982036 0.37164883034422536 2.4902076072754205
1290.0 15.714830941223635 -4.996489457627328 71.05663669988748 -390424.8868273841 3.115497544370433e-05 33.83527723804482 26.368423097587613 32.307895552944224 70.0148308258565 370.0848534531252 400.000000000001 -0.00824359088152019 1.3150305655101806 1.5273816851005908 0.018024736424760386 22.047362294157573 2.92395510180251e-08 0.046653955095868824 0.02443341827771525 0.022220524751879935 1.552651975257199 0.026046607142258718 0.020607347953610106 0.031568048802213186 0.03156804880229825 0.3679769724522555 2.4930425344144913
1300.0 15.72956714680786 -5.003752993265099 71.30015959460178 -390098.56530663115 3.1331360154968906e-05 33.963050308643844 26.386494437632294 32.41942240125182 69.64017154196668 369.603673191355 400.000000000001 -0.008385127967490037 1.3278481343791497 1.543627907392024 0.018366498375272856 22.230734149825512 2.9271070322261477e-08 0.04709942501923793 0.024675829548219792 0.022423583412286827 1.5695458142803789 0.026319581771745724 0.0207798432474922 0.031864838861014703 0.031864838861100614 0.3643591748702576 2.4958959241977516
1310.0 15.744401281980442 -5.011048992503641 71.5425473981203 -389771.9925614731 3.151114737426933e-05 34.092671876221566 26.404634734007292 32.5326871346702 69.26218920508282 369.1185250331814 400.000000000001 -0.008528188020979365 1.340726386964063 1.5599847415513721 0.01870843380814423 22.413102915831274 2.930288264917365e-08 0.04754683251430722 0.024919286166124446 0.022627534297310584 1.5865608987297766 0.02659359487122968 0.02095323764307754 0.03216288876442368 0.03216288876451062 0.36079400014194923 2.4987685596348665
1320.0 15.759335232960172 -5.0183774214188865 71.78382807322616 -389445.16246059025 3.169445071246926e-05 34.22420051251803 26.422846814306176 32.64774678196757 68.8808190327099 368.6293342414818 400.000000000001 -0.008672786776756957 1.3536664938466112 1.576453730550465 0.019050296658749938 22.594482680468175 2.9334979268840397e-08 0.04799621913010997 0.025163804159146985 0.02283240292827351 1.6036989405589699 0.026868639765773413 0.02112757936433655 0.03246222875826029 0.03246222875834902 0.35728020616431316 2.501660770070546
1330.0 15.77437094899934 -5.025738251135804 72.02402929172632 -389118.06862831366 3.188138897415687e-05 34.357697249951364 26.441133446084198 32.76466084521242 68.49599409138153 368.13602334170656 400.000000000001 -0.008818940512637801 1.3666696519722659 1.5930364047389443 0.019391830831347098 22.774889078975733 2.936735067072216e-08 0.04844762755700131 0.025409400087679383 0.023038215435145802 1.6209616475998927 0.027144709445233124 0.02130291811176819 0.032762890098830356 0.03276289009892092 0.3538165865424731 2.504572895498425
1340.0 15.789510445290912 -5.0331314578966735 72.2631784569561 -388790.70443560765 3.207208647162937e-05 34.49322573047216 26.45949733769524 32.88349144992472 68.10764519229893 367.6385120042257 400.000000000001 -0.008966666071543911 1.3797370853190654 1.6097342805474448 0.01973276975517662 22.954339240504645 2.9399986553684593e-08 0.04890110165970406 0.025656091059934875 0.023244998574444273 1.638350722590102 0.027421796599752586 0.021479305059951465 0.03306490508819465 0.033064905088287855 0.35040196934648893 2.507505286504895
1350.0 15.804755806059319 -5.040557023137178 72.5013027263177 -388463.06299040734 3.22666733748084e-05 34.630852371995154 26.477941139000073 33.00430351282573 67.71570078465038 367.1367169187288 400.000000000001 -0.00911598088480031 1.3928700456255347 1.626548859169426 0.020072835909916743 23.132851735063298 2.9432875814905245e-08 0.04935668651322023 0.025903894748173027 0.02345277974891896 1.655867862186771 0.027699893587898487 0.021656792925321744 0.03336830711195109 0.03336830711204672 0.34703521559655626 2.510458305316909
1360.0 15.820109187842483 -5.0480149335707365 72.73842903389892 -388135.1371272915 3.246528607378075e-05 34.77064654004888 26.4964674419518 33.127164914827624 67.32008684092827 366.6305516602549 400.000000000001 -0.00926690299675928 1.4060698131815732 1.6434816252212565 0.020411740318156464 23.310446520513274 2.946600653764369e-08 0.0498144284417927 0.02615282940606438 0.023661587029149972 1.6735147559675954 0.027978992434679516 0.021835436007113185 0.03367313067970515 0.03367313067980274 0.34371521813466444 2.5134323257740308
1370.0 15.83557282298021 -5.055505181281541 72.97458411323703 -387806.91939643875 3.266806757609777e-05 34.91268073662096 26.51507878106444 33.25214669124031 66.92072674102165 366.1199265463001 400.000000000001 -0.009419451090864003 1.419337697686944 1.6605340453806496 0.02074918200236193 23.487144889730452 2.949936597785085e-08 0.05027437506113043 0.026402913887277613 0.023871449177185665 1.6912930854194839 0.02825908480357993 0.022015290257550505 0.03397941146843718 0.033979411468537245 0.3404409003141131 2.5164277341039036
1380.0 15.851149023326878 -5.063027763826778 73.2097945203007 -387478.4020518034 3.287516793732712e-05 35.057030804214804 26.533777633770665 33.37932323721115 66.51754114364188 365.60474848422155 400.000000000001 -0.00957364451725829 1.4326750391825989 1.6777075670036523 0.021084847403592753 23.662969418043367 2.9532940549584276e-08 0.050736575324136536 0.026654167665380847 0.024082395672369434 1.7092045229161124 0.028540161977714577 0.02219641334642196 0.03428718636899429 0.034287186369096785 0.3372112147580359 2.519444929699084
1390.0 15.866840184205493 -5.070582684348602 73.44408665675897 -387149.57703845494 3.308674471805735e-05 35.203776142338924 26.552566420673465 33.50877252561907 66.11044785318235 365.0849208082576 400.000000000001 -0.009729503322076609 1.446083209060403 1.6950036167198503 0.021418409758967784 23.83794391103089 2.9566715809181604e-08 0.05120107957039506 0.026906610855150635 0.024294456739517464 1.7272507306849019 0.028822214847465354 0.022378864722929714 0.034596493535947695 0.034596493536052396 0.33402514228487346 2.5224843255044065
1400.0 15.882648788619704 -5.078169951696475 73.67748679360523 -386820.4359790224 3.3302963485457135e-05 35.352999942812204 26.571447505695808 33.64057634380731 65.69936166082046 364.56034310536313 400.000000000001 -0.009887048278532881 1.4595636111571677 1.7124235990048957 0.021749528434556957 24.012093352751318 2.9600676438130774e-08 0.051667939579690896 0.027160264235392036 0.024507663379618592 1.7454333597634961 0.029105233873715324 0.022562705705975582 0.03490737244108234 0.03490737244118907 0.3308816908724209 2.525546348412681
1410.0 15.898577411750455 -5.085789580560515 73.91002109523069 -386490.97015915305 3.352399835200313e-05 35.504789447255924 26.590423196132996 33.77482055252557 65.28419421150429 364.0309110289386 400.000000000001 -0.010046300919982223 1.4731176829401695 1.7299688947303522 0.022077848210121744 24.185443854511135 2.9634806224570482e-08 0.052137208629885634 0.027415149273394415 0.024722047403254427 1.7637540489469314 0.02938920907923124 0.022747999550654402 0.035219863930820584 0.035219863930929324 0.3277798943787129 2.5286314407575676
1420.0 15.914628725753243 -5.093441591616621 74.141715644013 -386161.17051192897 3.375003255519811e-05 35.65923621913959 26.609495742609976 33.91159535945077 64.86485382719184 363.4965160995493 400.000000000001 -0.010207283575095195 1.4867468967910673 1.74764085968881 0.022402998511678214 24.35802260419031 2.966908804332587e-08 0.05260894155947414 0.027671288151139933 0.024937641466947404 1.78221442372452 0.02967413001095417 0.02293481154851998 0.035534010287893145 0.03553401028800379 0.32471881172085953 2.5317400603660833
1430.0 15.93080550488685 -5.101126011684161 74.37259646552513 -385831.0276011354 3.398125909413002e-05 35.81643644359848 26.628667338947054 34.050995620504956 64.44124532707504 362.95704549154266 400.000000000001 -0.010370019405335424 1.5004527613967307 1.765440823093517 0.02272459258756543 24.52985781622175 2.9703503834383492e-08 0.053083194835206994 0.027928703793412932 0.025154479112673857 1.8008160952071255 0.029959985716453967 0.023123209118753027 0.035849855297618305 0.035849855297730784 0.3216975258370316 2.53487268150201
1440.0 15.947110630999457 -5.108842873897152 74.60268955445716 -385500.53160328994 3.421788141382093e-05 35.97649125202264 26.647940121935832 34.193121165972094 64.01326985164283 362.41238180431736 400.000000000001 -0.010534532444940408 1.5142368232559498 1.7833700860505348 0.023042226623166434 24.700978682249467 2.9738034579682964e-08 0.05356002662519187 0.028187419897963882 0.02537259481080152 1.8195606590442135 0.03024676472116416 0.02331326190402771 0.036167444319180765 0.03616744431929545 0.3187151426503304 2.538029796065519
1450.0 15.963547099403023 -5.116592217889878 74.83202090135609 -385169.67228832503 3.4460114154277514e-05 36.139507072850456 26.667316171026876 34.33807715284935 63.58082464654978 361.862402817014 400.000000000001 -0.010700847643615445 1.5281006683118812 1.8014299200011026 0.023355478788990233 24.871415322513236 2.9772660278088357e-08 0.05403949687792775 0.028447460967898432 0.025592024006734673 1.8384496943299675 0.03053445498088392 0.023505041897043836 0.03648682436234017 0.03648682436245649 0.3157707902243003 2.541211914174594
1460.0 15.98011802517107 -5.124374089998076 75.06061652030148 -384838.4389988014 3.4708183959000567e-05 36.305596014086305 26.68679750792996 34.48597444895463 63.14380285760611 361.3069812251357 400.000000000001 -0.010868990912183105 1.5420459237213726 1.8196215651316745 0.023663908216253464 25.04119873798531 2.980735991838151e-08 0.05452166740778264 0.028708852346481566 0.025812803171587698 1.8574847624976525 0.030823043865832164 0.023698623541950466 0.03680804417004581 0.03680804417016374 0.3128636178240752 2.544419565368866
1470.0 15.996826649893638 -5.132188543476875 75.28850247763049 -384506.8206275352 3.496233035968948e-05 36.47487627799492 26.706386096126415 34.63693004924708 62.702093290252854 360.74598435767814 400.000000000001 -0.01103898917145684 1.5560742597729922 1.8379462287478434 0.023967053893437618 25.210360763259878 2.984211145009371e-08 0.055006601987464626 0.02897162025456216 0.02603496985723172 1.8766674062002804 0.03111251810847138 0.023894083878993243 0.03713115430748244 0.03713115430760218 0.3099927951323418 2.547653299299824
1480.0 16.01367634893617 -5.140035638736834 75.51570492186211 -384174.80559347325 3.522280674315498e-05 36.6474726178653 26.72608384029373 34.79106753425628 62.2555801713452 360.17927387270595 400.000000000001 -0.011210870404624484 1.5701873919676934 1.8564050836090187 0.024264433476660106 25.378934020225497 2.987689175197505e-08 0.05549436644812278 0.02923579183085721 0.026258562756111138 1.8959991481765917 0.03140286377241659 0.024091502675706186 0.03745620725813752 0.037456207258258795 0.30715751124524215 2.55091368748206
1490.0 16.03067063924611 -5.14791544359956 75.74225011496283 -383842.3818156627 3.5489881415948724e-05 36.8235168374983 26.74589258564044 34.948517571279325 61.804142867877474 359.6067054297001 400.000000000001 -0.011384663713475244 1.5843870832768592 1.8749992662189747 0.024555542005865832 25.546951872501037 2.9911676597866896e-08 0.05598502878776192 0.029501395175348964 0.026483621766261428 1.9154814900997144 0.03169406620618073 0.02429096258158118 0.03778325752753376 0.037783257527656634 0.3043569738300443 2.554201324638408
1500.0 16.047813187757896 -5.155828033574535 75.96816446511527 -383509.53668513894 3.576383871598e-05 37.0031483099079 26.76581411714888 35.10941843484094 61.347655606946134 359.0281283362759 400.000000000001 -0.011560399378815209 1.5986751465943532 1.8937298750669558 0.02483985051793214 25.714448380608527 2.994644061971384e-08 0.05647865928874157 0.029768459396081966 0.02671018806201104 1.9351159114056586 0.0319861099960633 0.02449254929267826 0.03811236175535043 0.03811236175547466 0.3015904089599866 2.5575168274160887
1510.0 16.065107820454145 -5.163773492159013 76.1934745611719 -383176.2570345261 3.604498043843204e-05 37.18651466698951 26.785850158722553 35.273916698176244 60.88598716671647 358.4433851670865 400.000000000001 -0.011738108925497414 1.6130534474011045 1.9125979688132655 0.02511680454682324 25.881458257854337 2.998115726741976e-08 0.05697533064521701 0.030037014659677938 0.026938304170907597 1.9549038680983473 0.03227897891794065 0.024696351727276356 0.0384435788367336 0.03844357883685877 0.2988570576116262 2.560860846992446
1520.0 16.082558532145185 -5.171751911162965 76.4182072089887 -382842.52910513326 3.63336266213648e-05 37.37377208915866 26.80600237223338 35.44216752474661 60.41900053820221 357.85231135201764 400.000000000001 -0.01191782519248211 1.6275239066627565 1.9316045644120496 0.02538582249974025 26.048016826858188 3.0015798765211785e-08 0.057475118101477096 0.0303070922459219 0.02716801405746962 1.974846791526895 0.032572655878000116 0.024902462223476987 0.038776970053689984 0.038776970053815946 0.29615618483020667 2.5642340291148717
1530.0 16.100169497039055 -5.179763391061384 76.64238946986234 -382508.33851128997 3.6630119317522185e-05 37.56508737842518 26.826272356463612 35.61433674326187 59.94655255690793 357.25473473082434 400.000000000001 -0.01209958240844856 1.6420885039835855 1.9507506351633084 0.02564629389692121 26.214159976663584 3.0050336064135583e-08 0.0579780996022561 0.03057872460681901 0.027399363214441586 1.9949460871305336 0.032867122857387965 0.025110976744868133 0.03911259921756883 0.03911259921769551 0.2934870428368015 2.567637168491334
1540.0 16.11794508018493 -5.187808041376454 76.86604870132564 -382173.6702016272 3.693481593391803e-05 37.760633662047425 26.846661645935882 35.79059655336219 59.46849351781942 356.6504750705785 400.000000000001 -0.012283416273509207 1.6567492810428308 1.970037108685232 0.02589757746128043 26.37992412035497 3.008473879025823e-08 0.05848435595623175 0.030851945430571896 0.027632398762314672 2.0152031331460254 0.03316236084613933 0.02532199511009242 0.03945053282375902 0.03945053282388622 0.2908490022522702 2.5710706469021423
1550.0 16.13588984987135 -5.1958859810924185 77.0892126005534 -381838.50841701904 3.7248122177710555e-05 37.960610362425754 26.867171709621992 35.971145497630815 58.984666742610614 356.03934354241795 400.000000000001 -0.012469364047640423 1.6715083453416606 1.9894648647949387 0.026138999042359216 26.54534615303067 3.011897518809313e-08 0.05899397101403558 0.031126789710961923 0.027867169557955925 2.035619279269622 0.033458349767170076 0.025535621246865495 0.03979084021984379 0.03979084021997097 0.28824106816542155 2.574536520485731
1560.0 16.154008851045173 -5.2039973504674615 77.31190978098903 -381502.8357433133 3.757046091120375e-05 38.16521891444882 26.88780387786557 36.1561842378758 58.49489921387512 355.4211311596626 400.00000000000006 -0.012657466609585223 1.6863679575093586 2.0090346765730307 0.026369806922052486 26.710463737832296 3.015301041255185e-08 0.05950703572767906 0.03140329544608606 0.02810372855529847 2.056195811212934 0.03375506701582283 0.02575196871185623 0.04013359741576732 0.04013359741589418 0.285662907102191 2.578034157261904
1570.0 16.17230721370227 -5.212142293935808 77.53416897083147 -381166.63446918275 3.790228567486379e-05 38.374678346547306 26.9085594500334 36.34593105080749 57.999014990497486 354.7956253384534 400.00000000000006 -0.012847765500344846 1.7013304059851226 2.0287472957398176 0.026589235743846893 26.875314820862915 3.018680900549846e-08 0.060023642328897786 0.031681501193953014 0.028342129428088152 2.076934001978067 0.034052489548570194 0.025971152780327588 0.0404788816207451 0.04047888162087132 0.2831138639431688 2.5815643694121735
1580.0 16.19078985936069 -5.220320946293993 77.75601854110329 -380829.8876089502 3.824402206934946e-05 38.58919403882777 26.929439791610484 36.5405905161947 57.4968452827712 354.1626223123004 400.00000000000006 -0.013040300663826184 1.7163979117784323 2.0486035226330843 0.026796553907942514 27.03993688009583 3.022033691478855e-08 0.06054387993137502 0.03196144417763512 0.028582424066954083 2.0978351536109896 0.03435059541641949 0.026193284514955544 0.04082676712020245 0.040826767120327685 0.28059332105697443 2.585127713189487
1590.0 16.209461709538527 -5.228533442338562 77.97748686282718 -380492.57817693974 3.859609569531967e-05 38.808971371396886 26.950446268081883 36.74036721380627 56.988221300989906 353.5219183147147 400.00000000000006 -0.01323511204393617 1.7315726958987712 2.068604157590621 0.026991029814539474 27.204367393504413 3.025356008827778e-08 0.061067837648794206 0.032243161620204824 0.02882466436252543 2.118900568157677 0.03464936267037809 0.02641847497841613 0.041177328199564794 0.041177328199688695 0.27810066081222834 2.5887247448468003
1600.0 16.228327685753868 -5.236779916866065 78.19860230702587 -380154.68918747525 3.89589321534333e-05 39.034215724361324 26.971580244932674 36.94546572341111 56.47297425544724 352.87330957920716 400.00000000000006 -0.013432239584581725 1.7468569793556221 2.088750000950218 0.027171931863837907 27.368643839062035 3.0286444473821826e-08 0.06159560459483877 0.032526690744734556 0.029068902205431367 2.140131547664104 0.0349487693614534 0.026646835233385388 0.04153063914425756 0.04153063914437976 0.2756352655775506 2.592356020637068
