#T volume alpha alpha_xx alpha_yy alpha_zz alpha_yz alpha_zy alpha_xz alpha_zx alpha_xy alpha_yx
0.0  14.405328   0.0000e+00  -6.5122e-08  -7.8479e-08  -8.6192e-08  -1.8751e-09  -4.0040e-09  -2.8244e-10  -3.9742e-09  -4.5979e-09  -1.0354e-08
10.0  14.405373   3.9930e-07   3.3947e-07   4.0910e-07   4.4935e-07   9.8015e-09   2.0932e-08   1.4640e-09   2.0716e-08   2.3944e-08   5.3942e-08
20.0  14.405772   1.5605e-06   1.3267e-06   1.5988e-06   1.7561e-06   3.8325e-08   8.1848e-08   5.7152e-09   8.0959e-08   9.3558e-08   2.1078e-07
30.0  14.406779   3.1174e-06   2.6501e-06   3.1938e-06   3.5081e-06   7.6620e-08   1.6364e-07   1.1398e-08   1.6172e-07   1.8683e-07   4.2097e-07
40.0  14.408472   4.7098e-06   4.0038e-06   4.8252e-06   5.3003e-06   1.1592e-07   2.4758e-07   1.7175e-08   2.4433e-07   2.8210e-07   6.3578e-07
50.0  14.410841   6.2329e-06   5.2984e-06   6.3855e-06   7.0145e-06   1.5372e-07   3.2833e-07   2.2657e-08   3.2338e-07   3.7303e-07   8.4092e-07
60.0  14.413845   7.6455e-06   6.4992e-06   7.8326e-06   8.6046e-06   1.8907e-07   4.0385e-07   2.7703e-08   3.9679e-07   4.5708e-07   1.0308e-06
70.0  14.417436   8.9397e-06   7.5991e-06   9.1582e-06   1.0061e-05   2.2183e-07   4.7382e-07   3.2306e-08   4.6425e-07   5.3374e-07   1.2042e-06
80.0  14.421562   1.0115e-05   8.5980e-06   1.0362e-05   1.1384e-05   2.5203e-07   5.3831e-07   3.6499e-08   5.2582e-07   6.0295e-07   1.3610e-06
90.0  14.426172   1.1175e-05   9.4991e-06   1.1448e-05   1.2578e-05   2.7981e-07   5.9762e-07   4.0342e-08   5.8186e-07   6.6492e-07   1.5017e-06
100.0  14.431219   1.2127e-05   1.0308e-05   1.2422e-05   1.3649e-05   3.0538e-07   6.5214e-07   4.3906e-08   6.3285e-07   7.2003e-07   1.6271e-06
110.0  14.436658   1.2978e-05   1.1033e-05   1.3295e-05   1.4608e-05   3.2898e-07   7.0237e-07   4.7274e-08   6.7935e-07   7.6877e-07   1.7384e-06
120.0  14.442448   1.3739e-05   1.1680e-05   1.4074e-05   1.5463e-05   3.5085e-07   7.4884e-07   5.0529e-08   7.2198e-07   8.1168e-07   1.8367e-06
130.0  14.448552   1.4418e-05   1.2259e-05   1.4770e-05   1.6227e-05   3.7126e-07   7.9210e-07   5.3756e-08   7.6138e-07   8.4932e-07   1.9234e-06
140.0  14.454937   1.5026e-05   1.2776e-05   1.5392e-05   1.6909e-05   3.9047e-07   8.3265e-07   5.7035e-08   7.9813e-07   8.8225e-07   1.9995e-06
150.0  14.461575   1.5570e-05   1.3241e-05   1.5949e-05   1.7519e-05   4.0870e-07   8.7100e-07   6.0440e-08   8.3282e-07   9.1098e-07   2.0663e-06
160.0  14.468439   1.6058e-05   1.3658e-05   1.6449e-05   1.8065e-05   4.2618e-07   9.0759e-07   6.4040e-08   8.6595e-07   9.3598e-07   2.1248e-06
170.0  14.475508   1.6498e-05   1.4036e-05   1.6900e-05   1.8557e-05   4.4310e-07   9.4282e-07   6.7898e-08   8.9799e-07   9.5767e-07   2.1760e-06
180.0  14.482761   1.6895e-05   1.4378e-05   1.7308e-05   1.9000e-05   4.5962e-07   9.7704e-07   7.2069e-08   9.2935e-07   9.7642e-07   2.2207e-06
190.0  14.490184   1.7256e-05   1.4689e-05   1.7678e-05   1.9400e-05   4.7591e-07   1.0106e-06   7.6604e-08   9.6041e-07   9.9255e-07   2.2595e-06
200.0  14.497760   1.7585e-05   1.4974e-05   1.8016e-05   1.9764e-05   4.9209e-07   1.0437e-06   8.1550e-08   9.9148e-07   1.0063e-06   2.2932e-06
210.0  14.505476   1.7886e-05   1.5237e-05   1.8326e-05   2.0095e-05   5.0829e-07   1.0767e-06   8.6948e-08   1.0229e-06   1.0180e-06   2.3222e-06
220.0  14.513323   1.8163e-05   1.5479e-05   1.8610e-05   2.0398e-05   5.2461e-07   1.1097e-06   9.2837e-08   1.0548e-06   1.0278e-06   2.3470e-06
230.0  14.521289   1.8418e-05   1.5705e-05   1.8874e-05   2.0676e-05   5.4114e-07   1.1429e-06   9.9251e-08   1.0875e-06   1.0359e-06   2.3681e-06
240.0  14.529368   1.8655e-05   1.5915e-05   1.9119e-05   2.0931e-05   5.5796e-07   1.1766e-06   1.0622e-07   1.1213e-06   1.0425e-06   2.3856e-06
250.0  14.537550   1.8876e-05   1.6113e-05   1.9347e-05   2.1168e-05   5.7516e-07   1.2108e-06   1.1378e-07   1.1562e-06   1.0476e-06   2.4001e-06
260.0  14.545830   1.9083e-05   1.6300e-05   1.9561e-05   2.1386e-05   5.9279e-07   1.2457e-06   1.2196e-07   1.1924e-06   1.0514e-06   2.4116e-06
270.0  14.554203   1.9277e-05   1.6477e-05   1.9762e-05   2.1590e-05   6.1092e-07   1.2814e-06   1.3078e-07   1.2301e-06   1.0540e-06   2.4204e-06
280.0  14.562662   1.9460e-05   1.6646e-05   1.9953e-05   2.1780e-05   6.2959e-07   1.3180e-06   1.4027e-07   1.2694e-06   1.0554e-06   2.4268e-06
290.0  14.571205   1.9633e-05   1.6807e-05   2.0134e-05   2.1957e-05   6.4887e-07   1.3557e-06   1.5045e-07   1.3105e-06   1.0558e-06   2.4307e-06
300.0  14.579826   1.9798e-05   1.6963e-05   2.0306e-05   2.2123e-05   6.6879e-07   1.3945e-06   1.6135e-07   1.3535e-06   1.0551e-06   2.4324e-06
310.0  14.588522   1.9955e-05   1.7113e-05   2.0471e-05   2.2279e-05   6.8941e-07   1.4345e-06   1.7299e-07   1.3984e-06   1.0535e-06   2.4320e-06
320.0  14.597291   2.0105e-05   1.7259e-05   2.0630e-05   2.2427e-05   7.1075e-07   1.4757e-06   1.8540e-07   1.4454e-06   1.0510e-06   2.4296e-06
330.0  14.606130   2.0250e-05   1.7401e-05   2.0782e-05   2.2566e-05   7.3286e-07   1.5183e-06   1.9859e-07   1.4946e-06   1.0476e-06   2.4253e-06
340.0  14.615037   2.0389e-05   1.7540e-05   2.0930e-05   2.2697e-05   7.5578e-07   1.5624e-06   2.1260e-07   1.5461e-06   1.0433e-06   2.4190e-06
350.0  14.624009   2.0524e-05   1.7676e-05   2.1073e-05   2.2822e-05   7.7954e-07   1.6079e-06   2.2743e-07   1.6000e-06   1.0382e-06   2.4110e-06
360.0  14.633045   2.0654e-05   1.7810e-05   2.1213e-05   2.2940e-05   8.0417e-07   1.6550e-06   2.4312e-07   1.6563e-06   1.0323e-06   2.4012e-06
370.0  14.642143   2.0781e-05   1.7942e-05   2.1349e-05   2.3053e-05   8.2971e-07   1.7037e-06   2.5969e-07   1.7151e-06   1.0256e-06   2.3896e-06
380.0  14.651302   2.0905e-05   1.8073e-05   2.1482e-05   2.3160e-05   8.5619e-07   1.7541e-06   2.7716e-07   1.7766e-06   1.0181e-06   2.3764e-06
390.0  14.660520   2.1026e-05   1.8203e-05   2.1613e-05   2.3262e-05   8.8365e-07   1.8063e-06   2.9555e-07   1.8408e-06   1.0099e-06   2.3614e-06
400.0  14.669796   2.1144e-05   1.8332e-05   2.1742e-05   2.3359e-05   9.1210e-07   1.8603e-06   3.1488e-07   1.9078e-06   1.0009e-06   2.3448e-06
410.0  14.679131   2.1261e-05   1.8461e-05   2.1869e-05   2.3452e-05   9.4160e-07   1.9161e-06   3.3519e-07   1.9777e-06   9.9114e-07   2.3265e-06
420.0  14.688521   2.1375e-05   1.8589e-05   2.1994e-05   2.3541e-05   9.7216e-07   1.9738e-06   3.5649e-07   2.0506e-06   9.8064e-07   2.3066e-06
430.0  14.697968   2.1488e-05   1.8718e-05   2.2118e-05   2.3627e-05   1.0038e-06   2.0336e-06   3.7882e-07   2.1265e-06   9.6938e-07   2.2851e-06
440.0  14.707471   2.1599e-05   1.8848e-05   2.2241e-05   2.3708e-05   1.0366e-06   2.0953e-06   4.0218e-07   2.2056e-06   9.5737e-07   2.2619e-06
450.0  14.717028   2.1709e-05   1.8978e-05   2.2363e-05   2.3786e-05   1.0706e-06   2.1592e-06   4.2662e-07   2.2879e-06   9.4460e-07   2.2370e-06
460.0  14.726640   2.1818e-05   1.9108e-05   2.2485e-05   2.3861e-05   1.1057e-06   2.2253e-06   4.5215e-07   2.3735e-06   9.3108e-07   2.2105e-06
470.0  14.736307   2.1926e-05   1.9240e-05   2.2606e-05   2.3933e-05   1.1421e-06   2.2935e-06   4.7881e-07   2.4625e-06   9.1679e-07   2.1823e-06
480.0  14.746027   2.2034e-05   1.9373e-05   2.2728e-05   2.4001e-05   1.1797e-06   2.3641e-06   5.0661e-07   2.5551e-06   9.0173e-07   2.1524e-06
490.0  14.755801   2.2141e-05   1.9507e-05   2.2849e-05   2.4067e-05   1.2186e-06   2.4370e-06   5.3560e-07   2.6512e-06   8.8589e-07   2.1209e-06
500.0  14.765629   2.2247e-05   1.9643e-05   2.2970e-05   2.4130e-05   1.2589e-06   2.5123e-06   5.6579e-07   2.7510e-06   8.6925e-07   2.0875e-06
510.0  14.775511   2.2354e-05   1.9780e-05   2.3091e-05   2.4190e-05   1.3005e-06   2.5900e-06   5.9723e-07   2.8546e-06   8.5182e-07   2.0525e-06
520.0  14.785447   2.2460e-05   1.9919e-05   2.3213e-05   2.4248e-05   1.3435e-06   2.6703e-06   6.2993e-07   2.9621e-06   8.3358e-07   2.0157e-06
530.0  14.795436   2.2566e-05   2.0060e-05   2.3335e-05   2.4303e-05   1.3879e-06   2.7532e-06   6.6393e-07   3.0735e-06   8.1451e-07   1.9770e-06
540.0  14.805479   2.2672e-05   2.0203e-05   2.3458e-05   2.4355e-05   1.4338e-06   2.8388e-06   6.9927e-07   3.1891e-06   7.9460e-07   1.9366e-06
550.0  14.815576   2.2778e-05   2.0348e-05   2.3582e-05   2.4405e-05   1.4813e-06   2.9272e-06   7.3597e-07   3.3088e-06   7.7385e-07   1.8942e-06
560.0  14.825727   2.2885e-05   2.0496e-05   2.3707e-05   2.4453e-05   1.5303e-06   3.0183e-06   7.7408e-07   3.4329e-06   7.5222e-07   1.8500e-06
570.0  14.835933   2.2992e-05   2.0646e-05   2.3832e-05   2.4498e-05   1.5808e-06   3.1124e-06   8.1362e-07   3.5614e-06   7.2970e-07   1.8039e-06
580.0  14.846193   2.3099e-05   2.0799e-05   2.3959e-05   2.4540e-05   1.6330e-06   3.2094e-06   8.5464e-07   3.6944e-06   7.0629e-07   1.7557e-06
590.0  14.856509   2.3207e-05   2.0954e-05   2.4087e-05   2.4581e-05   1.6869e-06   3.3095e-06   8.9717e-07   3.8320e-06   6.8195e-07   1.7056e-06
600.0  14.866880   2.3315e-05   2.1112e-05   2.4216e-05   2.4619e-05   1.7425e-06   3.4127e-06   9.4125e-07   3.9745e-06   6.5667e-07   1.6534e-06
610.0  14.877306   2.3424e-05   2.1274e-05   2.4346e-05   2.4654e-05   1.7999e-06   3.5191e-06   9.8693e-07   4.1218e-06   6.3043e-07   1.5991e-06
620.0  14.887789   2.3534e-05   2.1438e-05   2.4478e-05   2.4687e-05   1.8591e-06   3.6288e-06   1.0342e-06   4.2742e-06   6.0320e-07   1.5426e-06
630.0  14.898328   2.3644e-05   2.1605e-05   2.4611e-05   2.4718e-05   1.9201e-06   3.7419e-06   1.0832e-06   4.4318e-06   5.7497e-07   1.4840e-06
640.0  14.908924   2.3755e-05   2.1776e-05   2.4746e-05   2.4747e-05   1.9831e-06   3.8585e-06   1.1339e-06   4.5947e-06   5.4571e-07   1.4231e-06
650.0  14.919578   2.3868e-05   2.1951e-05   2.4883e-05   2.4773e-05   2.0480e-06   3.9787e-06   1.1864e-06   4.7631e-06   5.1538e-07   1.3599e-06
660.0  14.930289   2.3971e-05   2.2119e-05   2.5011e-05   2.4786e-05   2.1140e-06   4.1007e-06   1.2401e-06   4.9347e-06   4.8383e-07   1.2939e-06
670.0  14.941049   2.4058e-05   2.2272e-05   2.5122e-05   2.4782e-05   2.1794e-06   4.2215e-06   1.2932e-06   5.1040e-06   4.5164e-07   1.2266e-06
680.0  14.951855   2.4140e-05   2.2419e-05   2.5228e-05   2.4775e-05   2.2444e-06   4.3416e-06   1.3453e-06   5.2705e-06   4.1960e-07   1.1601e-06
690.0  14.962705   2.4222e-05   2.2565e-05   2.5335e-05   2.4770e-05   2.3097e-06   4.4621e-06   1.3966e-06   5.4353e-06   3.8782e-07   1.0945e-06
700.0  14.973601   2.4305e-05   2.2709e-05   2.5442e-05   2.4768e-05   2.3751e-06   4.5829e-06   1.4472e-06   5.5983e-06   3.5628e-07   1.0299e-06
710.0  14.984542   2.4389e-05   2.2852e-05   2.5550e-05   2.4767e-05   2.4406e-06   4.7040e-06   1.4970e-06   5.7595e-06   3.2501e-07   9.6634e-07
720.0  14.995528   2.4473e-05   2.2993e-05   2.5659e-05   2.4770e-05   2.5063e-06   4.8255e-06   1.5460e-06   5.9188e-06   2.9402e-07   9.0387e-07
730.0  15.006561   2.4557e-05   2.3132e-05   2.5768e-05   2.4774e-05   2.5721e-06   4.9472e-06   1.5941e-06   6.0762e-06   2.6332e-07   8.4250e-07
740.0  15.017639   2.4642e-05   2.3270e-05   2.5877e-05   2.4781e-05   2.6381e-06   5.0693e-06   1.6414e-06   6.2315e-06   2.3293e-07   7.8228e-07
750.0  15.028764   2.4727e-05   2.3406e-05   2.5988e-05   2.4791e-05   2.7042e-06   5.1916e-06   1.6878e-06   6.3847e-06   2.0284e-07   7.2324e-07
760.0  15.039936   2.4813e-05   2.3541e-05   2.6099e-05   2.4804e-05   2.7704e-06   5.3143e-06   1.7333e-06   6.5358e-06   1.7308e-07   6.6542e-07
770.0  15.051156   2.4900e-05   2.3674e-05   2.6211e-05   2.4819e-05   2.8368e-06   5.4372e-06   1.7779e-06   6.6847e-06   1.4366e-07   6.0886e-07
780.0  15.062423   2.4987e-05   2.3805e-05   2.6323e-05   2.4838e-05   2.9033e-06   5.5605e-06   1.8215e-06   6.8313e-06   1.1458e-07   5.5360e-07
790.0  15.073738   2.5076e-05   2.3934e-05   2.6437e-05   2.4859e-05   2.9700e-06   5.6840e-06   1.8641e-06   6.9755e-06   8.5873e-08   4.9967e-07
800.0  15.085102   2.5164e-05   2.4062e-05   2.6551e-05   2.4884e-05   3.0367e-06   5.8079e-06   1.9057e-06   7.1173e-06   5.7535e-08   4.4713e-07
810.0  15.096515   2.5254e-05   2.4187e-05   2.6666e-05   2.4912e-05   3.1037e-06   5.9320e-06   1.9463e-06   7.2567e-06   2.9585e-08   3.9600e-07
820.0  15.107977   2.5344e-05   2.4311e-05   2.6782e-05   2.4943e-05   3.1707e-06   6.0565e-06   1.9858e-06   7.3935e-06   2.0348e-09   3.4633e-07
830.0  15.119489   2.5435e-05   2.4433e-05   2.6899e-05   2.4978e-05   3.2379e-06   6.1812e-06   2.0241e-06   7.5277e-06  -2.5102e-08   2.9816e-07
840.0  15.131051   2.5528e-05   2.4553e-05   2.7017e-05   2.5016e-05   3.3052e-06   6.3062e-06   2.0614e-06   7.6592e-06  -5.1812e-08   2.5154e-07
850.0  15.142665   2.5620e-05   2.4671e-05   2.7136e-05   2.5058e-05   3.3726e-06   6.4315e-06   2.0975e-06   7.7879e-06  -7.8081e-08   2.0651e-07
860.0  15.154329   2.5714e-05   2.4787e-05   2.7255e-05   2.5104e-05   3.4402e-06   6.5571e-06   2.1324e-06   7.9137e-06  -1.0390e-07   1.6311e-07
870.0  15.166046   2.5809e-05   2.4900e-05   2.7376e-05   2.5153e-05   3.5079e-06   6.6830e-06   2.1661e-06   8.0366e-06  -1.2924e-07   1.2141e-07
880.0  15.177815   2.5905e-05   2.5012e-05   2.7498e-05   2.5207e-05   3.5757e-06   6.8091e-06   2.1985e-06   8.1565e-06  -1.5410e-07   8.1428e-08
890.0  15.189637   2.6002e-05   2.5121e-05   2.7622e-05   2.5265e-05   3.6436e-06   6.9356e-06   2.2296e-06   8.2732e-06  -1.7846e-07   4.3232e-08
900.0  15.201512   2.6099e-05   2.5228e-05   2.7746e-05   2.5326e-05   3.7116e-06   7.0623e-06   2.2593e-06   8.3868e-06  -2.0230e-07   6.8695e-09
910.0  15.213442   2.6198e-05   2.5333e-05   2.7871e-05   2.5393e-05   3.7798e-06   7.1893e-06   2.2877e-06   8.4970e-06  -2.2562e-07  -2.7608e-08
920.0  15.225427   2.6298e-05   2.5436e-05   2.7998e-05   2.5463e-05   3.8480e-06   7.3166e-06   2.3147e-06   8.6039e-06  -2.4838e-07  -6.0147e-08
930.0  15.237467   2.6400e-05   2.5535e-05   2.8126e-05   2.5539e-05   3.9164e-06   7.4442e-06   2.3403e-06   8.7073e-06  -2.7058e-07  -9.0692e-08
940.0  15.249563   2.6502e-05   2.5633e-05   2.8255e-05   2.5619e-05   3.9849e-06   7.5720e-06   2.3643e-06   8.8070e-06  -2.9220e-07  -1.1918e-07
950.0  15.261715   2.6605e-05   2.5728e-05   2.8386e-05   2.5704e-05   4.0535e-06   7.7001e-06   2.3869e-06   8.9031e-06  -3.1321e-07  -1.4557e-07
960.0  15.273925   2.6710e-05   2.5820e-05   2.8518e-05   2.5793e-05   4.1222e-06   7.8285e-06   2.4078e-06   8.9954e-06  -3.3361e-07  -1.6978e-07
970.0  15.286194   2.6816e-05   2.5909e-05   2.8651e-05   2.5888e-05   4.1911e-06   7.9571e-06   2.4271e-06   9.0838e-06  -3.5336e-07  -1.9176e-07
980.0  15.298521   2.6924e-05   2.5996e-05   2.8786e-05   2.5989e-05   4.2600e-06   8.0860e-06   2.4448e-06   9.1681e-06  -3.7246e-07  -2.1143e-07
990.0  15.310907   2.7032e-05   2.6080e-05   2.8922e-05   2.6094e-05   4.3290e-06   8.2152e-06   2.4608e-06   9.2483e-06  -3.9088e-07  -2.2875e-07
1000.0  15.323354   2.7142e-05   2.6161e-05   2.9060e-05   2.6206e-05   4.3981e-06   8.3447e-06   2.4750e-06   9.3243e-06  -4.0860e-07  -2.4363e-07
1010.0  15.335862   2.7254e-05   2.6239e-05   2.9199e-05   2.6323e-05   4.4674e-06   8.4743e-06   2.4874e-06   9.3958e-06  -4.2559e-07  -2.5600e-07
1020.0  15.348432   2.7367e-05   2.6313e-05   2.9340e-05   2.6446e-05   4.5367e-06   8.6043e-06   2.4979e-06   9.4628e-06  -4.4184e-07  -2.6580e-07
1030.0  15.361065   2.7481e-05   2.6385e-05   2.9483e-05   2.6575e-05   4.6061e-06   8.7345e-06   2.5065e-06   9.5252e-06  -4.5732e-07  -2.7294e-07
1040.0  15.373761   2.7597e-05   2.6453e-05   2.9627e-05   2.6710e-05   4.6756e-06   8.8649e-06   2.5132e-06   9.5827e-06  -4.7201e-07  -2.7734e-07
1050.0  15.386522   2.7715e-05   2.6518e-05   2.9773e-05   2.6852e-05   4.7452e-06   8.9956e-06   2.5178e-06   9.6353e-06  -4.8588e-07  -2.7893e-07
1060.0  15.399348   2.7834e-05   2.6580e-05   2.9921e-05   2.7000e-05   4.8149e-06   9.1266e-06   2.5203e-06   9.6828e-06  -4.9890e-07  -2.7762e-07
1070.0  15.412240   2.7955e-05   2.6637e-05   3.0070e-05   2.7155e-05   4.8846e-06   9.2578e-06   2.5206e-06   9.7250e-06  -5.1106e-07  -2.7331e-07
1080.0  15.425199   2.8078e-05   2.6692e-05   3.0222e-05   2.7317e-05   4.9544e-06   9.3892e-06   2.5188e-06   9.7618e-06  -5.2231e-07  -2.6593e-07
1090.0  15.438227   2.8202e-05   2.6742e-05   3.0375e-05   2.7487e-05   5.0243e-06   9.5208e-06   2.5146e-06   9.7930e-06  -5.3263e-07  -2.5538e-07
1100.0  15.451323   2.8329e-05   2.6788e-05   3.0531e-05   2.7663e-05   5.0943e-06   9.6527e-06   2.5081e-06   9.8185e-06  -5.4200e-07  -2.4155e-07
1110.0  15.464490   2.8457e-05   2.6831e-05   3.0688e-05   2.7848e-05   5.1643e-06   9.7847e-06   2.4992e-06   9.8380e-06  -5.5038e-07  -2.2435e-07
1120.0  15.477728   2.8587e-05   2.6869e-05   3.0848e-05   2.8040e-05   5.2344e-06   9.9170e-06   2.4877e-06   9.8513e-06  -5.5773e-07  -2.0368e-07
1130.0  15.491038   2.8719e-05   2.6903e-05   3.1009e-05   2.8241e-05   5.3046e-06   1.0050e-05   2.4737e-06   9.8584e-06  -5.6403e-07  -1.7941e-07
1140.0  15.504422   2.8853e-05   2.6932e-05   3.1173e-05   2.8449e-05   5.3748e-06   1.0182e-05   2.4570e-06   9.8589e-06  -5.6924e-07  -1.5144e-07
1150.0  15.517880   2.8989e-05   2.6957e-05   3.1339e-05   2.8667e-05   5.4450e-06   1.0315e-05   2.4376e-06   9.8526e-06  -5.7331e-07  -1.1965e-07
1160.0  15.531413   2.9128e-05   2.6977e-05   3.1508e-05   2.8893e-05   5.5153e-06   1.0448e-05   2.4153e-06   9.8394e-06  -5.7622e-07  -8.3920e-08
1170.0  15.545024   2.9268e-05   2.6993e-05   3.1679e-05   2.9129e-05   5.5857e-06   1.0581e-05   2.3901e-06   9.8189e-06  -5.7793e-07  -4.4116e-08
1180.0  15.558712   2.9411e-05   2.7003e-05   3.1852e-05   2.9374e-05   5.6560e-06   1.0715e-05   2.3619e-06   9.7910e-06  -5.7839e-07  -1.0627e-10
1190.0  15.572480   2.9556e-05   2.7008e-05   3.2028e-05   2.9628e-05   5.7264e-06   1.0848e-05   2.3305e-06   9.7555e-06  -5.7756e-07   4.8248e-08
1200.0  15.586329   2.9704e-05   2.7008e-05   3.2206e-05   2.9893e-05   5.7968e-06   1.0982e-05   2.2960e-06   9.7119e-06  -5.7539e-07   1.0109e-07
1210.0  15.600259   2.9854e-05   2.7002e-05   3.2387e-05   3.0169e-05   5.8672e-06   1.1116e-05   2.2581e-06   9.6602e-06  -5.7184e-07   1.5857e-07
1220.0  15.614273   3.0007e-05   2.6990e-05   3.2571e-05   3.0455e-05   5.9377e-06   1.1250e-05   2.2167e-06   9.5999e-06  -5.6686e-07   2.2086e-07
1230.0  15.628372   3.0162e-05   2.6972e-05   3.2758e-05   3.0752e-05   6.0081e-06   1.1384e-05   2.1718e-06   9.5308e-06  -5.6039e-07   2.8810e-07
1240.0  15.642557   3.0320e-05   2.6949e-05   3.2948e-05   3.1060e-05   6.0785e-06   1.1518e-05   2.1232e-06   9.4527e-06  -5.5239e-07   3.6048e-07
1250.0  15.656830   3.0481e-05   2.6919e-05   3.3140e-05   3.1381e-05   6.1489e-06   1.1653e-05   2.0708e-06   9.3650e-06  -5.4280e-07   4.3817e-07
1260.0  15.671192   3.0645e-05   2.6882e-05   3.3336e-05   3.1713e-05   6.2192e-06   1.1787e-05   2.0144e-06   9.2676e-06  -5.3157e-07   5.2136e-07
1270.0  15.685645   3.0812e-05   2.6838e-05   3.3535e-05   3.2058e-05   6.2896e-06   1.1922e-05   1.9540e-06   9.1601e-06  -5.1862e-07   6.1025e-07
1280.0  15.700191   3.0982e-05   2.6788e-05   3.3738e-05   3.2417e-05   6.3598e-06   1.2056e-05   1.8893e-06   9.0421e-06  -5.0389e-07   7.0503e-07
1290.0  15.714831   3.1155e-05   2.6730e-05   3.3943e-05   3.2789e-05   6.4301e-06   1.2191e-05   1.8202e-06   8.9132e-06  -4.8733e-07   8.0594e-07
1300.0  15.729567   3.1331e-05   2.6664e-05   3.4153e-05   3.3175e-05   6.5002e-06   1.2325e-05   1.7466e-06   8.7731e-06  -4.6885e-07   9.1318e-07
1310.0  15.744401   3.1511e-05   2.6590e-05   3.4366e-05   3.3575e-05   6.5703e-06   1.2460e-05   1.6683e-06   8.6212e-06  -4.4839e-07   1.0270e-06
1320.0  15.759335   3.1694e-05   2.6508e-05   3.4582e-05   3.3991e-05   6.6402e-06   1.2595e-05   1.5851e-06   8.4572e-06  -4.2587e-07   1.1477e-06
1330.0  15.774371   3.1881e-05   2.6418e-05   3.4803e-05   3.4422e-05   6.7101e-06   1.2729e-05   1.4968e-06   8.2805e-06  -4.0121e-07   1.2754e-06
1340.0  15.789511   3.2072e-05   2.6319e-05   3.5028e-05   3.4870e-05   6.7799e-06   1.2864e-05   1.4032e-06   8.0907e-06  -3.7432e-07   1.4105e-06
1350.0  15.804756   3.2267e-05   2.6211e-05   3.5256e-05   3.5334e-05   6.8495e-06   1.2998e-05   1.3042e-06   7.8874e-06  -3.4511e-07   1.5532e-06
1360.0  15.820109   3.2465e-05   2.6093e-05   3.5489e-05   3.5815e-05   6.9190e-06   1.3132e-05   1.1995e-06   7.6698e-06  -3.1350e-07   1.7039e-06
1370.0  15.835573   3.2668e-05   2.5965e-05   3.5727e-05   3.6315e-05   6.9883e-06   1.3266e-05   1.0889e-06   7.4375e-06  -2.7937e-07   1.8628e-06
1380.0  15.851149   3.2875e-05   2.5826e-05   3.5969e-05   3.6833e-05   7.0574e-06   1.3400e-05   9.7217e-07   7.1899e-06  -2.4263e-07   2.0303e-06
1390.0  15.866840   3.3087e-05   2.5677e-05   3.6216e-05   3.7371e-05   7.1263e-06   1.3534e-05   8.4904e-07   6.9264e-06  -2.0317e-07   2.2067e-06
1400.0  15.882649   3.3303e-05   2.5516e-05   3.6468e-05   3.7930e-05   7.1950e-06   1.3668e-05   7.1925e-07   6.6462e-06  -1.6087e-07   2.3925e-06
1410.0  15.898578   3.3524e-05   2.5344e-05   3.6725e-05   3.8509e-05   7.2635e-06   1.3801e-05   5.8254e-07   6.3487e-06  -1.1561e-07   2.5880e-06
1420.0  15.914629   3.3750e-05   2.5160e-05   3.6987e-05   3.9110e-05   7.3317e-06   1.3934e-05   4.3861e-07   6.0331e-06  -6.7265e-08   2.7935e-06
1430.0  15.930806   3.3981e-05   2.4962e-05   3.7255e-05   3.9734e-05   7.3996e-06   1.4067e-05   2.8716e-07   5.6987e-06  -1.5692e-08   3.0097e-06
1440.0  15.947111   3.4218e-05   2.4752e-05   3.7529e-05   4.0382e-05   7.4672e-06   1.4199e-05   1.2786e-07   5.3447e-06   3.9249e-08   3.2368e-06
1450.0  15.963547   3.4460e-05   2.4527e-05   3.7808e-05   4.1055e-05   7.5345e-06   1.4331e-05  -3.9639e-08   4.9701e-06   9.7712e-08   3.4754e-06
1460.0  15.980118   3.4708e-05   2.4288e-05   3.8094e-05   4.1754e-05   7.6014e-06   1.4462e-05  -2.1569e-07   4.5740e-06   1.5986e-07   3.7260e-06
1470.0  15.996827   3.4962e-05   2.4033e-05   3.8386e-05   4.2479e-05   7.6679e-06   1.4593e-05  -4.0068e-07   4.1555e-06   2.2586e-07   3.9892e-06
1480.0  16.013677   3.5223e-05   2.3762e-05   3.8685e-05   4.3233e-05   7.7340e-06   1.4723e-05  -5.9503e-07   3.7135e-06   2.9589e-07   4.2655e-06
1490.0  16.030671   3.5490e-05   2.3475e-05   3.8991e-05   4.4017e-05   7.7997e-06   1.4853e-05  -7.9915e-07   3.2470e-06   3.7016e-07   4.5555e-06
1500.0  16.047814   3.5764e-05   2.3170e-05   3.9304e-05   4.4831e-05   7.8648e-06   1.4982e-05  -1.0135e-06   2.7547e-06   4.4885e-07   4.8600e-06
1510.0  16.065108   3.6045e-05   2.2846e-05   3.9625e-05   4.5677e-05   7.9295e-06   1.5110e-05  -1.2386e-06   2.2354e-06   5.3220e-07   5.1795e-06
1520.0  16.082559   3.6334e-05   2.2503e-05   3.9954e-05   4.6557e-05   7.9935e-06   1.5237e-05  -1.4750e-06   1.6878e-06   6.2044e-07   5.5148e-06
1530.0  16.100170   3.6630e-05   2.2140e-05   4.0291e-05   4.7472e-05   8.0570e-06   1.5364e-05  -1.7231e-06   1.1104e-06   7.1381e-07   5.8668e-06
1540.0  16.117946   3.6935e-05   2.1755e-05   4.0636e-05   4.8425e-05   8.1197e-06   1.5489e-05  -1.9837e-06   5.0180e-07   8.1257e-07   6.2363e-06
1550.0  16.135891   3.7248e-05   2.1348e-05   4.0991e-05   4.9416e-05   8.1818e-06   1.5614e-05  -2.2573e-06  -1.3965e-07   9.1702e-07   6.6241e-06
1560.0  16.154009   3.7571e-05   2.0917e-05   4.1356e-05   5.0448e-05   8.2431e-06   1.5737e-05  -2.5446e-06  -8.1567e-07   1.0275e-06   7.0313e-06
1570.0  16.172307   3.7902e-05   2.0460e-05   4.1730e-05   5.1523e-05   8.3036e-06   1.5859e-05  -2.8463e-06  -1.5281e-06   1.1442e-06   7.4588e-06
1580.0  16.190789   3.8244e-05   1.9978e-05   4.2115e-05   5.2643e-05   8.3632e-06   1.5979e-05  -3.1633e-06  -2.2789e-06   1.2676e-06   7.9077e-06
1590.0  16.209461   3.8596e-05   1.9467e-05   4.2511e-05   5.3811e-05   8.4219e-06   1.6098e-05  -3.4963e-06  -3.0704e-06   1.3981e-06   8.3795e-06
1600.0  16.228328   3.8959e-05   1.8927e-05   4.2918e-05   5.5029e-05   8.4796e-06   1.6215e-05  -3.8460e-06  -3.9040e-06   1.5358e-06   8.8747e-06
