#Found quasiharmonic mode : None
#T(K), volume, F(eV), S(J/K), H(J/K), a(-6/K), Cp(J/mol), Cv, Cpion, Bt(GPa), T_ph-D(K), T-D(K), F_el_atom, S_el_atom, C_el_atom, M_el, Seebeck_coefficients(10**-6 V/K), Lorenz_number(WOK^{-2}), Q_el, Q_p, Q_e, C_mu, W_p, W_e, Y_p, Y_e
0.0 14.405328315062084 -4.391278872757982 0.0 -423694.00046959316 0.0 0.0 0.0 0.0 105.5782854890607 400.0 400.0 0.0 0.0 0.0 0.0 0.0 2.443004551768e-08 0.0 0.0 0.0 0.0 0.0 0.0 0.0 0.0 0.0 0
10.0 14.405373365045184 -4.391282080682111 0.05173665028927177 -423693.7926207152 3.993042683908403e-07 0.12467494613173943 0.12466180312419056 0.1167045687765645 105.57690373356672 255.38887047640816 400.0 -4.128695982689802e-07 0.007967847435576424 0.007970377355174925 1.0910674683617245e-06 0.20726290000531578 2.443896514219091e-08 0.0002912779868372817 0.00014569727958610115 0.000145568907778816 0.007970391038732913 0.0001457929269042914 0.00014548505993299029 0.00020189323454769938 0.0002018932345467779 1153.1145892498043 0.0461283322974667
20.0 14.40577217549865 -4.391309810725706 0.31127960344212197 -423690.75993761525 1.5605399757995027e-06 0.8374262066191048 0.8370247594999244 0.8214692877531544 105.56467121605833 266.30933901045586 400.0 -1.6518854962162976e-06 0.0159424192075931 0.015956918865950433 4.054886969851759e-06 0.3850000583356146 2.4455657453905386e-08 0.0005827486646238512 0.00029159815260990644 0.0002911387123037581 0.01595703167681331 0.000291943365761456 0.0002908052988623952 0.0004038964362986826 0.00040389643629556223 4.796672321792546 5.221835121093365
30.0 14.406779228203105 -4.391388682749562 0.8942231854128109 -423677.7688275384 3.117355694829782e-06 2.20259919307451 2.2001967905617033 2.178638381445312 105.5337786570132 285.3089979912375 400.0 -3.7180586192686364e-06 0.023926629723331802 0.023960811629197696 8.76750844901839e-06 0.5599141488598796 2.4470514088670862e-08 0.0008745205604192526 0.0004377488630063918 0.00043675989709185143 0.02396119903652685 0.00043849024460262427 0.000436030315816628 0.000606077854411235 0.0006060778544058794 5.796852466035755 3.9346936027586055
40.0 14.4084720338746 -4.391542544812909 1.751661930652278 -423649.37447815744 4.709786921779891e-06 3.8535901150509986 3.846281223172175 3.821605354664771 105.48183771827595 307.294125786615 400.0 -6.61271147905194e-06 0.031921545479778005 0.031984760386227856 1.5179252687331059e-05 0.7306089634121451 2.4485973212966575e-08 0.001166641239840778 0.0005841710708007363 0.00058245836768597 0.031985670459318064 0.0005854511275953967 0.0005811901122453814 0.0008084742776222971 0.0008084742776137848 5.962744488155721 3.3904284740590027
50.0 14.410840978987272 -4.391790775090923 2.7994338535403585 -423603.419843523 6.232855576145421e-06 5.585668316575641 5.569676231974667 5.545626936801357 105.40912517844689 327.27956540790933 400.0 -1.03374855465267e-05 0.039930010485179634 0.040041379774285346 2.3184088173452745e-05 0.8902214890476322 2.450844503392463e-08 0.0014591665634084985 0.0007308857538218192 0.000728269006781553 0.04004308007460657 0.0007328383106894383 0.00072632825271906 0.0010111245036735041 0.0010111245036619298 5.801315129580738 3.0933588361730875
60.0 14.413845482725044 -4.392148028204095 3.973855674104717 -423539.42988102895 7.645516237659236e-06 7.307872419619829 7.279016423855034 7.259731402940887 105.31686219426345 344.1209927104192 400.0 -1.4894501062006836e-05 0.047955973900549044 0.04814101667894211 3.260337207383678e-05 1.0332448929047846 2.4538306740545566e-08 0.0017521942853565614 0.0008779291474836396 0.0008742533332213985 0.048143736286386275 0.0008806733362121231 0.0008715209491444384 0.0012140848588089693 0.0012140848587959916 5.55231922707073 2.899785454265918
70.0 14.417436108475489 -4.392624820870058 5.230269010675628 -423457.7458894558 8.93966850683504e-06 8.969032613954202 8.923042440593349 8.91274394393866 105.20653794955035 357.8781109888045 400.0 -2.028636878828056e-05 0.056003020460103865 0.0562886700155426 4.3223417944824395e-05 1.1586267257426925 2.4573200121168955e-08 0.0020458362173001398 0.0010253420947768535 0.0010204823156579233 0.05629257554384257 0.00102897942474457 0.0010168567925555696 0.0014174178679847945 0.0014174178679704703 5.280421512813277 2.762865151913565
80.0 14.421561696743435 -4.3932282663583555 6.536354091114821 -423359.1800312686 1.0114834794482588e-05 10.535663623918273 10.468438428597773 10.471177586077795 105.07969268871675 368.9690731571667 400.0 -2.6516099597210997e-05 0.0640738889951139 0.0644860378404776 5.484010154792969e-05 1.2687781536609182 2.4610790662244177e-08 0.002340193238754834 0.0011731615238987367 0.0011670199054387995 0.0644912457478287 0.0011777766505623342 0.0011624165881924996 0.001621181400683495 0.0016211814006694848 5.006851824638533 2.661728048018981
90.0 14.42617197563927 -4.39396276444741 7.868038881191372 -423244.8331513145 1.1175020023231275e-05 11.987248768163974 11.8950307547478 11.914514968181264 104.93783888087803 377.8733621261414 400.0 -3.358699803871901e-05 0.07217056213480373 0.07273379998271183 6.728613072438503e-05 1.3676799222747609 2.4649617766371782e-08 0.0026353462356358114 0.0013214182245019376 0.0013139161988560486 0.07274040762440394 0.001327081987971189 0.0013082642476646223 0.0018254241649313136 0.0018254241649186388 4.739618996584378 2.585245699333509
100.0 14.431218963930373 -4.394830600537147 9.207275512787305 -423115.962552687 1.2126762288391601e-05 13.314201412208856 13.193677122966335 13.233168566559009 104.78241939087596 385.02627318118425 400.0 -4.150257715208969e-05 0.08029450597242546 0.08103284564984554 8.044035028458902e-05 1.4594651307346862 2.46890300354552e-08 0.0029313566105305996 0.0014701376432904095 0.0014612071518221002 0.08104096414845796 0.0014769108862200957 0.0014544457243105041 0.002030185390071815 0.0020301853900592873 4.48307573431098 2.526493469860993
110.0 14.43665790552539 -4.395832446809857 10.540674336634867 -422973.87939729146 1.2978376402803772e-05 14.5154445266695 14.363779118828736 14.42605995575937 104.61477944604344 390.78955488194487 400.0 -5.026650012804952e-05 0.08844687473415742 0.0893845709101279 9.42254366632787e-05 1.5476569074815345 2.472886948530434e-08 0.0032282702956504855 0.0016193413437264777 0.0016089171331134437 0.08939435029154609 0.0016272785423161243 0.001600991753334361 0.0022354962626839315 0.0022354962626749708 4.239835852262301 2.4808158918215306
120.0 14.442447843137199 -4.3969677704339345 11.858509914145761 -422819.8744615566 1.3739114016185822e-05 15.595769003829872 15.410593398825975 15.497978306039672 104.4361495218634 395.45191938816566 400.0 -5.9882542609361875e-05 0.09662863655503173 0.09779069779020089 0.00010860001704439144 1.6348926294354418 2.4769189146771115e-08 0.0035261221133596437 0.0017690481906783874 0.001757062100251704 0.09780234133349006 0.0017782004338483914 0.0017479216795112525 0.0024413817129377373 0.0024413817128875427 4.011354480915612 2.4449380364823208
130.0 14.448551869019312 -4.39823515882653 13.153923239483007 -422655.1700201059 1.441848433151032e-05 16.56349573607586 16.34286473862501 16.457242750174654 104.2476378981193 399.2395463346559 400.0 -7.035456771934142e-05 0.10484063474290527 0.10625298590120463 0.00012354928839126872 1.7229364762896722 2.481008144247721e-08 0.0038249392893107406 0.0019192750680702192 0.0019056523949890149 0.1062667544611322 0.0019296922593504621 0.001895247029960279 0.002647861958215112 0.002647861958165868 3.7981918021523913 2.4165005900514926
140.0 14.454937117600798 -4.399632574077659 14.422265895313588 -422480.8928905095 1.5025740482801101e-05 17.428690123580104 17.171026879939497 17.313917092254073 104.05023086997264 402.3283708459283 400.0 -8.168650793878386e-05 0.11308361234655241 0.11477303132603134 0.00013907640313392804 1.8128304481917117 2.485160574479562e-08 0.004124743908148486 0.002070037227887353 0.0020546948500059854 0.11478924001214716 0.00208176957372088 0.0020429743344276058 0.002854953657814029 0.002854953657769552 3.6002525772045284 2.3937767507306433
150.0 14.461574578856029 -4.401157548877199 15.66056665173457 -422298.0628181015 1.5569551462796817e-05 18.201938477204823 17.90597562589397 18.078586271809446 103.84479840265111 404.8551501053 400.0 -9.38823508464202e-05 0.12135822270738046 0.12335220539537721 0.00015519561633782903 1.905088238126562 2.4893778353256957e-08 0.004425554496172291 0.0022213484335879777 0.0022041942281628615 0.12337121534017441 0.0022344473648745963 0.0021911071312976944 0.003062670725240837 0.003062670725196971 3.416998413498826 2.3754875355116534
160.0 14.46843880462135 -4.4028073353740105 16.86710637439299 -422107.59099403076 1.605782440069614e-05 18.893584293395048 18.558308046549648 18.761592585564095 103.63210297300319 406.92650600758566 400.0 -0.00010694612733662242 0.12966503912423466 0.13199170783095326 0.00017192740237084524 1.999878897747602 2.49365910822035e-08 0.004727387008706253 0.0023732210344140615 0.002354154135558662 0.13201391553131944 0.002387739725528267 0.0023396472831779865 0.003271024899734631 0.0032710248996902992 3.2476208052574154 2.3606756573627905
170.0 14.475507563790572 -4.4045790169060375 18.04108595108297 -421910.284683278 1.6497636718834078e-05 19.51329859740208 19.13789887643898 19.3726059153707 103.41281004997468 408.62599070915087 400.0 -0.00012088190229645206 0.13800456875086808 0.14069268203138222 0.00018929533749671698 2.0971761651491545 2.4980036003297305e-08 0.005030255464791761 0.002525666054898575 0.0025045775667167248 0.140718508283273 0.0025416596873781916 0.0024885957774135694 0.0034800261702344435 0.0034800261701884577 3.0911697473176867 2.3486175223118266
180.0 14.482761485028114 -4.406469590878969 19.18237122357112 -421706.8551323951 1.689523995955541e-05 20.06987413160984 19.653701890155748 19.920417788410475 103.18749879782517 410.019489844204 400.0 -0.00013569376780906762 0.14637727089186445 0.14945634319936502 0.00020732437309185894 2.196866975270698 2.5024124781910317e-08 0.005334172399080362 0.0026786933364844963 0.002655467214858777 0.14948622314237311 0.002696219223163413 0.00263795317591695 0.0036896831172329022 0.003689683117192256 2.946642886129053 2.338760926800299
190.0 14.490183711131511 -4.408476029482317 20.29129971919769 -421497.9269010127 1.7256106044227458e-05 20.57115999000867 20.11369169067566 20.412875905030056 102.95667257126341 411.1593162549499 400.0 -0.00015138583905275338 0.15478357757947417 0.1582840849786132 0.00022604009635561863 2.2988221774422466 2.5068898682573042e-08 0.005639149231451992 0.002832311735044233 0.00280682564400394 0.15831846029556015 0.0028514293866376207 0.002787719844814371 0.0039000032102176284 0.0039000032101627977 2.813043498066723 2.3306805126157113
200.0 14.497759578555504 -4.410595323533082 21.368535818659872 -421284.0474742763 1.7584995385856577e-05 21.024078671751074 20.52488729108457 20.856901124977483 102.7207684475493 412.08730120485626 400.0 -0.0001679622527835463 0.16322391379716128 0.16717754677359029 0.0002454686224322649 2.402936645279001 2.511442965220707e-08 0.005945196603068417 0.0029865293594120604 0.0029586553864899374 0.1672168606756783 0.003007300545743998 0.002937896057324419 0.004110993077605771 0.0041109930775646885 2.6894157481176055 2.32404563102538
210.0 14.505476328355948 -4.412824513567857 22.414963230430256 -421065.6965004818 1.7886033431405388e-05 21.434687449975403 20.893419143267156 21.258548812813796 102.4801661170784 412.83713384189906 400.0 -0.0001854271681408131 0.171698715132641 0.17613863716160735 0.00026563683567184344 2.509146944584125 2.516081479386654e-08 0.006252324694511559 0.0031413538287826757 0.003110959003713047 0.1761833324405934 0.0031638426632067587 0.003088482031304801 0.004322658753671711 0.004322658753630406 2.5748642241801583 2.3185969718461097
220.0 14.513322850291848 -4.415160711357846 23.431605838277378 -420843.29431411624 1.8162787589693377e-05 21.80826018510685 21.224615697093796 21.623090667622854 102.23519542226158 413.43613751337364 400.0 -0.000203784769301134 0.18020844141401343 0.18516951748399552 0.00028657277959499085 2.6174340312887034 2.5208166964384445e-08 0.006560543523778363 0.003296792526432645 0.003263739130401688 0.1852200376316726 0.003321065585241785 0.003239477938536579 0.004535005900146654 0.0045350059001060695 2.4685630609580036 2.3141294278638367
230.0 14.521289459145388 -4.417601114273353 24.41956992970011 -420617.20960051555 1.8418339813906887e-05 22.149375295182544 21.523095267893062 21.95510274090846 101.98614329795423 413.9066176238509 400.0 -0.0002230392694395509 0.1887535856686046 0.19427255427408557 0.0003083060616265231 2.7278170487588462 2.525660389596389e-08 0.00686986321448027 0.003452852831287857 0.003416998511248594 0.19432934745517466 0.0034789793087227293 0.0033908839057575396 0.004748039998680225 0.0047480399986391435 2.369758454449011 2.3104794246639035
240.0 14.529367700842743 -4.420143014341936 25.380002426466106 -420387.7661743278 1.8655352754583085e-05 22.46200181140392 21.79285523823052 22.258551560699477 101.73325936980314 414.2669135686239 400.0 -0.00024319491544427541 0.19733467838463425 0.20345025070444328 0.00033086819629485716 2.8403427422534384 2.5306237622736305e-08 0.007180294223519855 0.00360954231400514 0.0035707400325059604 0.20351377621808697 0.003637594207137771 0.003542700016382082 0.004961766510336915 0.004961766510293763 2.277767155165162 2.3075154793368355
250.0 14.537550185424728 -4.4227838033955775 26.31406102922796 -420155.2489082721 1.8876128480940697e-05 22.74957931454187 22.037354510376396 22.53687414771984 101.47676120969443 414.5321882945605 400.0 -0.0002642559928628589 0.20595228750518588 0.21270516682203014 0.0003542928497821397 2.955073597309304 2.5357165350898655e-08 0.007491847519865039 0.0037668688898456434 0.0037249667478863914 0.21277590359331627 0.0037969212045684377 0.0036949263152966016 0.00517619100011908 0.00517619100007768 2.1919726733471836 2.3051311086413984
260.0 14.545830443589434 -4.425520975359637 27.222893193463836 -419919.90888130036 1.9082659844863517e-05 23.015089897969254 22.259587466216136 22.793050061096693 101.21683852107705 414.7150582661718 400.0 -0.0002862268305900854 0.2146070148457727 0.2220398368725614 0.00037861597651342547 3.0720766581119214 2.5409462366689524e-08 0.007804534709577493 0.003924840925350262 0.003879681896915968 0.22211829347097156 0.003956971893491981 0.0038475628160855114 0.005391319226277324 0.005391319226234996 2.1118203337529065 2.3032394524142368
270.0 14.554202803824417 -4.428352126475111 28.107621626284402 -419681.9678281625 1.9276674963789355e-05 23.26112167435034 22.462149043526406 23.02966498421494 100.95365692506503 414.8260799765182 400.0 -0.0003091118049847489 0.22329948974533997 0.23145669013539666 0.0004038758555601055 3.1914141120872017 2.5463177169285263e-08 0.008118368106103946 0.00408346729963812 0.004034888913927177 0.23154341581278523 0.00411775859837103 0.004000609507732914 0.005607157195927368 0.005607157195883554 2.0368118505937756 2.301769179649994
280.0 14.562662287210014 -4.4312749540482494 28.969334577679604 -419441.6219746328 1.945967534832715e-05 23.489924075458642 22.647291274723845 23.248966095672515 100.68736101331606 414.8741340097544 400.0 -0.00033291534311945405 0.2320303607666129 0.24095797978612876 0.0004301130436555503 3.313136113453117 2.551832874181099e-08 0.008433360747985008 0.004242757423848392 0.004190591426325973 0.2410535760536281 0.004279294394812621 0.004154066353172387 0.005823711189830885 0.005823711189787005 1.966499904841672 2.3006613269487914
290.0 14.571204517406569 -4.434287254171872 29.809079640611962 -419199.0453384785 1.963296855802398e-05 23.703455602000307 22.81697199895432 23.452909879395296 100.41807721009387 414.8667293602306 400.0 -0.0003576419249309238 0.24080028620283261 0.2505457226050112 0.0004573702656940562 3.437275913068305 2.5574905710346968e-08 0.00874952636868003 0.004402721223990784 0.004346793241566207 0.2506508549172331 0.004441593102410735 0.004307933266269291 0.006040987760103886 0.006040987760058598 1.900482913734293 2.29986686211649
300.0 14.579825643572589 -4.437386918749814 30.62786010372106 -418954.392569403 1.9797695968828487e-05 23.903424807986156 22.972896603577613 23.643203157039252 100.14591597743518 414.81024606469225 400.0 -0.00038329608427517135 0.2496099240467294 0.26022165094690075 0.0004856922639075646 3.5638471167324375 2.5632867060835193e-08 0.009066879324820656 0.004563369093385805 0.0045034983229629896 0.26033706012500973 0.004604669192408194 0.004462210132412463 0.006258993705092543 0.006258993705047024 1.8384001824071299 2.299344770532877
310.0 14.588522274301182 -4.440571932070669 31.42663314686049 -418707.8013930619 1.9954856452558595e-05 24.091325365686586 23.11655367222495 23.821338188377847 99.87097384599494 414.71012981602445 400.0 -0.00040988240870926693 0.2584599219613078 0.26998717730873983 0.0005151256249765587 3.6928427636384002 2.5692144061583318e-08 0.009385434490151721 0.004724711821202557 0.004660710755095806 0.2701136904045 0.004768537703527981 0.004616896786623741 0.006477736025849491 0.006477736025803541 1.7799274505188354 2.299060560865455
320.0 14.5972914209333 -4.443840367112761 32.20630935327742 -418459.3947160887 2.0105326452926098e-05 24.268465995046753 23.249245371625516 23.98862262399634 99.59333509972164 414.5710489685417 400.0 -0.00043740553815982 0.2673509076733 0.2798433710504158 0.0005457186016507455 3.824235864802839 2.5752643053823853e-08 0.009705207122730299 0.0048867605034340475 0.004818434700032335 0.2799819114255613 0.004933214143184288 0.0047719929795460095 0.00669722186850272 0.006697221868456775 1.7247728853133877 2.2989850754373746
330.0 14.60613044881279 -4.447190381713889 32.9677531488287 -418209.2824414207 2.0249877061781287e-05 24.435995992290888 23.37211333298762 24.14620504598947 99.31307329982548 414.39702178058116 400.0 -0.0004658701624068275 0.27628348009846837 0.28979094630142094 0.0005775209420019114 3.9579810398590953 2.5814248808682963e-08 0.010026212712777581 0.005049526442196235 0.004976674345881275 0.2899425427663325 0.005098714371279336 0.004927498341498246 0.0069174584565313765 0.006917458456484463 1.672673488695684 2.299093545578748
340.0 14.615037035329317 -4.45062021470288 33.711783880814856 -417957.56303611613 2.0389188599895437e-05 24.594927006368746 23.48616069604631 24.295096746596084 99.03025246043735 414.19152084606117 400.0 -0.0004952810175646126 0.28525820141106745 0.29983025977266414 0.0006105837362125437 4.094016918693418 2.5876828194779288e-08 0.010348466818142098 0.005213021038602371 0.005135433849381268 0.2999960546922193 0.005265054479051087 0.005083412339091012 0.00713845301656869 0.007138453016520069 1.6233918948897508 2.299364837774397
350.0 14.62400913372389 -4.454128182062671 34.439177324584016 -417704.32488776423 2.0523862943319466e-05 24.746151613071778 23.59227089599457 24.436190296034013 98.74492819552466 413.95755744401094 400.0 -0.0005256428816282405 0.2942755901858664 0.3099613170377632 0.00064495928774073 4.2322690181741525 2.5940233949080665e-08 0.010671984893601676 0.005377255683713982 0.005294717274251892 0.31014257336833445 0.005432250668076621 0.005239734225525055 0.007360212700874645 0.0073602127008261815 1.5767135433483204 2.2997808389015266
360.0 14.63304494178298 -4.457712673173992 35.15066746250541 -417449.64748022374 2.065443409023775e-05 24.89045918500756 23.691223691297576 24.570275399195456 98.45714864451548 413.69775227710096 400.0 -0.0005569605691810669 0.30333611567346314 0.3201837858121071 0.0006807010131032196 4.3726528537086145 2.6004308390028217e-08 0.010996782119410875 0.005542241651296491 0.005454528526985506 0.32038189308089127 0.005600319133538028 0.005396462985872846 0.0075827445091273355 0.00758274450907774 1.5324441704615634 2.3003259625642563
370.0 14.642142874746167 -4.461372147173417 35.84694842229823 -417193.6024146944 2.0781377188446126e-05 25.02854946569503 23.78370885646492 24.69805245089039 98.16695528563437 413.41439342496903 400.0 -0.0005892389254594957 0.3124401932179385 0.3304970148046399 0.0007178633723818014 4.5150770945799135 2.6068886953611143e-08 0.011322873233687423 0.005707989995371726 0.00561487129168118 0.33071349408042167 0.0057692759549376905 0.005553597278749733 0.007806055211721481 0.007806055211670524 1.4904075946143152 2.3009867471627574
380.0 14.65130154177714 -4.4651051294479585 36.52867649257012 -416936.2542983253 2.0905116214020602e-05 25.16104419256272 23.87033789893469 24.820144135747142 97.87438365027366 413.109484657309 400.0 -0.000622482819804425 0.3215881807842614 0.34090005681557484 0.000756501830738173 4.659446617810283 2.6133801469049346e-08 0.011650272372314599 0.0058745114548455725 0.005775748965319457 0.3411365647488846 0.005939136996577622 0.00571113537573698 0.008030151276298058 0.008030151276247434 1.4504437690598786 2.30175152166136
390.0 14.660519725507939 -4.468910208279927 37.196472157035956 -416677.6615191031 2.1026030614959076e-05 25.288497077859457 23.951654103261337 24.937105382974707 97.57946389788145 412.7847857865988 400.0 -0.0006566971387143563 0.33078037653527237 0.3513916948847473 0.0007966728499720167 4.805665355352225 2.6198883120494666e-08 0.01197899291927263 0.006041816366869801 0.005937164594731899 0.3516500269157552 0.006109917819389417 0.005869075099883211 0.00825503879883256 0.008255038798780168 1.4124070558605033 2.3026101358119595
400.0 14.669796364219556 -4.472786031649476 37.85092210605886 -416417.87692297297 2.1144460959368077e-05 25.411402383928806 24.02814115799973 25.049431913486927 97.28222137735145 412.4418465132315 400.0 -0.0006918867785238417 0.34001701737809503 0.3619704704418747 0.0008384339082667909 4.9536388635126585 2.6263965065214388e-08 0.012309047369550843 0.00620991459003279 0.006099120816322586 0.36225256328717315 0.006281633605058836 0.006027413764492006 0.008480723440227048 0.008480723440176812 1.376164710107934 2.303553731763127
410.0 14.67913053626875 -4.476731304197524 38.49258119688202 -416156.9484067772 2.126071382154535e-05 25.530202313497103 24.100230580196058 25.157567600938165 96.98267710923031 412.08203492745474 400.0 -0.0007280566379016084 0.34929827838737465 0.3726347125589362 0.0008818435453923339 5.103276571447546 2.6328884697383054e-08 0.012640447206115141 0.006378815438017554 0.0062616197993775055 0.3729426460946339 0.006454299092855882 0.006186148113259259 0.008707210369070014 0.008707210369018392 1.3415955377867088 2.3045745564993374
420.0 14.688521446482106 -4.480744784348634 39.12197434368199 -415894.9194384893 2.1375066031716974e-05 25.645293394295738 24.168308118307227 25.261910826743513 96.68084820251914 411.70656160248063 400.0 -0.0007652116101540788 0.3586242730078234 0.38338256755222166 0.0009269614306136999 5.254493687763712 2.6393485560763173e-08 0.012973202791871636 0.006548527623956688 0.006424663193673296 0.3837185662116109 0.006627928529169172 0.006345274262702461 0.00893450421092006 0.008934504210867032 1.308588705275495 2.3056658087193824
430.0 14.697968414230774 -4.484825281590882 39.739598325277655 -415631.8295145994 2.1487768276083928e-05 25.757031990826487 24.232719285703073 25.362819962509413 96.37674811161317 411.3165000366669 400.0 -0.0008033565755505752 0.3679950539359433 0.3942120283170755 0.0009738484499208221 5.407212761552284 2.6457618923833056e-08 0.013307323277039448 0.006719059215422017 0.0065882520818603876 0.39457846211763997 0.00680253562939519 0.0065047876476442565 0.009162609004307556 0.009162609004253109 1.2770426996852595 2.306821499737495
440.0 14.707470862951254 -4.4889716539081155 40.34592350349625 -415367.7145630519 2.1599048292639345e-05 25.865739095818594 24.29377415290033 25.460618132916068 96.07038706677852 410.9128040598963 400.0 -0.000842496393602817 0.37741061458279546 0.405120962902526 0.0010225668095529472 5.561364906964819 2.652114503800492e-08 0.013642816521947347 0.006890417599703639 0.0067523869369806025 0.4055203482102505 0.006978133551579714 0.0066646829703676325 0.009391528163403908 0.009391528163349403 1.246864391154903 2.308036349169192
450.0 14.717028310956282 -4.493182805359113 40.941395449134035 -415102.607298837 2.1709113596879345e-05 25.97170448419759 24.351751506588982 25.55559734225229 95.76177231611516 410.49632270337383 400.0 -0.0008826358954734997 0.38687089102509 0.41610714194529935 0.0010731801526022626 5.716890709752361 2.658393410418153e-08 0.01397968903498217 0.0070626094588864385 0.006917067585339066 0.4165421420750917 0.007154734881044445 0.006824954153937722 0.009621264447239503 0.009621264447183713 1.2179682122220044 2.3093056881743714
460.0 14.726640363316267 -4.497457683797076 41.52643647463821 -414836.53753847326 2.181815386934672e-05 26.07519033057621 24.406902466656945 25.64802206589961 95.45090829781599 410.0678129463983 400.0 -0.0009237798764880193 0.3963757643555773 0.4271682646765974 0.0011257536858598786 5.873740840367209 2.6645866975457128e-08 0.01431794592508113 0.007235640754042838 0.007082293174803779 0.42764169041690514 0.007332351625071587 0.006985594300009539 0.009851819935162017 0.009851819935105767 1.1902754277319458 2.3106253777865255
470.0 14.736306704729781 -4.501795278723018 42.10144707509328 -414569.53247854457 2.1926343059444953e-05 26.176434370514105 24.45945363837004 25.738132387213227 95.13779692145116 409.62795067445836 400.0 -0.0009659330888779856 0.4059250633534006 0.43830198330087855 0.0011803543140783987 6.031876402215222 2.6706835624834827e-08 0.014657590868064256 0.007409516717830891 0.007248062148539959 0.43881679343907026 0.007510995216660073 0.007146595651404183 0.010083196008242016 0.010083196008187323 1.1637134793064055 2.311991744497555
480.0 14.74602709321239 -4.506194619265892 42.666807279829364 -414301.6169429085 2.203384119565687e-05 26.275652658695147 24.50960986503234 25.826146733081817 94.82243774431139 409.1773401300521 400.0 -0.0010091002346617104 0.4155185673999083 0.4495059256133301 0.0012370507792773071 6.191269045556912 2.6766743406777863e-08 0.01499862608586653 0.007584241854673121 0.00741437222406334 0.45006522752658096 0.007690676526464499 0.007307949559402031 0.010315393336189676 0.010315393336133205 1.138215407103654 2.3134015203159777
490.0 14.75580135453657 -4.510654772282794 43.22287791827 -414032.8136024161 2.2140795991859182e-05 26.37304198798008 24.55755663658421 25.912264272197888 94.50482812299295 408.7165220851488 400.0 -0.0010532859588503864 0.42515600957514926 0.46077771578219556 0.001295913802970185 6.351900878201258 2.682550514046286e-08 0.01534105233770897 0.007759819947702648 0.007581220377465139 0.4613847661470159 0.007871405912772836 0.007469646424936131 0.010548411869358653 0.010548411869300708 1.1137193315386622 2.314851793215358
500.0 14.76562937730182 -4.515174840572253 43.77000180382869 -413763.1431705676 2.2247344245321e-05 26.46878201094342 24.603462201271345 25.99666701767425 94.1849633594212 408.24598092911384 400.0 -0.0010984948428365117 0.4348370798762626 0.47211499326917256 0.0013570162293369673 6.513764203608436 2.6883047041220542e-08 0.015684868922132052 0.007936254071649676 0.007748602832558998 0.4727731989316443 0.008053193668280308 0.007631675253851746 0.010782250835385686 0.010782250835329334 1.0901679913148437 2.316339963310176
510.0 14.775511108587715 -4.519753961194219 44.30850484028268 -413492.6245779657 2.2353613095157234e-05 26.56303710944901 24.64747942055114 26.07952167954948 93.8628367838647 407.7661508305908 400.0 -0.0011447313981217213 0.44456142850773755 0.48351542989953034 0.0014204331678350991 6.676861115786445 2.6939306524737515e-08 0.01603007368884269 0.008113546610867809 0.007916515054701633 0.48422834893804845 0.008236049334036233 0.007794024354806456 0.0110169087400068 0.011016908739951327 1.067508328114838 2.317863706652795
520.0 14.785446550103414 -4.524391303890282 44.838697054933114 -413221.2751281286 2.2459721108865826e-05 26.655958041265745 24.689747401508928 26.160981296142868 93.5384399710129 407.2774211087253 400.0 -0.0011920000602848562 0.4543286691992124 0.4949767451228786 0.001486242133991661 6.841202978499381 2.6994231906585634e-08 0.01637666305928099 0.008291699281713851 0.008084951748979816 0.49574808812587295 0.008419981847870194 0.007956681211410795 0.011252383371572644 0.011252383371515474 1.0456911135123685 2.319420944778737
530.0 14.795435754783067 -4.529086069598111 45.36087356301119 -412949.1106368432 2.2565779239146118e-05 26.747683389572575 24.730392936104536 26.241186670043042 93.21176275311647 406.78014092603075 400.0 -0.0012403051832503833 0.46413838251361605 0.506496719529532 0.0015545231872918827 7.0068098142097535 2.7047782017512494e-08 0.01672463205485822 0.008470713158558097 0.00825390686243805 0.5073303511023979 0.008604999731187897 0.008119632323670321 0.011488671808827906 0.011488671808770449 1.0246706188606354 2.321009813390867
540.0 14.805478823767938 -4.533837489054269 45.87531546763308 -412676.1455569862 2.2671891703382896e-05 26.83834085135995 24.769531772372208 26.320267644656955 92.88279327471648 406.27462339835057 400.0 -0.001289651033830881 0.47399011911390465 0.5180732067029962 0.0016253590653532496 7.173709625754105 2.7099925752712765e-08 0.017073974331836807 0.008650588702741109 0.008423373590001774 0.5189731472112957 0.008791111128998799 0.008282863202838005 0.011725770431521496 0.011725770431464291 1.0044043140889858 2.3226286391842237
550.0 14.81557590375757 -4.538644821480198 46.38229069965341 -412402.3930904257 2.2778156759899608e-05 26.928048381946045 24.807269739157142 26.398344238442647 92.5515181844726 405.76114920084814 400.0 -0.0013400417865621938 0.4838834029629649 0.5297041435033989 0.0016988353139062368 7.3419376714415865 2.7150641571260087e-08 0.01742468222190316 0.00883132579385558 0.008593344383768353 0.5306745710533717 0.008978323851924225 0.00844635836997893 0.011963674933438275 0.011963674933380783 0.9848525939007604 2.324275922514955
560.0 14.825727184660803 -4.54350735334598 46.88205480130068 -412127.86528852076 2.2884667366084117e-05 27.016915200797953 24.843703742947596 26.475527641915484 92.21792260078561 405.2399697397422 400.0 -0.001391481518813026 0.4938177344345259 0.5413875588824697 0.0017750404121777373 7.511535711650748 2.719991695983349e-08 0.017776746777484538 0.00901292376277074 0.00876381096529951 0.542432811534852 0.009166645419563966 0.008610101357920567 0.012202380337453578 0.012202380337395334 0.9659785390156962 2.3259503136601545
570.0 14.835932897531093 -4.548424397207173 47.37485165753257 -411852.5731424513 2.299151182194833e-05 27.10504269877965 24.87892265281363 26.551921117443094 91.88199018444271 404.71130994679004 400.0 -0.0014439742061324301 0.5037925933185196 0.5531215813365543 0.0018540658935056274 7.682551242764998 2.7247747872976305e-08 0.0181301578209683 0.00919538142589428 0.00893476434057871 0.5542461595457239 0.009356083104696834 0.008774074716271466 0.012441881012259565 0.012441881012201502 0.9477476926943957 2.3276506000716672
580.0 14.846193312754835 -4.553395290610219 47.86091417873702 -411576.52666450344 2.3098774257154055e-05 27.19252523108091 24.9130080872805 26.627620785974997 91.54370324917949 404.17537074584635 400.0 -0.0014975237178539635 0.5138074417075789 0.5649044451059122 0.001936006461160438 7.855036731986632 2.7294138160399513e-08 0.018484903997025855 0.009378697120213511 0.009106194817293887 0.5661130143732737 0.009546643977850095 0.008938260019175756 0.012682170690428419 0.012682170690369773 0.9301278658730778 2.329375687221639
590.0 14.856508738468234 -4.558419395062188 48.34046493820582 -411299.73496128333 2.3206535367256177e-05 27.279450880317032 24.94603511510563 26.70271638508847 91.20304270555357 403.6323312337562 400.0 -0.001552133812966257 0.5238617267547585 0.5767344952285668 0.0020209600995427985 8.029048864451937 2.733909899025011e-08 0.018840972827311016 0.009562868738708555 0.009278092024122673 0.578031888956832 0.009738334951840278 0.009102637875470736 0.012923242487496654 0.012923242487439172 0.9130889379322088 2.331124607787374
600.0 14.866879519185884 -4.563496095060976 48.81371676761564 -411022.20629971195 2.33148720183865e-05 27.365901932365965 24.978072880339205 26.777291740811187 90.85998819035032 403.0823506112979 400.0 -0.0016078081361428924 0.5339548832955808 0.5886101915547788 0.0021090281809261263 8.204647812151054 2.738264827579477e-08 0.019198350766872985 0.009747893765797032 0.009450444931700636 0.5900014140882713 0.009931162825954486 0.009267187940918496 0.013165088921807424 0.013165088921749453 0.8966027630261605 2.3328964281673623
610.0 14.877306034593735 -4.5686247971819425 49.28087331336898 -410743.9481666123 2.3423860681245775e-05 27.451956069604794 25.009185160680772 26.851425957780307 90.51451799655779 402.52556989689145 400.0 -0.0016645502140267099 0.5440863363289863 0.600530111824485 0.0022003155681746293 8.381896532186781 2.7424810111699785e-08 0.019557023261651377 0.009933769312479763 0.009623241874970673 0.6020203416596069 0.010125134329473543 0.00943188893217784 0.013407701934816517 0.013407701934757488 0.8806427707711456 2.3346905391637147
620.0 14.887788698544139 -4.573804929218212 49.742129556871134 -410464.96732245217 2.3533566612921556e-05 27.53768456069824 25.03943086699042 26.92519160679025 90.16660919890329 401.9621134465589 400.0 -0.001722363451680754 0.5542555033562989 0.612492953907985 0.0022949307138084847 8.560860100724751 2.7465614224909388e-08 0.019916974806567782 0.01012049215097146 0.009796470576643826 0.6140875470577691 0.01032025616434885 0.009596718642218933 0.013651072911685878 0.013651072911627515 0.8651847414264888 2.336505534489764
630.0 14.898327958185176 -4.579035939370795 50.197672301067485 -410185.26984993485 2.364408596998797e-05 27.62316158641006 25.068864490789203 26.99866404910666 89.81623760384377 401.39209030634703 400.0 -0.0017812511291960102 0.5644617965760139 0.6244975373033996 0.0023929857559195633 8.74160508703836 2.7505095444172832e-08 0.02027818900367653 0.010308058748565337 0.009970118171485482 0.6262020308000253 0.01051653504681955 0.009761653956856981 0.013895192701915101 0.013895192701856813 0.8502033523720602 2.338343349805156
640.0 14.908924293235135 -4.584317295485854 50.64768062577895 -409904.86119791423 2.3755390185649936e-05 27.708433176999808 25.09753650572951 27.07189037302065 89.463452274674 400.8155954157058 400.0 -0.001841216398461032 0.5747046249358291 0.6365428039791583 0.0024945966115530443 8.924198971104806 2.7543293191272687e-08 0.020640648619969806 0.01049646530056198 0.010144171231191594 0.6383629194988144 0.010713977747848963 0.009926670872120843 0.014140051639833048 0.014140051639775917 0.8356827219528559 2.340195780044508
650.0 14.919578199439432 -4.589648484108991 51.092326231242765 -409623.7462530027 2.386780097108443e-05 27.793754960800076 25.125493725544565 27.145127142736076 89.11282627766045 400.2327116096653 400.0 -0.0019022622786138712 0.5849833955697078 0.648627818064 0.002599883044072308 9.108709501559435 2.7580250993002148e-08 0.021004335628162167 0.010685707751540829 0.01031861578390175 0.6505694655955612 0.010912591119332852 0.010091744508829312 0.014385639553921279 0.014385639553863485 0.8214911227156747 2.342208318621478
660.0 14.930288795889421 -4.594980288193489 51.52760519487966 -409339.9797625816 2.397092677443075e-05 27.87765946564522 25.1526962422786 27.216907751307403 88.79437182114941 399.680887137646 400.0 -0.001964391527509858 0.5952974742389118 0.6607517143378138 0.0027089663554335976 9.295194490017579 2.761601570686085e-08 0.021369229848397328 0.010875780887625518 0.010493436863641202 0.6628209899025757 0.011112380959656694 0.01025684888874063 0.014631944845832435 0.014631944845776762 0.8077789025388207 2.344160602868227
670.0 14.941049385162671 -4.600121308941029 51.937325290017576 -409046.2243411526 2.405785579256319e-05 27.958939878769446 25.17887396181436 27.286026311974965 88.53030145440896 399.30712588274145 400.0 -0.00202760647380678 0.6056461122177865 0.6729135667944789 0.0028219462370912916 9.483635954131746 2.7650634455434468e-08 0.021735306878444702 0.011066675632973805 0.010668619144028738 0.6751167067888383 0.011313347178013666 0.010421959700431034 0.014878953304527128 0.01487895330447105 0.7945532970073064 2.34601287593364
680.0 14.951855027997828 -4.605309294645662 52.34196721719609 -408752.25910151633 2.41396070739258e-05 28.039454869523937 25.204481267250475 27.354342152292936 88.28587464296366 398.92959719033615 400.0 -0.002091910097328257 0.616028763202516 0.6851127172309992 0.0029388885165839928 9.673942637853338 2.7684153434890793e-08 0.02210254962484212 0.011258384591548022 0.010844152927644707 0.6874560472028072 0.011515488347770855 0.010587061277071274 0.015126656078383805 0.015126656078328965 0.7816958607296643 2.3478987988558497
690.0 14.96270546943015 -4.610543777032365 52.74167424013874 -408458.09235507133 2.4222303538743764e-05 28.120039674090723 25.229551938801748 27.42269086292772 88.04153723971315 398.5483969537712 400.0 -0.002157305862844629 0.6264450604595551 0.697348811163006 0.003059858026235123 9.866040648779105 2.7716621279690455e-08 0.022470946721288007 0.01145090345438818 0.011020031157150062 0.6998387516696891 0.011718806091286704 0.010752140630001301 0.015375048204967738 0.015375048204912267 0.7691351380817518 2.349896808077907
700.0 14.973600963772647 -4.6158242964335505 53.1365853725041 -408163.73048820364 2.4305235487073504e-05 28.200511514481004 25.254117587634635 27.490889885973004 87.79573867731644 398.1635951221177 400.0 -0.002223797267609391 0.6368946737510026 0.7096216285079967 0.0031849173610347765 10.059858139702625 2.774808829301002e-08 0.02284048749160869 0.011644228155841738 0.011196247222026017 0.7122646925606946 0.011923302066875722 0.010917185424732967 0.01562412516262821 0.015624125162574632 0.7569383433885483 2.3518930286467103
710.0 14.984541783330725 -4.621150407223433 53.52683424559047 -407869.1795030569 2.4388640750225635e-05 28.280956222565642 25.278207780399267 27.55902516186971 87.54846375106617 397.7752548676991 400.0 -0.002291387801237806 0.6473772959207159 0.7219310606959325 0.0033141259900992545 10.255322034537377 2.7778605916694862e-08 0.023211161517287002 0.011838354580221798 0.011372794819444613 0.7247338493578752 0.012128977588947142 0.011082183928339866 0.01587388256710242 0.01587388256704895 0.7450769422313556 2.353906627546311
720.0 14.995528217945727 -4.626521677324815 53.91254938428717 -407574.4450403775 2.4472502003207306e-05 28.36139752700565 25.30185020582285 27.627120421275485 87.2997002646154 397.3834330878961 400.0 -0.0023600809502702476 0.6578926439494872 0.7342771057301655 0.00344754019749549 10.452358140046519 2.7808226347447382e-08 0.023582958702497263 0.012033278597408553 0.011549667983702248 0.7372463039595921 0.012335833658120353 0.011247125044376909 0.016124316200606444 0.016124316200553882 0.7335406597788047 2.355932231872189
730.0 15.006560574581146 -4.631937687740927 54.293854466213276 -407279.5324004925 2.455686893997851e-05 28.44187402961811 25.325070825613924 27.69521416646149 87.04943552910025 396.98818085934516 400.0 -0.0024298802029355726 0.6684404598584622 0.7466598631566183 0.0035852130261516233 10.650891261223817 2.783700218915003e-08 0.023955869335367048 0.012228996096438642 0.01172686111389217 0.7498022358841618 0.012543870989619682 0.011411998345747366 0.016375422039765462 0.016375422039714243 0.7223153685870828 2.357971072283235
740.0 15.017639176970569 -4.637398032110703 54.67086856527907 -406984.4465625291 2.4641772164783855e-05 28.52241842740853 25.347894011327096 27.763338898407927 86.79765639291921 396.58954384869133 400.0 -0.0025007890540344056 0.6790205114717315 0.7590795290006022 0.003727194224781892 10.850845320841648 2.7864986140107297e-08 0.024329884145417743 0.01242550301706558 0.011904368999784512 0.7624019174308679 0.012753090039923436 0.011576794105494309 0.01662719628232223 0.016627196282273052 0.7113888488654571 2.3600226394264583
750.0 15.028764365313025 -4.642902316286333 55.043706380716685 -406689.19220206665 2.472724641079331e-05 28.603063342653172 25.370342668647556 27.831526951931618 86.54434928381077 396.1875626846817 400.0 -0.0025728110100054513 0.6896325930480459 0.771536390721554 0.0038735301975332402 11.052143483130356 2.7892230713734277e-08 0.02470499435714538 0.012622795379289583 0.012082186845877361 0.7750457088485104 0.01296349103163781 0.011741503325507571 0.016879635372588297 0.016879635372539552 0.7007492149752235 2.362086913539601
760.0 15.039936496026769 -4.648450157931777 55.41247845261971 -406393.77370732307 2.4813324432807477e-05 28.683839889124297 25.39243835039455 27.89980906689395 86.28950016223907 395.7822762715978 400.0 -0.0026459495941020556 0.7002765257923533 0.7840308222303473 0.0040242639562475735 11.254708281537798 2.791878799106563e-08 0.025081191739766716 0.01282086931088393 0.012260310293616449 0.7877340535565036 0.0131750739766122 0.011906117763154525 0.01713273602561715 0.017132736025569757 0.6903852769414728 2.3641637641090916
770.0 15.05115594152395 -4.654041186141398 55.77729136481282 -406098.1951941057 2.4900038770390282e-05 28.764778207093922 25.414201359392145 27.968214928089584 86.03309450455528 395.3737100301859 400.0 -0.002720208351697722 0.71095215825614 0.7965632790043392 0.004179435074961306 11.45846174989172 2.7944709403281104e-08 0.025458468653139242 0.01301972107293606 0.012438735441774068 0.8004674734538292 0.013387838697278956 0.012070629955860281 0.017386495250082786 0.017386495250036157 0.6802863957760301 2.3662531082919553
780.0 15.062423090054896 -4.659675041077212 56.138247936054796 -405802.46051948675 2.49874214065944e-05 28.84590745859893 25.435650842238495 28.03677316526585 85.77511737884613 394.96189452007434 400.0 -0.002795590855671853 0.7216593666379232 0.8091342933330797 0.004339079646712888 11.66332555690231 2.7970045542405253e-08 0.025836818089977245 0.01321934708348559 0.012617458865027168 0.813246564349718 0.013601784846306128 0.012235033243671117 0.017640910369887155 0.017640910369841403 0.6704424731784473 2.3683548706835307
790.0 15.073738345567739 -4.665351373624275 56.4954474002132 -405506.57329446793 2.5075503939875923e-05 28.92725594319951 25.456804874881158 28.10551147348142 85.51555338242058 394.5468532892361 400.0 -0.0028721007119249416 0.7323980549918153 0.8217444697180888 0.004503230242235951 11.869221142942093 2.7994845998266333e-08 0.026216233714406924 0.01341974393928813 0.012796477630748572 0.8260719915397934 0.013816911924553235 0.012399321789853687 0.017895979044490803 0.017895979044446893 0.6608439138706101 2.3704689891030073
800.0 15.085102127617763 -4.6710698450629 56.84898557624915 -405210.53689561156 2.5164317671014773e-05 29.0088511892038 25.477680540815626 28.174456708756157 85.25438665941866 394.1286062482032 400.0 -0.0029497415649344595 0.743168155354355 0.834394480447639 0.0046719158705052595 12.076069858744251 2.80191592197815e-08 0.026596709897011576 0.013620908435802848 0.012975789314064684 0.8389444855496465 0.014033219297425679 0.012563490599585902 0.01815169928801251 0.018151699287969985 0.6514815940038577 2.37259541500861
810.0 15.096514871313376 -4.676830126757014 57.198955028656776 -404914.35447576013 2.525389365588922e-05 29.090720029682355 25.498294002631336 28.24363496832052 84.99160090285072 393.7071698774627 400.0 -0.003028517103425844 0.7539696277979522 0.8470850613618378 0.004845161940940614 12.283793105200917 2.8043032398664043e-08 0.02697824174648571 0.013822837585471887 0.013155392011230106 0.8518648380619245 0.0142507062096782 0.012727535536807512 0.018408069487121013 0.018408069487079487 0.6423468337422222 2.37473411078615
820.0 15.107977027280528 -4.682631899857919 57.54544521893803 -404618.0289739687 2.5344262769739815e-05 29.172888675528238 25.518660567551315 28.31307166770994 84.72717932867026 393.2825574161891 400.0 -0.0031084310660805465 0.7648024604186983 0.8598170078182993 0.0050229902269790915 12.492312473366928 2.8066511373657062e-08 0.027360825138025378 0.014025528634365063 0.013335284351373378 0.8648338980379523 0.014469371798715434 0.012891453339309944 0.018665088417754355 0.01866508841771442 0.6334313713738439 2.37688504782486
830.0 15.119489061672155 -4.688474855022523 57.88854264877695 -404321.56312463223 2.5435455813343097e-05 29.25538279834892 25.538794747546046 28.382791627482028 84.46110469398496 392.8547790333088 400.0 -0.003189487247315387 0.7756666692671776 0.8725911708668922 0.005205418830959295 12.70154988419331 2.8089640553466515e-08 0.027744456738636528 0.014228979077299463 0.013515465506685623 0.8778525680435103 0.014689215106494817 0.013055241632141714 0.01892275526072999 0.01892275526069128 0.6247273361127782 2.379048210161666
840.0 15.131051456211837 -4.694358692145409 58.228330995426454 -404024.95946590044 2.552750354172644e-05 29.33822758740346 25.558710314538065 28.452819133766 84.19335930693127 392.4238419824281 400.0 -0.0032716895031220895 0.7865622982293276 0.8854084536374616 0.005392462150121639 12.91142772718735 2.8112462856626183e-08 0.02812913402951253 0.014433186671514393 0.013695935201123199 0.8909218007835052 0.014910235090095843 0.01321889893941669 0.01918106961628543 0.01918106961624903 0.6162272268777409 2.3812235909829824
850.0 15.142664708247706 -4.700283120104228 58.564891239743325 -403728.2203475044 2.562043672811898e-05 29.421447809853262 25.578420351156957 28.523178001912918 83.92392496612695 391.98975074300444 400.0 -0.003355041756961228 0.7974894188634575 0.8982698079403484 0.005584130843374728 13.121868997074325 2.8135019666576882e-08 0.028514855325624842 0.014638149448977579 0.013876693717692146 0.9040425958460336 0.015132430630974343 0.013382424694650508 0.019440031517597156 0.019440031517563468 0.6079238916231453 2.3834111907845514
860.0 15.154329330854148 -4.706247856517541 58.898301787449455 -403431.34793792653 2.57142862527264e-05 29.505067879940313 25.59793729746276 28.59389164885986 83.65278299774239 391.55250714770136 400.0 -0.0034395480056844834 0.8084481302010225 0.9111762310804542 0.005780431798856604 13.332797428188139 2.815735080037327e-08 0.028901619792735284 0.01484386572744329 0.014057741904402328 0.9172159966578 0.015355800541504134 0.013545819251231146 0.0196996414433528 0.019699641443319895 0.5998105051979399 2.385611020859184
870.0 15.166045852954184 -4.712252627514727 59.22863858397663 -403134.3442310414 2.58090831231585e-05 29.589111903603026 25.617272994005692 28.664983140723344 83.37991425449118 391.1121104976434 400.0 -0.0035252123255308616 0.8194385585162239 0.9241287628796837 0.005981368101971655 13.544137625714885 2.8179494489465115e-08 0.029289427461974552 0.015050334120330501 0.014239081178967855 0.9304430876463218 0.015580343574098446 0.013709083887876112 0.01995990032941755 0.019959900329387253 0.591880552616676 2.387823099599425
880.0 15.177814819461789 -4.718297167517371 59.555975223297224 -402837.2110522673 2.590485855737864e-05 29.673603737651362 25.63643872155467 28.736475254748704 83.10529907879727 390.66855766709267 400.0 -0.003612038878146952 0.8304608570699157 0.9371284829026524 0.006186939003612736 13.755815193233598 2.8201487371123904e-08 0.029678279242160228 0.015257553545518828 0.01442071353232902 0.9437249916045846 0.015806058427571417 0.013872220814588807 0.02022080957967041 0.02022080957964045 0.584127810790218 2.390047453810194
890.0 15.189636791466153 -4.724381219031552 59.880383051182065 -402539.95006419776 2.600164402331205e-05 29.758567035784974 25.655445237795032 28.80839052790547 82.82891730946251 390.221843196932 400.0 -0.003700031916677113 0.8415152058335065 0.9501765078795045 0.006397139888622756 13.967756856256573 2.822336448917516e-08 0.030068176930045404 0.015465523233155731 0.014602641531093877 0.9570628672529584 0.01603294375123161 0.014035233178813791 0.020482371076059613 0.020482371076032214 0.5765463328612448 2.392284117411458
900.0 15.2015123464231 -4.730504532450696 60.201931263133886 -402242.5627718502 2.6099471302639963e-05 29.84402529783309 25.674302811259878 28.880751308516906 82.55074824186678 389.7719593796194 400.0 -0.003789195791857526 0.8526018111964178 0.9632739893161821 0.006611962243923638 14.179890580983981 2.8245159302772873e-08 0.03045912321863467 0.015674242732547784 0.01478486831896285 0.9704579069890704 0.016260998148949702 0.014198125069684969 0.020744587187949064 0.02074458718792432 0.5691304330303585 2.394533131196823
910.0 15.213442078394728 -4.736666865868405 60.52068699744273 -401945.0505274397 2.619837254054553e-05 29.930001917819407 25.693021252739303 28.953579806534773 82.27077068503733 389.3188963345288 400.0 -0.003879534958222325 0.8637209056625775 0.9764221112846316 0.006831393626478559 14.392145688273871 2.8266903702072585e-08 0.030851121703772952 0.015883711918241096 0.01496739761723721 0.9839113348191624 0.016490220182424326 0.014360901521348632 0.021007460780816382 0.021007460780793918 0.5618746715551796 2.3967945442211236
920.0 15.225426598291483 -4.742867984900986 60.83671542353322 -401647.4145348363 2.6298380294054617e-05 30.016520224627797 25.71160994437966 29.026898136247297 81.98896290921861 388.8626420758485 400.0 -0.003971053980295317 0.8748727475382809 0.9896220883805007 0.007055417630499856 14.60445296202037 2.8288628029708347e-08 0.031244176889123582 0.016093930995338984 0.015150233724479446 0.9974244044585826 0.01672060837364064 0.014523568515482933 0.02127099522435179 0.021270995224331152 0.5547738423290622 2.399068412011086
930.0 15.237466534160271 -4.749107662519188 61.15007982601395 -401349.6558536078 2.63995275838386e-05 30.103603521376634 25.73007786667212 29.10072835753607 81.70530257921308 388.4031825724254 400.0 -0.004063757538875289 0.88605762061635 1.0028751638405622 0.0072840138539686855 14.816744752103542 2.8310361107138113e-08 0.031638294189738396 0.016304900504171695 0.015333381515413686 1.0109983975946555 0.016952161206630845 0.01468613298310755 0.021535194400042295 0.02153519440002323 0.5478229612692326 2.401354794731269
940.0 15.249562531479002 -4.755385678888891 61.460841684577346 -401051.7754027837 2.6501847957350738e-05 30.19127513704658 25.748433623501285 29.17509252924093 81.41976687114845 387.94050180105955 400.0 -0.004157650437366936 0.8972758338583231 1.0161826078056475 0.007517157863981531 15.02895507124038 2.833213026491168e-08 0.03203347993433115 0.016516621324354365 0.0155168464391411 1.0246346222976939 0.01718487712858416 0.014848602805746994 0.021800062708274885 0.021800062708260567 0.5410172522875456 2.403653761806078
950.0 15.261715253501418 -4.76170182122031 61.76906075012421 -400753.7739642325 2.6605375529040634e-05 30.279558457738073 25.76668546541731 29.250012742017052 81.13233236259597 387.4745817924233 400.0 -0.004252737608179466 0.9085277210790119 1.0295457157210215 0.007754821160924157 15.241019686017427 2.8353961376101698e-08 0.032429741366448966 0.016729094678351118 0.01570063451674727 1.03833441157302 0.017418754550429932 0.01501098681601903 0.022065605075056397 0.02206560507504477 0.5343521383501293 2.4059653878739202
960.0 15.273925381598024 -4.768055883625499 62.07479511718407 -400455.6521858297 2.6710145030650795e-05 30.36847696334109 25.78484131126834 29.325511156481696 80.8429749896363 387.0054026718507 400.0 -0.004349024119179052 0.919813640634009 1.042965806859397 0.007996971140950286 15.452876201372312 2.8375878892122807e-08 0.032827086644625095 0.01694232213454897 0.015884752338381124 1.052099122038874 0.017653791846369452 0.015173294798255651 0.022331826958353364 0.022331826958340236 0.5278232317071634 2.408289751601853
970.0 15.286193615653168 -4.774447666983824 62.37810129302155 -400157.4105842626 2.6816191880445163e-05 30.45805427858341 25.802908768328624 29.401610055624854 80.55167015755181 386.5329426932489 400.0 -0.0044465151802233665 0.9311339751144755 1.056444222958555 0.00824357105685661 15.66446413905443 2.8397905880318067e-08 0.03322552484171471 0.017156305609971664 0.016069207059876703 1.065930132723181 0.01788998735389459 0.015335537487820117 0.022598734354163055 0.02259873435415271 0.5214263217782399 2.4106269407837266
980.0 15.298520674465848 -4.78087697881514 62.67903426347577 -399859.0495476348 2.6923552214053187e-05 30.54831419837469 25.8208951510336 29.47833187141522 80.2583926361109 386.05717826839657 400.0 -0.0045452161497778094 0.9424891310493734 1.0699823269594693 0.008494579976640276 15.875725009460176 2.8420064062695615e-08 0.033625065943489255 0.017371047372649398 0.016254006398978046 1.0798288439646857 0.018127339372560655 0.015497726570928603 0.022866333802350012 0.022866333802344267 0.5151573683736985 2.4129770475773027
990.0 15.310907296193786 -4.7873436331604555 62.97764755583573 -399560.5693377767 2.7032262963171642e-05 30.639280732482764 25.838807498432132 29.555699230646596 79.96311652322939 385.5780839903092 400.0 -0.004645132541620379 0.953879538618235 1.0835815018361719 0.008749952739919752 16.08660237720748 2.8442373855320626e-08 0.034025720846655866 0.017586550043724055 0.016439158631253163 1.0937966764103384 0.018365846162098225 0.015659874684557644 0.02313463239229951 0.02313463239229455 0.509012492430806 2.415340170014045
1000.0 15.323354238817597 -4.793847450469839 63.27399329885885 -399261.9700923388 2.714236188593965e-05 30.73097813771075 25.856652590449094 29.63373498820543 79.66581529019552 385.0956326521883 400.0 -0.004746270031634136 0.9653056513751782 1.0972431495053208 0.00900963991169435 16.29704192022094 2.8464854407889355e-08 0.034427501356395704 0.017802816599325946 0.016624672585755774 1.1078350700967508 0.01860550593916473 0.015821995417230974 0.02340363776843703 0.023403637768435872 0.5029879681907051 2.4177164115688945
1010.0 15.335862280632305 -4.800388257497361 63.568122280118054 -398963.25182666176 2.725388763558257e-05 30.823430958048775 25.87443696304631 29.712462268243332 79.36646174260797 384.60979526146434 400.0 -0.004848634464701116 0.9767679459858356 1.1109686898054456 0.009273587733085412 16.506991482451568 2.848752364308217e-08 0.03483042018354661 0.018019850372294224 0.016810557640487445 1.1219454836058702 0.018846316882506133 0.015984103301040487 0.0236733581356963 0.023673358135695842 0.49708021545812053 2.420105881583243
1020.0 15.348432220775804 -4.806965887202919 63.860084000858826 -398664.4144354082 2.7366879832243786e-05 30.916664065551462 25.892166922362566 29.791904506014426 79.06502797867216 384.1205410490941 400.0 -0.004952231861731718 0.9882669219786682 1.1247595595370383 0.009541738068998773 16.71640112038195 2.8510398295368895e-08 0.0352344909415456 0.018237655053778987 0.01699682371773805 1.1361293932862324 0.019088277116492327 0.01614621382505327 0.023943802264960217 0.023943802264937288 0.49128579228527725 2.422508695767208
1030.0 15.361064879786932 -4.813580178660744 64.14992672848831 -398365.4576939879 2.7481379095641685e-05 31.010702689697528 25.909848557903327 29.872085478144424 78.76148539721298 383.62783747471275 400.0 -0.0050570684267642095 0.999803101511391 1.1386172115531061 0.009814028352395698 16.92522314331447 2.853349394894765e-08 0.03563972814322652 0.018456234694756515 0.017183481279368203 1.1503882925292988 0.019331384722760612 0.016308343420465908 0.02421497949850921 0.02421497949845146 0.48560138898345667 2.4249249746299673
1040.0 15.373761100183241 -4.82023097697443 64.43769754680243 -398066.3812598155 2.7597427115149194e-05 31.105572457790725 25.927487754845917 29.95302934389965 78.45580467174076 383.13165022760603 400.0 -0.0051631505542757365 1.0113770291531645 1.152543113891076 0.010090391524477313 17.13341214749579 2.8556825074563324e-08 0.036046147197564396 0.018675593707520224 0.01737054132206259 1.164723691091649 0.019575637726173253 0.016470509471391146 0.02448689975557709 0.02448689975549159 0.4800238215317882 2.4273548441003987
1050.0 15.386521747088569 -4.826918133198404 64.72344240416518 -397767.18467332504 2.7715066738712875e-05 31.20129944123944 25.945090205523048 30.03476069229984 78.14795570675612 382.631943223314 400.0 -0.005270484836561189 1.0229892716841802 1.1665387489395989 0.01037075597135041 17.340925044437686 2.8580405065021507e-08 0.036453764406482986 0.018895736867144217 0.017558015372674003 1.1791371144568763 0.019821034101982608 0.016632730304500375 0.024759573537950937 0.02475957353804286 0.4745500249678293 2.4297984370948904
1060.0 15.399347708887584 -4.833641504265687 65.00720615969334 -397467.8673588163 2.7834341992945507e-05 31.297910178957235 25.962661420138257 30.11730456632549 77.83790764161145 382.1286785963163 400.0 -0.0053790780713143 1.0346404179139181 1.1806056126317457 0.01065504545374919 17.547721083686 2.860424626918174e-08 0.036862596961842256 0.01911666931326183 0.017745915483432337 1.1936301032286558 0.020067571750547023 0.016795025211295236 0.025033011936234025 0.02503301193630356 0.4691770491440936 2.432255890338331
1070.0 15.412239897905318 -4.840400952921791 65.28903262754773 -397168.4286251475 2.7955298194311636e-05 31.395431730848184 25.980206736761296 30.20068651719356 77.52562879513546 381.621816689118 400.0 -0.0054889372693644215 1.0463310785148237 1.1947452136546244 0.010943179036881051 17.753761869310292 2.8628360024331057e-08 0.03727266294255098 0.019338396551339898 0.017934254227782834 1.2082042125439403 0.020315248538001804 0.016957414404549186 0.02530722663530431 0.025307226635358268 0.4639020522260701 2.434727347188716
1080.0 15.425199251149294 -4.847196347664821 65.56896461955203 -396868.867666175 2.807798199355763e-05 31.49389170895068 25.99773133065756 30.2849326362752 77.21108665371612 381.111316036603 400.0 -0.005600069662603009 1.0580618858786452 1.2089590726754769 0.011235071010147282 17.959011371868804 2.8652756686807444e-08 0.03768398131211853 0.0195609244546861 0.01812304469593054 1.2228610115080918 0.020564062216954986 0.01711991909516354 0.025582229921111067 0.02558222992115482 0.4587222964904805 2.437212955749063
1090.0 15.438226731055751 -4.854027562691473 65.84704398606077 -396569.18356111477 2.8202441456299547e-05 31.593318325835604 26.01524022298528 30.37006960426483 76.89424790883876 380.5971333477251 400.0 -0.005712482712065544 1.069833493989608 1.2232487215707712 0.011530630803582012 18.163435934532885 2.8677445660775493e-08 0.03809657191651051 0.019784259266270733 0.018312300490874265 1.2376020826364922 0.02081401051631355 0.017282561400196954 0.025858034687242216 0.025858034687278517 0.4536351425156181 2.4397128715205723
1100.0 15.451323326312997 -4.86089447784918 66.1233116553855 -396269.37527462805 2.8328726156237592e-05 31.69374043526375 26.03273828890857 30.45612473260436 76.57507831256844 380.0792234821033 400.0 -0.005826184116310818 1.0816465783194986 1.237615702659391 0.011829762898114294 18.367004274661316 2.870243542514007e-08 0.03851045548252995 0.020008407600829024 0.018502035724685395 1.2524290213050966 0.02106509105256571 0.017445364429964246 0.026134654441994636 0.02613465444202563 0.4486380456501352 2.4422272551665376
1110.0 15.464490052696108 -4.867796978594051 66.39780767167267 -395969.441656823 2.8456887224482088e-05 31.795187566599065 26.050230265156205 30.54312599866894 76.25354269314673 379.5575394238044 400.0 -0.0059411818199417744 1.0935018357421065 1.2520615679301241 0.012132366729158975 18.56968748031598 2.872773355851335e-08 0.03892565361670583 0.020233376447138025 0.01869226501511943 1.267343435198944 0.021317301362636997 0.017608352254068833 0.026412103315840797 0.026412103315871367 0.4437285522783556 2.444756271240905
1120.0 15.477727953964568 -4.874734955954821 66.6705712314662 -395669.38144303235 2.858697746565705e-05 31.897689986408768 26.06772075706456 30.631102108146358 75.9296049747454 379.03203225062396 400.0 -0.006057484022418188 1.1053999844696056 1.266587878262411 0.01243833658350602 18.77145900242861 2.8753346762247756e-08 0.03934218880482263 0.02045917317055529 0.01888300348260711 1.282346943758241 0.02157063892660448 0.01777154987821814 0.026690396069382095 0.026690396069413678 0.4389042940743177 2.447300092598971
1130.0 15.491038102799449 -4.881708306502681 66.94164071896365 -395369.19325344503 2.871905142895222e-05 32.0012787338492 26.085214245134104 30.720082531214015 75.60322808311847 378.50265109994916 400.0 -0.006175099187116221 1.1173417640103105 1.281196202635182 0.012747561488899115 18.972294642595493 2.877928088152487e-08 0.03976008441212858 0.020685805515808026 0.01907426674767328 1.29744117761634 0.021825101075507565 0.017934983336621014 0.02696954810180338 0.026969548101836906 0.43416298559604766 2.449858896967001
1140.0 15.50442160179038 -4.888716932327043 67.21105374006845 -395068.8755925643 2.8853165502261675e-05 32.10598567289393 26.102715091129237 30.810097555573357 75.27437395310038 377.9693431301822 400.0 -0.006294036050691642 1.1293279351487062 1.2958881173205765 0.013059925095820176 19.172172536809924 2.8805540924506044e-08 0.040179364684303054 0.02091328161007645 0.019266070928821037 1.3126277780264537 0.02208068508678697 0.018098679597516078 0.027249575459898243 0.027249575459938086 0.42950242011671447 2.452432868441769
1150.0 15.51787958447362 -4.895760741017229 67.47884715531093 -394768.4268484971 2.898937802892343e-05 32.2118435461728 26.120227543748516 30.90117834111291 74.94300343280732 377.43205347869764 400.0 -0.006414303632716875 1.1413592799482692 1.3106652050598917 0.01337530555094291 19.37107313535833 2.883213107957431e-08 0.04060005474924942 0.021141609966396024 0.01945843264092234 1.327908396274341 0.02233738812318305 0.018262666626066366 0.027530494847717316 0.027530494847763883 0.4249204663472371 2.4550221972175232
1160.0 15.531413216431904 -4.902839645650236 67.74505711173411 -394467.8452920546 2.9127749383019157e-05 32.31888602292692 26.137755743891944 30.993356968706763 74.60907632845561 376.89072521503823 400.0 -0.006535911245676092 1.153436601778069 1.3255290542201539 0.013693575361877522 19.56897917917794 2.8859054730711e-08 0.04102218061979166 0.02137079948740435 0.01965136899416774 1.3432846930754143 0.022595207198332686 0.018426973421458964 0.027812323636881603 0.027812323636934276 0.42041506508116233 2.4576270799780393
1170.0 15.545023696432365 -4.909953564784394 68.00971907373582 -394167.12907572935 2.926834209767216e-05 32.427147758085624 26.155303729545338 31.086666500159115 74.27255130924459 376.34529929090786 400.0 -0.006658868505267203 1.1655607253625335 1.3404812579265104 0.014014601252304425 19.765875672666066 2.8886314471012538e-08 0.04144576919730582 0.021600859469433808 0.01984489759360519 1.3587583379509893 0.022854139267975145 0.018591629929330666 0.028095079877608318 0.028095079877668457 0.4159842261763812 2.4602477198459076
1180.0 15.558712257651901 -4.917102422459349 68.27286785307037 -393866.27623242384 2.941122098253215e-05 32.53666444749335 26.172875440310232 31.181141034319747 73.93338582007358 375.7957144845653 400.0 -0.0067831853411321 1.177732496857386 1.3555234131736025 0.014338244007318219 19.961749853604143 2.8913912114453876e-08 0.041870848276420326 0.021831799607031667 0.020039036539320255 1.374331008587546 0.023114181253481598 0.018756667022938732 0.02837878231054441 0.028378782310610563 0.41162602611325927 2.462884325161922
1190.0 15.57248016894151 -4.924286148202106 68.53453763792152 -393565.2846740692 2.9556453230576485e-05 32.64747289515938 26.19047472159311 31.276815775250057 73.591536186944 375.24190734193377 400.0 -0.006908872007934847 1.1899527839499833 1.3706571199093207 0.014664358307876619 20.15659115993725 2.8941848705886815e-08 0.042297446550779605 0.02206362999786644 0.020233804427293365 1.3900043901715526 0.023375329799830882 0.01892211675094872 0.028663450379417425 0.028663450379471822 0.40733860386969123 2.46553711330119
1200.0 15.586328736177265 -4.931504677039543 68.79476202123914 -393264.15219000675 2.970410856653251e-05 32.7596110720302 26.208105328479288 31.373727091935756 73.24695740728326 374.6838121120701 400.0 -0.007035939096913772 1.202222475987063 1.3858839800944425 0.014992792554269392 20.350391194020723 2.897012452938319e-08 0.042725593620002424 0.022296361148079424 0.020429220351006663 1.40578017470403 0.023637581358140754 0.019088012261861673 0.02894910424456479 0.02894910424462702 0.40312015966091636 2.4682063070310583
1210.0 15.60025930367003 -4.9387579495173055 69.05357402830663 -392962.8764452164 2.9854259359178898e-05 32.873118182388914 26.225770929305607 31.471912585654525 72.89960321066837 374.1213606788482 400.0 -0.007164397547856952 1.2145424841295578 1.4012055967343924 0.015323388676903978 20.54314368433026 2.8998739114939294e-08 0.04315531999787137 0.022530003978141904 0.020625303903776263 1.421660060290718 0.023900932136470134 0.019254387861401233 0.029235764797509695 0.0292357647975745 0.39896895183202824 2.470892136274579
1220.0 15.61427325565799 -4.9460459117253945 69.31100614365619 -392661.4549783324 3.0006980803972853e-05 32.98803474628561 26.24347510895182 31.57141117340106 72.54942594378232 373.5544824866452 400.0 -0.007294258661600394 1.226913741536149 1.4166235728845435 0.015655981934826976 20.734844444927695 2.9027691243629712e-08 0.0435866571218421 0.022764569829158747 0.02082207518195788 1.4376457504095062 0.024165378179300003 0.01942127894254209 0.029523453676469878 0.029523453676536606 0.394883294122918 2.473594839272986
1230.0 15.628372017885814 -4.953368515330635 69.56709033738765 -392359.8851994409 3.0162351031496473e-05 33.10440265580101 26.261221371866277 31.67226314517215 72.1963765288582 372.98310446120877 400.0 -0.00742553411302976 1.239337203577122 1.432139510628859 0.015990400700255352 20.92549133296498 2.9056978951258948e-08 0.04401963736396399 0.0230000704697419 0.021019554788994095 1.453738953155113 0.024430913135751495 0.019588724228212506 0.02981219328304157 0.029812193283109516 0.3908615545574469 2.4763146594010297
1240.0 15.64255705924742 -4.96066028145298 69.82099258158102 -392052.92398932297 3.0320451309773916e-05 33.22224936094118 26.278997227576937 31.77449435091214 71.84040447065951 372.4336675563189 400.0 -0.007558235964654621 1.2518138480781238 1.447755010029033 0.016326466228398128 21.11508420415445 2.9086599530544628e-08 0.04445429404324169 0.023236518103399217 0.021217763840386906 1.469941380457791 0.0246975281550417 0.019756765888199995 0.030102006800023073 0.030102006800090418 0.3869016155908452 2.4790534398738453
1250.0 15.65682989355725 -4.9677608174438035 70.07062221572542 -391727.77459413133 3.048136620455165e-05 33.341582129456185 26.296768383667864 31.87811046140558 71.48145769790604 371.9712939438417 400.0 -0.007692376680806511 1.2643446755986634 1.4634716680506055 0.016663992412051035 21.303624866911385 2.9116549531949774e-08 0.04489066143962289 0.023473925376559214 0.02141672396966092 1.486254747283653 0.024965218178372692 0.0199254432612502 0.03039291821053514 0.030392918210608844 0.38300070739287323 2.4818152082190688
1260.0 15.671192081378654 -4.974894060523067 70.31897178519128 -391402.40124204254 3.0645183761560034e-05 33.46250280751271 26.31459341765303 31.983211730054812 71.11948253129651 371.50528867875653 400.0 -0.007827969142457036 1.2769307097426772 1.4792910774579007 0.01700278551912735 21.49111703472078 2.914682476312698e-08 0.04532877480957799 0.023712305387173727 0.021616457335340313 1.5026807708074446 0.025233976877692046 0.02009479793188594 0.030684952318468503 0.03068495231854843 0.37915922334965624 2.484594716888998
1270.0 15.685645231992073 -4.9820599522964955 70.56607104882445 -391076.79890707164 3.081199570437385e-05 33.58505961833266 26.332475474972604 32.08984479264588 70.75442368839444 371.0355891840788 400.0 -0.007965026662742085 1.2895729975072474 1.4952148256867799 0.017342643912887635 21.677566277528484 2.9177420287113403e-08 0.045768670403493805 0.023951671694014597 0.021816986629045812 1.5192211695681626 0.0255037983052525 0.0202648720982413 0.030978134770389038 0.030978134770471462 0.37537571883761883 2.4873922499972876
1280.0 15.700191005438198 -4.9892584391831445 70.81194936020522 -390750.9623560359 3.09818976505133e-05 33.70930261861506 26.350417634627146 32.198058124927385 70.38622409922446 370.5621306336022 400.0 -0.008103563003250762 1.3022726096673045 1.5112444936876677 0.017683357752880328 21.862979971764148 2.920833041923874e-08 0.04621038548486292 0.024192038326621 0.022018335084736797 1.5358776625991253 0.0257746767937456 0.020435708691117316 0.031272492078954335 0.03127249207903954 0.37164879360695224 2.4902080983823773
1290.0 15.714831114720557 -4.996489472449314 71.05663569097018 -390424.8861420041 3.1154989351762584e-05 33.835283820198 26.368422910783462 32.30790216544997 70.01482489553723 370.0848458654958 400.0 -0.008243592391090817 1.3150306412031805 1.5273816547480334 0.0180247086759513 22.047367249780006 2.9239548722864482e-08 0.04665395835152003 0.024433419796049155 0.02222052648919788 1.5526519685432603 0.026046606386684122 0.02060735196483591 0.03156805164803693 0.03156805164812085 0.3679770889266095 2.4930425633201594
1300.0 15.729567328097167 -5.003753008249039 71.30015865377221 -390098.5645974538 3.133137489530303e-05 33.96305728813741 26.386494254204717 32.4194294148512 69.64016534546575 369.603665291857 400.0 -0.008385129536802453 1.327848211768524 1.5436278732862145 0.018366469455367185 22.230738948237168 2.9271068003910566e-08 0.04709942835889755 0.024675831106341053 0.02242358519382585 1.5695458047445017 0.026319580939908493 0.02077984741898905 0.03186484179955375 0.0318648417996371 0.3643592868076408 2.4958959541393124
1310.0 15.744401471529741 -5.011049007670972 71.54254652509405 -389771.99182685703 3.151116301126663e-05 34.09267928286951 26.404634553521877 32.53269457924574 69.26218272389077 369.1185168011335 400.0 -0.00852818965325186 1.340726466205013 1.5599847036237746 0.018708403636894775 22.41310755607567 2.9302880304251193e-08 0.04754683594554453 0.024919287766864365 0.02262753612780868 1.5865608863239549 0.02659359399624609 0.020953241949298432 0.03216289180222625 0.032162891802313534 0.3607941076652217 2.498768590912936
1320.0 15.759335431275026 -5.018377436792051 71.78382726790264 -389445.16169876384 3.169446731620518e-05 34.22420837882012 26.422846636352244 32.64775469008576 68.8808122468102 368.62932565476365 400.0 -0.008672788475448681 1.3536665751051988 1.5764536887343572 0.019050265150034662 22.59448716201158 2.9334976893977773e-08 0.0479962226610014 0.02516380580553174 0.02283240481278093 1.6036989252387905 0.02686863883681022 0.02112758382419118 0.032462231902363664 0.03246223190245283 0.3572803093860803 2.501660802995899
1330.0 15.77437115662021 -5.025738266738387 72.02402855417778 -389118.06783739 3.188140660334085e-05 34.357705604292946 26.441133270272328 32.76466924532454 68.4959869936178 368.1360143767481 400.0 -0.00881894228148045 1.366669735426021 1.5930363589684058 0.01939179789262182 22.77489340163664 2.936734826253172e-08 0.04844763119616165 0.02540940178293486 0.023038217379051432 1.6209616293235953 0.027144708479030753 0.021302922717130898 0.03276289335679045 0.03276289335688072 0.3538166858243213 2.504572929547129
1340.0 15.789510662795438 -5.033131473753531 72.26317778743125 -388790.70361357665 3.207210521462086e-05 34.493234612085985 26.459497163655346 32.88350038132924 68.10763774246608 367.63850263582725 400.0 -0.008966667914551406 1.379737171158024 1.6097342307567457 0.0197327352868919 22.954343404423334 2.939998410872883e-08 0.048901105416332996 0.025656092807503784 0.023245000583505114 1.63835070131815 0.027421795571930658 0.02147930984440234 0.033064908468130975 0.033064908468223624 0.35040206483415487 2.507505321824454
1350.0 15.80475603407714 -5.0405570392745 72.50130212527961 -388463.06213507656 3.226669331554417e-05 34.63086182300695 26.477940966381396 33.00431301771288 67.71569298608205 367.1367071196619 400.0 -0.009115982806307826 1.3928701340542817 1.6265488052940646 0.020072799804961156 23.13285574075399 2.9432873329679208e-08 0.04935669039718163 0.02590389655175296 0.02345278182930129 1.6558678378832858 0.027699892510586393 0.021656797886595247 0.033368310622613556 0.03336831062271012 0.3470353072058118 2.5104583427982305
1360.0 15.820109427044521 -5.048014950016269 72.7384285019941 -388135.13623633306 3.2465307303862595e-05 34.77065660119792 26.49646727041913 33.1271750340024 67.32007865351939 366.6305414014107 400.0 -0.009266905001446706 1.406069904419557 1.643481567195523 0.020411702461030964 23.310450368739716 2.946600400852734e-08 0.04981443246364334 0.02615283126960905 0.023661589187456825 1.6735147285978977 0.02797899129784697 0.021835441165796367 0.03367313433051323 0.033673134330611594 0.3437153062391022 2.513432364759812
1370.0 15.835573074097079 -5.055505198064672 72.9745836513436 -387806.9184673156 3.266809020272734e-05 34.91269145836702 26.5150786102984 33.25215747522829 66.92071814042782 366.1199157962828 400.0 -0.00941945318378445 1.4193377919709957 1.6605339831387373 0.020749142268501376 23.487148581572825 2.9499363401087304e-08 0.050274379232218946 0.026402915815043403 0.023871451420509324 1.6912930549516838 0.02825908359762907 0.022015295634589874 0.033979415269561386 0.03397941526966021 0.34044098493231834 2.5164277751140376
1380.0 15.851149287141977 -5.063027780978753 73.20979412950825 -387478.40108180017 3.287519206273958e-05 35.05704223506289 26.533777463464386 33.37933473458545 66.5175321117685 365.60473720926376 400.0 -0.009573646703877559 1.4326751367677109 1.6777075004774373 0.02108480565842361 23.66297295479235 2.9532937921231727e-08 0.050736579656651556 0.02665416966193438 0.0240823980083319 1.7092044893189455 0.02854016071332359 0.022196418943327967 0.0342871903314066 0.034287190331509614 0.33721129614394063 2.5194449724321313
1390.0 15.866840461567476 -5.07058270190269 73.44408633840138 -387149.5760246301 3.308677047549935e-05 35.20378834482368 26.552566250531836 33.508784798984735 66.11043835851753 365.0849089719234 400.0 -0.009729505608310908 1.446083310222118 1.695003545838939 0.02141836585695643 23.83794729421057 2.9566713125078646e-08 0.05120108407746639 0.02690661292541518 0.024294459176325278 1.7272506939281889 0.028822213503226484 0.022378870574239908 0.03459649767151669 0.034596497671620596 0.3340252203545347 2.5224843707982667
1400.0 15.88264908045029 -5.07816996968817 73.6774865492809 -386820.43491818017 3.3302991007931425e-05 35.353012977451826 26.57144733543399 33.640589453755915 65.69935165946289 364.5603306680742 400.0 -0.009887050670797898 1.4595637161937387 1.712423523695915 0.021749482218164192 24.012096584098224 2.9600673693854685e-08 0.051667944275487 0.027160266384681678 0.024507665926126153 1.7454333198177632 0.02910523245691813 0.022562711818568875 0.0349073767626572 0.03490737676276385 0.33088176592167823 2.525546395778031
1410.0 15.898577719044045 -5.085789599027781 73.91002092680114 -386490.9690478475 3.352402777903168e-05 35.50480338051798 26.590423025473534 33.77483456560303 65.28418368234529 364.0308979481536 400.0 -0.010046303425232168 1.4731177921742866 1.7299688149149453 0.022077799508536056 24.185446935903965 2.9634803415383184e-08 0.052137213529701444 0.02741515150744308 0.024722050069022724 1.763754005781626 0.029389207577820976 0.022748005951880482 0.0352198684523209 0.03521986845243105 0.3277799665636793 2.52863149017219
1420.0 15.914629049588378 -5.093441610600135 74.14171555363363 -386161.1693464221 3.375006405899109e-05 35.65925113266585 26.60949557128153 33.91161035738287 64.86484273735525 363.49650232908726 400.0 -0.010207286200881422 1.4867470105726797 1.7476407752829743 0.022402947139486578 24.358025537646952 2.9669085164126414e-08 0.05260894667985748 0.02767129047615184 0.02493764426232005 1.782214377307792 0.029674128416680268 0.022934818263177226 0.03553401502442486 0.035534015024535376 0.3247188809142079 2.5317401128052737
1430.0 15.930805846440188 -5.101126031227596 74.3725964556835 -385831.02637734474 3.398129285719244e-05 35.81645242251819 26.62866716668321 34.051011688511174 64.44123363309019 362.9570309811894 400.0 -0.01037002215987651 1.500452880106347 1.7654407340070095 0.022724538343284792 24.529860603895216 2.9703500879655603e-08 0.053083200194105104 0.027928706216118322 0.025154482048867867 1.8008160455057216 0.02995998403164587 0.023123216162459236 0.035849860265601524 0.03584986026571402 0.3216975921311251 2.534872737165823
1440.0 15.94711099154786 -5.108842894047483 74.60268962797909 -385500.5303167835 3.421791763179031e-05 35.97650838402461 26.647939948471993 34.19313839184022 64.01325748583179 362.4123664994824 400.0 -0.01053453533716522 1.5142369473071864 1.7833699921843913 0.023042169287494488 24.700981326356654 2.973803154342744e-08 0.053560032242079406 0.02818742242566276 0.02537259789999153 1.8195606060213287 0.030246762926685995 0.023313269315393403 0.03616744953647771 0.03616744953659158 0.31871520646743307 2.538029853914483
1450.0 15.963547480338807 -5.1165922386977565 74.83202106144802 -385169.67093426775 3.44601530534056e-05 36.13952546740277 26.66731599609871 34.33809564615614 63.58081158367524 361.86238665833054 400.0 -0.010700850683275396 1.5281007981553905 1.8014298212466262 0.023355418122933166 24.87141782532511 2.9772657153759275e-08 0.05403950277398474 0.02844746360852819 0.025592027262163343 1.8384496379448023 0.030534453081886376 0.02350504969209838 0.03648682984841476 0.03648682984853015 0.3157708512956806 2.5412119757153597
1460.0 15.980118428012293 -5.124374111518198 75.06061677057978 -384838.4375719168 3.470822577297768e-05 36.305615781068795 26.68679733127076 34.48599431970051 63.143789056437875 361.3069641478706 400.0 -0.010868994109906528 1.5420460598486823 1.8196214613682793 0.02366384395897242 25.041201101780672 2.9807356698808684e-08 0.05452167360607654 0.028708855108682794 0.0258128066076819 1.857484702703774 0.03082304184105349 0.02369863176502305 0.03680804994613438 0.03680804994625261 0.31286367632693673 2.544419630450372
1470.0 15.996827076293362 -5.13218856576843 75.28850282214842 -384506.8191220753 3.496237536524922e-05 36.47489754375738 26.70638591746398 34.63695142391698 62.70207867211791 360.74596629133197 400.0 -0.011038992538856034 1.5560744027205953 1.8379461198403957 0.02396698575981762 25.21036299026629 2.984210812739723e-08 0.05500660851314784 0.028971623147748322 0.026034973489730374 1.8766673429435092 0.031112515951912542 0.0238940925612353 0.037131160396781354 0.03713116039690272 0.3099928512670084 2.5476533676732203
1480.0 16.013676800710744 -5.140035661864001 75.51570536518912 -384174.8040031123 3.522285525111967e-05 36.64749553107823 26.726083659349587 34.79109056167087 62.25556469124223 360.1792547399745 400.0 -0.011210873954415813 1.5701875423233018 1.8564049694073594 0.02426436115461991 25.378936112642183 2.987688831748182e-08 0.05549437332870914 0.029235794865325807 0.026258566602230592 1.895999081395418 0.031402861481880304 0.024091511846828822 0.03745621368604932 0.03745621368617105 0.30715756473024153 2.550913760745437
1490.0 16.03067111838219 -5.147915467632062 75.74225066220653 -383842.3801334769 3.5489933754392246e-05 36.823541547022394 26.745892402125342 34.94854240046856 61.8041264364011 359.60668514590344 400.0 -0.011384667459583924 1.5843872416841862 1.8749991465538305 0.0245554651532445 25.546953832398245 2.9911673041999766e-08 0.05598503605336542 0.029501398362359772 0.02648362584485593 1.9154814197217933 0.031694063751591874 0.02429097230177354 0.037783264321894994 0.037783264322016175 0.30435702510430873 2.5542014016143
1500.0 16.04781369643695 -5.155828058588269 75.96816512199172 -383509.5349035164 3.576389527992295e-05 37.00317500697886 26.765813930760224 35.10944525723122 61.3476381770463 359.0281068085835 400.0 -0.011560403336521304 1.5986753137600347 1.893729749747632 0.024839768759009846 25.714450209899134 2.99464369318784e-08 0.0564786669723959 0.029768462747976107 0.026710192393773147 1.9351158373464303 0.031986107386019355 0.024492559586376538 0.038112368946722236 0.038112368946846345 0.3015904574576838 2.5575169109058717
1510.0 16.06510836106935 -5.163773518236752 76.1934753340557 -383176.25514510984 3.6045041566289335e-05 37.18654349360077 26.785849969139882 35.27394565597728 60.885968626043066 358.4433622935954 400.0 -0.011738113111605494 1.613053624101547 1.9125978376234896 0.025116717468312646 25.881459958213625 2.99811534358697e-08 0.05697533878320568 0.03003701818999676 0.02693830877857948 1.9549037902577462 0.03227897612019956 0.02469636266300612 0.03844358645871679 0.03844358645884187 0.2988571050524596 2.56086093045957
1520.0 16.08255910733268 -5.171751938395171 76.41820810500337 -382842.52709870675 3.6333693076824955e-05 37.37380344509904 26.806002179115357 35.44219901799199 60.41898081790367 357.8522870204713 400.0 -0.011917829625483285 1.62752409375308 1.9316044271070543 0.025385729646281212 26.04801839968377 3.001579477690541e-08 0.05747512673374708 0.0303070959695594 0.027168018966104254 1.9748467097875984 0.03257265288743395 0.02490247384631313 0.03877697814329963 0.038776978143425886 0.2961562262732672 2.5642341338673265
1530.0 16.100170109706642 -5.179763419547116 76.64239049696445 -382508.3363776748 3.663019055615042e-05 37.565120853838714 26.82627215944344 35.61437036237324 59.94653153915335 357.25470881755274 400.0 -0.012099587108739842 1.6420887024071507 1.950750491465464 0.025646194765904254 26.214161423000363 3.005033190456792e-08 0.05797810877286803 0.0305787285401852 0.027399368451689606 1.994946001354793 0.03286711964896307 0.02511098912390495 0.039112607815652345 0.03911260781577999 0.2934870955660108 2.567637221501084
1540.0 16.11794573354861 -5.187808071224426 76.86604986841148 -382173.6679295517 3.69348965754321e-05 37.76067200529011 26.84666144461681 35.790635047010504 59.46847111433937 356.6504474386651 400.0 -0.012283421263611306 1.6567494918425434 1.9700369582796036 0.025897471496920246 26.379925440823285 3.008473444327138e-08 0.05848436571388878 0.03085194959178713 0.02763240435875893 2.0152030431726415 0.0331623574052745 0.025322008308614283 0.039450541975483276 0.03945054197561035 0.2908490031766789 2.571070920213233
1550.0 16.135890547487385 -5.195886012422164 77.08921391755477 -381838.5059940051 3.72481978910518e-05 37.960644616227974 26.86717150357057 35.97117990890528 58.98464282150831 356.0393140405691 400.0 -0.01246936935248883 1.6715085696718652 1.9894647073226939 0.02613888562892213 26.545347347704034 3.0118970635655005e-08 0.058993981412654245 0.031126794120057266 0.027867175547481877 2.0356191849087923 0.033458346068481526 0.025535635344172716 0.039790849975226805 0.03979084997535347 0.28824124755142977 2.574536013486057
1560.0 16.154009336892653 -5.203997372049536 77.31191072871027 -381502.8340570187 3.757050562651401e-05 38.16523770409919 26.887803738260676 36.15620313576133 58.4948825539459 355.42111061370196 400.0 -0.012657470293774963 1.686368113434622 2.009034568337857 0.026369727811161536 26.710464478308573 3.015300728066305e-08 0.059507042961699 0.031403298501864886 0.028103732733541414 2.056195746295082 0.03375506442916837 0.025751978532530622 0.04013360420317773 0.04013360420330432 0.28566316453984075 2.5780332195404747
1570.0 16.172307118518336 -5.212142289420248 77.53416882194442 -381166.63480095705 3.7902264631268576e-05 38.374666892239276 26.9085594821 36.34591957354117 57.999018256814445 354.795629363981 400.0 -0.012847764766040548 1.701330375071057 2.028747318698108 0.026589251089383738 26.875314565694836 3.0186809665685264e-08 0.06002364090219245 0.03168150057726108 0.028342128618074374 2.0769340156756577 0.034052490042843386 0.025971150859349045 0.040478880283115845 0.04047888028324168 0.2831140110154425 2.581563677405035
1580.0 16.190789156433855 -5.220320914786306 77.7560172063441 -380829.89005011535 3.8243929498344666e-05 38.589149560559136 26.929439998235907 36.5405458796286 57.496869382737465 354.16265203872837 400.0 -0.013040295321237993 1.7163976858166965 2.0486036809305324 0.02679666821748079 27.039935699393183 3.022034149205872e-08 0.060543869455551846 0.03196143973877393 0.028582418029989457 2.0978352484805516 0.03435059914486953 0.026193270310682325 0.0408267572921908 0.04082675729231671 0.280593391514762 2.585127143605825
1590.0 16.20946097939698 -5.228533409919732 77.97748543737394 -380492.5807111969 3.8596066116579863e-05 38.808966350688664 26.950446477654538 36.740362030601375 56.988246337730175 353.5219491919509 400.0 -0.013235106508034326 1.731572461565472 2.068604320087289 0.026991148718773596 27.204366283081303 3.025356479314492e-08 0.061067826776952466 0.032243157028820364 0.02882465808206542 2.1189006656137983 0.03464936655781069 0.026418460219141786 0.041177317999134856 0.041177317999259264 0.2780996930126359 2.5887286744598024
1600.0 16.22832839984363 -5.236779948747437 78.19860367884588 -380154.6867080997 3.895898675936858e-05 39.03423655633592 26.97158003709501 36.94548671539196 56.47294977001654 352.8732793806699 400.0 -0.01343224500643889 1.7468572087559948 2.0887498409439607 0.02717181566835243 27.368644991590184 3.028643984409082e-08 0.06159561523327504 0.03252669524616422 0.029068908342440677 2.1401314517438323 0.034948765567597906 0.02664684966567713 0.04153064912513936 0.04153064912526114 0.2756358091167274 2.592353931561075
