#Found quasiharmonic mode : None
#T(K), volume, F(eV), S(J/K), H(J/K), a(-6/K), Cp(J/mol), Cv, Cpion, Bt(GPa), T_ph-D(K), T-D(K), F_el_atom, S_el_atom, C_el_atom, M_el, Seebeck_coefficients(10**-6 V/K), Lorenz_number(WOK^{-2}), Q_el, Q_p, Q_e, C_mu, W_p, W_e, Y_p, Y_e
0.0 16.642587250954612 -3.7065453616201083 0.08887616406685118 -357623.0732948011 7.347909080147482e-08 0.17781163016121815 0.17684366669449447 0.17781158753127999 74.34597604417706 420.4856713040263 400.0000000000001 9.680220260990748e-10 -2.4698520662359443e-07 4.262993177613713e-08 6.174595355837279e-08 0.0013824009023107723 2.443046847916602e-08 -8.43251510165434e-09 -9.113881673629647e-10 -1.4231434467061052e-08 2.492713860302283e-08 8.234780606480682e-09 -1.6667295707415843e-08 -5.173165610276583e-09 -5.173175652523621e-09 1336.6467813405088 -0.38904650403811564
10.0 16.642131779954312 -3.7065373453869572 -0.07877469124241328 -357629.384519236 -1.3298528150273085e-07 -0.22968966108643074 -0.2291788408133394 -0.23896285657547953 74.35612138030953 420.582730755671 400.00000000000006 -4.815161113956741e-07 0.009273256535887234 0.009273195489041595 -2.9221071572390257e-07 -0.05017450516018228 2.4429575419959463e-08 0.00033901428553222254 0.00016947540273717 0.0001695176346458937 0.009273210559089765 0.00016945658846853232 0.0001695576970636906 0.0002349858740452589 0.00023498587401319903 1155.0488374087229 1.590782898400288
20.0 16.642173643038696 -3.7065374042510655 -0.013726868907511222 -357630.2616235456 3.8292093249828226e-07 0.08231861916916838 0.08363366619513923 0.06377320108503179 74.35518366048038 415.58516689282624 400.00000000000006 -1.9230871660234523e-06 0.018545676760687912 0.0185454180841292 -1.0329009193511868e-06 -0.09787743051979858 2.4429900855640783e-08 0.0006779998209841694 0.0003389134754715709 0.0003390561506190472 0.018545446375571536 0.0003388260112151897 0.00033917380976897975 0.0004699531938912003 0.0004699531938457047 913.2348326929584 2.787227171658838
30.0 16.642795752175175 -3.7065647196348084 0.27076338432755065 -357623.26063348074 1.4817528502587408e-06 0.9892956461832328 0.9898016060504968 0.9614755633359562 74.34128512565843 407.12795382524087 400.00000000000006 -4.324976623722695e-06 0.027818951473263343 0.027820082847268977 -2.1939021319019784e-06 -0.1436509773620112 2.4431499526798145e-08 0.0010170107916972104 0.0005083402603359997 0.0005086358623891313 0.02782011686974146 0.0005081405779528962 0.0005088702137443139 0.000704937416838109 0.0007049374167859312 639.8157245967066 3.3536641740764495
40.0 16.64408101933116 -3.706638472960561 0.7614398217187659 -357605.93757479213 3.024065589232873e-06 2.3667005952109776 2.363845397083301 2.3296000330004363 74.31254801681253 396.8460656626634 400.00000000000006 -7.68841596635886e-06 0.037095018457681456 0.037100562210535294 -3.8087918279547768e-06 -0.18941974787229324 2.44344261740197e-08 0.0013561098155278164 0.0006777827108514206 0.0006782913158602836 0.03710060653475706 0.0006774243636139694 0.0006786854519138467 0.00093997917335188 0.0009399791732979453 363.40247052345785 3.4434717639920382
50.0 16.64611235647409 -3.7067778456507083 1.44504619652213 -357575.8484732313 4.87041426687492e-06 4.0899926415076315 4.080285457624123 4.043602412901628 74.26709457491162 386.37447651484365 400.000000000001 -1.2014636675797434e-05 0.04637581549801032 0.04639022860600264 -5.911147482088101e-06 -0.23710834423611843 2.443873553789367e-08 0.0016953595103324638 0.0008472677805388008 0.0008480570569366446 0.04639029986377605 0.0008467014431307289 0.0008486580672017347 0.0011751190938984117 0.0011751190938458175 112.60602787670442 3.2100277997445303
60.0 16.64902543758459 -3.7070067623747494 2.3123528603464036 -357529.1716105044 6.818348597573939e-06 5.981441915081961 5.959806667112 5.925748502392281 74.2018713463978 375.5389995312313 400.000000000001 -1.730463819105748e-05 0.05566354665547711 0.05569341268967999 -8.51904705776048e-06 -0.28977563188518846 2.4444653268951192e-08 0.0020348299717218915 0.0010168276576671775 0.001017970321800594 0.055693531432068885 0.001016002418210425 0.0010188275535114662 0.0014104029072754332 0.0014104029072259444 -306.3400940450295 3.000406150616569
70.0 16.652929326398947 -3.707343203718229 3.3693992473311587 -357463.50588072557 8.80419845670132e-06 8.008057738789883 7.968710692918713 7.943044619925635 74.11441815681356 374.9823344973039 400.000000000001 -2.3559498456269067e-05 0.06495997303430419 0.0650131188642492 -1.1664704261002254e-05 -0.3482554057804112 2.445225858966957e-08 0.002374577574495255 0.0011864849553802832 0.001188060622301032 0.06501331840099031 0.0011853486232658308 0.0011892289512294239 0.001645867067401436 0.0016458670673504844 25.54196451849103 2.4275082047405308
80.0 16.657804122102604 -3.7078026339289645 4.571351833706215 -357378.1572949795 1.0676965450461412e-05 10.00078246355365 9.937611616537326 9.926430254713553 74.00514685649732 377.50444825646275 400.000000000001 -3.0780914820053756e-05 0.07426705631368838 0.0743522088400955 -1.541045072718069e-05 -0.41432889547557533 2.446130616241137e-08 0.0027146667107647154 0.0013562664227979124 0.0013583682854677976 0.07435254509572548 0.0013547593553857487 0.0013599073553789663 0.001881553033415468 0.0018815530333623634 23.997837989110877 2.3740243106933527
90.0 16.663567931845357 -3.7083952091364587 5.865280803617479 -357273.95556353085 1.2349924867223191e-05 11.834332579035861 11.741521939167106 11.750620088025265 73.87585186877735 379.259231039262 400.000000000001 -3.89708091564195e-05 0.08358641432439151 0.08371249101059558 -1.9833479583478695e-05 -0.48893607785233145 2.4471422737646805e-08 0.0030551524073829705 0.0015261916944588438 0.0015289287037166662 0.08371305025424125 0.0015242466130443778 0.0015309057943385922 0.0021174960138954342 0.002117496013839594 22.304774234125006 2.335667835893407
100.0 16.67011709765377 -3.7091265884644837 7.2067861581126 -357152.6458804959 1.3811687702468807e-05 13.461231610479826 13.333748717813819 13.368136828150584 73.72881295534725 380.24569401087615 400.000000000001 -4.8131256604400845e-05 0.09291928928571147 0.0930947823292432 -2.5014564495500167e-05 -0.5716901194028275 2.4482213118994152e-08 0.0033960791469183835 0.001696275215021245 0.001699771915085634 0.09309568667250613 0.001693816866541548 0.0017022622803768354 0.0023537243306225334 0.0023537243305635724 20.720270339657908 2.305182152324391
110.0 16.67735060875494 -3.7099992080897604 8.564580226492204 -357016.24677284976 1.507959166484882e-05 14.881356507402431 14.715142629154109 14.778857564888163 73.5662515072376 380.8362303692501 400.000000000001 -5.826443178454003e-05 0.10226657402669367 0.10249894251426722 -3.102619608158131e-05 -0.6612452177150194 2.449321281370268e-08 0.0037374820532520775 0.0018665280594012351 0.0018709219686643668 0.10250035188371995 0.0018634740308095493 0.0018740080224425287 0.0025902603207074324 0.0025902603206449234 19.29101421662265 2.2812541246630498
120.0 16.68517863370829 -3.7110133137020815 9.917915330027167 -356866.7123859568 1.617913567679282e-05 16.113552898809406 15.905474510172272 16.001628751189333 73.39014123144784 381.19304228701634 400.000000000001 -6.937256931793273e-05 0.11162884641430304 0.11192414762007441 -3.792594640584428e-05 -0.7558995041631079 2.450398477621464e-08 0.004079387944459975 0.0020369590792674017 0.0020423968309714186 0.11192625841377307 0.0020332212563800066 0.002046166688079969 0.00282712121188038 0.002827121211814461 18.007773527192832 2.2628390766029924
130.0 16.69352413209989 -3.71216769103534 11.253400901293155 -356705.80206135724 1.713565023920749e-05 17.181993958104115 16.929688529548365 17.060624619516023 73.20217278067176 381.3888215444007 400.000000000001 -8.145793523906209e-05 0.12100643687846821 0.12136933858809024 -4.575490786469752e-05 -0.8539999660911008 2.451422567098634e-08 0.004421816305196517 0.002207575439279171 0.0022142088220975403 0.12137238002904346 0.0022030616160887825 0.0022187546891077343 0.0030643199062583035 0.0030643199061892367 16.856262155421128 2.248734018875304
140.0 16.702322027307005 -3.71346016991546 12.562617810729009 -356535.0476985134 1.797178032120758e-05 18.11047713736574 17.81218112437804 17.979643585984963 73.00377236707976 381.4629890210415 400.000000000001 -9.452280859358494e-05 0.13039950891628543 0.13083355138078054 -5.453896616193534e-05 -0.9541241752056457 2.452378269159215e-08 0.0047647805117520935 0.002378382965928599 0.002386365491922253 0.1308377806828116 0.0023729983282109847 0.002391782183541108 0.003301865810106893 0.0033018658100349473 15.82186571246504 2.2379293627573413
150.0 16.711517675915715 -3.7148879719015184 13.840486668870685 -356355.76236200635 1.870690225286956e-05 18.920344143948036 18.574741861140858 18.780028076041607 72.79613580114525 381.4407485887345 400.000000000001 -0.0001085694715531082 0.139808128377983 0.14031606790643086 -6.429117038331066e-05 -1.055128866169558 2.4532620323869294e-08 0.005108289216630011 0.0025493864663558167 0.0025588706858771784 0.14032176514875092 0.002543034842673036 0.002565254373956975 0.003539765658001792 0.003539765657927477 14.890878675082037 2.229646843848581
160.0 16.72106526911889 -3.7164479507499313 15.084173039498502 -356169.0638144234 1.93572891387912e-05 19.62997032189578 19.236073296213952 19.480153879772857 72.58026392410545 381.3400024730385 400.000000000001 -0.00012360020562673352 0.14923231335224554 0.1498164421229181 -7.501428584664857e-05 -1.1561363867098224 2.4540777358821546e-08 0.0054523476927379215 0.0027205900279252447 0.0027317255895631795 0.14982390542633778 0.0027131748903522156 0.0027391728023857063 0.0037780242500676737 0.00377802424999189 14.05085306210302 2.223304386641064
170.0 16.730926381846952 -3.7181367588935137 16.292351947842644 -355975.90141461394 1.9936493106919494e-05 20.254880035377877 19.811934974206196 20.095545573566184 72.35699469587966 381.17423875565316 400.000000000001 -0.0001396172917142649 0.15867206601805806 0.15933446181168928 -8.670313333908092e-05 -1.2564973874064966 2.454833099638048e-08 0.005796958995517701 0.0028919972755190593 0.0029049296335885294 0.159344003133319 0.002883422511143286 0.002913536484374415 0.004016645059296456 0.004016645059219871 13.290731449676432 2.2184685037633507
180.0 16.74106872636981 -3.7199509624070455 17.464709928894234 -355777.0817030106 2.045576526597285e-05 20.808075801156765 20.31549586309015 20.63920571477641 72.12703073767827 380.95395560255974 400.000000000001 -0.00015662301227711687 0.16812739077344419 0.16887008638035644 -9.934657580904021e-05 -1.3557478396939018 2.4555371705617355e-08 0.006142124881728864 0.003063611570364987 0.0030784812135260554 0.16888202803685923 0.003053782058195614 0.0030883428235332494 0.004255630701610551 0.004255630701533874 12.600820678833855 2.214814937671453
190.0 16.751465108218675 -3.7218871198572696 18.601605011162754 -355573.29105292354 2.0924443463364678e-05 21.300410668180056 20.757724657096674 21.12198728510398 71.89096236845545 380.68748008455884 400.000000000001 -0.00017461965444758604 0.17759830296627327 0.17842338307607447 -0.00011292913011081623 -1.4535682515814157 2.456198762638984e-08 0.0064878464824673545 0.003235436148036757 0.0032523782249327575 0.17843805497153908 0.0032242581781514647 0.00326358830431589 0.00449498328148889 0.00449498328141309 11.972689426352291 2.2120991137889234
200.0 16.762092562300978 -3.7239418357101854 19.703832944428587 -355365.1150621062 2.1350288078456723e-05 21.740938378467902 21.147753364166558 21.55294390609801 71.64928665019426 380.38149911895937 400.000000000001 -0.0001936095133264236 0.1870848316874466 0.18799447236988803 -0.00012743223075525366 -1.5497481079739845 2.4568256120855737e-08 0.006834124760512615 0.0034074742031360906 0.003426618436015952 0.18801220982963365 0.003394855772251736 0.00343926898826088 0.004734704634210574 0.004734704634136326 11.39903369292629 2.2101347723492664
210.0 16.772931642351832 -3.7261117957637095 20.772465786021186 -355153.0548737451 2.1739764085833585e-05 22.13721992241826 21.49319378271427 21.939636435861303 71.40242305419434 380.0414314349249 400.000000000001 -0.00021359489504769633 0.19658701913739077 0.19758348655695793 -0.00014283519092527349 -1.6441563145932752 2.4574240216592323e-08 0.007180960794812491 0.0035797289326580887 0.0036011997287536627 0.1976046286356968 0.003565579945870138 0.0036153808489423527 0.004974796487141412 0.004974796487069312 10.873536327518478 2.208778659348667
220.0 16.783965837927486 -3.728393789870601 21.808740300200235 -354937.5407928722 2.2098273137265495e-05 22.495582933710473 21.80040426992234 22.288392391743677 71.15072629784058 379.6717005814356 400.000000000001 -0.00023457811939145087 0.2061049182814933 0.2071905419667943 -0.000159115910055532 -1.736717415503132 2.4579988158957586e-08 0.007528355935699421 0.0037522035506442567 0.00377612023945852 0.20721543009348978 0.0037364359542387555 0.003791919981460666 0.005215260560505912 0.005215260560436568 10.39073444172132 2.20791944515881
230.0 16.79518109621857 -3.7307847256851376 22.81398094372603 -354718.94359764166 2.2430346861244636e-05 22.82133769684951 22.074710911049834 22.604521973537025 70.89449685832486 379.27594087525046 400.000000000001 -0.0002565615218785658 0.21563858990563478 0.21681572331248483 -0.00017625137489910416 -1.8273929443755512 2.458553477253303e-08 0.007876311869304788 0.003924901285208954 0.003951378426166236 0.2168447001438486 0.00390742915083964 0.0039688827184651485 0.005456098624800696 0.005456098624734687 9.945896955039963 2.207470013547195
240.0 16.806565429457997 -3.733281636093003 23.78954701827692 -354497.583920259 2.273979221549764e-05 23.11895366557841 22.320589273110983 22.892494587712584 70.63396122439008 378.8571555292646 400.000000000001 -0.00027954745535925795 0.2251880997445337 0.22645907786582917 -0.00019421799604582416 -1.916167149781054 2.4590903727437593e-08 0.008224830622357952 0.004097825366663452 0.004126973085311096 0.2264924862383091 0.004078564943060154 0.0041462656792978 0.005697312528491772 0.005697312528429552 9.534933322783475 2.2073598208471505
250.0 16.818108598546715 -3.735881682259593 24.73679680189867 -354273.74002495065 2.30298939820137e-05 23.392205697523707 22.54181309746201 23.156085080535682 70.36889025538873 378.41783902864324 400.000000000001 -0.0003035382912862559 0.23475351613473322 0.2361206169880224 -0.00021299181545279355 -2.003036344677553 2.4596110108095588e-08 0.008573914534312846 0.004270979014626275 0.004302903336742571 0.23615879887940994 0.004249848759495867 0.004324065774816981 0.005938904208564343 0.005938904208506483 9.154341103656536 2.2075251089147425
260.0 16.829802002224238 -3.738586331785082 25.65702062403374 -354048.0707226114 2.3304143180463402e-05 23.644353256237544 22.741586401917807 23.398552931556715 70.09802556815904 377.9588570234843 400.000000000001 -0.0003285364238972897 0.24433491033433252 0.24580032468082794 -0.00023254859754913708 -2.0880010776324265 2.4601162915933686e-08 0.008923566285766123 0.004444365465259638 0.004479168624907233 0.24584362010778565 0.004421286068645699 0.004502280217120426 0.006180875740766096 0.006180875740712933 8.800855843990611 2.207942027011352
270.0 16.841638676834542 -3.741400906073487 26.551432349248877 -353821.5772802685 2.3565001573516086e-05 23.87815943240401 22.922638948423742 23.622661262329316 69.8217518529899 377.4795770355097 400.000000000001 -0.0003545442767589692 0.25393235877227743 0.25549817007469855 -0.00025286364138287117 -2.171060462469806 2.4606067267680894e-08 0.009273788968027483 0.004617988033101653 0.00465576872658696 0.2555469158411579 0.004592882458905306 0.004680906509122179 0.006423229414585693 0.00642322941453734 8.471661819081222 2.2085892057987473
280.0 16.853612249471986 -3.7443026182129886 27.421486388805786 -353592.4194226364 2.3812579305558847e-05 24.09580032765075 23.087229968299802 23.83058622347692 69.54483696251714 376.98733325149476 400.000000000001 -0.0003815642852782078 0.2635459306529637 0.2652141041738267 -0.000273911697008428 -2.2522095953535617 2.461082606325299e-08 0.00962458560641681 0.004791849892052225 0.0048327034932113865 0.2652686325158824 0.004764643428549977 0.004859942177866836 0.006665967430763072 0.006665967430719723 8.164507291624792 2.209420087421515
290.0 16.865716113107595 -3.7472734182449914 28.268527144346756 -353359.1932460985 2.4046305291814655e-05 24.299109306417535 23.237300391199977 24.024161248827163 69.2731691916817 376.4880585775967 400.000000000001 -0.00040959887902268315 0.2731756771607084 0.27494805759037244 -0.00029566763113265097 -2.331438867947444 2.4615441258840594e-08 0.009975958729967056 0.0049659538576379 0.005009972638296608 0.27500869485128415 0.004936574105628583 0.005039384624338474 0.0069090916341897485 0.006909091634151661 7.877391078904352 2.2103975130914058
300.0 16.877943466593543 -3.7503000347186255 29.09378738883488 -353120.9396595129 2.426602857397101e-05 24.489689685126063 23.374526000104073 24.20498973569611 69.0111957498125 375.98626372763204 400.000000000001 -0.00043865048101334684 0.282821632353603 0.28469994942995663 -0.00031810697770978864 -2.4087332366566985 2.4619914829554952e-08 0.010327910357224891 0.005140302389418947 0.005187575720838548 0.2847670147099418 0.0051086791987335805 0.00521923115849131 0.007152603527801203 0.007152603527768061 7.608450931198528 2.2115042950082477
310.0 16.890287512481244 -3.7533740130167903 29.89838897678559 -352877.1518944887 2.4472001585754117e-05 24.668946755242338 23.500361053259986 24.37447705828029 68.76154032987155 375.4850074749288 400.000000000001 -0.00046872151071412004 0.29248381655944905 0.29446969696205033 -0.00034120632061795833 -2.48407183777218 2.4624249395457137e-08 0.010680442071839852 0.005314897647525962 0.0053655121643651285 0.2945435007068732 0.005280963018044496 0.005399479053795355 0.00739650434214038 0.0073965043421120565 7.356056634794188 2.212723922556045
320.0 16.90274168501815 -3.7564917522567423 30.683344877821384 -352627.78244333755 2.4664956626855604e-05 24.83812881739643 23.61607414831428 24.533871593433705 68.52497307594473 374.98586427269663 400.000000000001 -0.0004998143881927628 0.30216224048756796 0.3042572239627231 -0.00036494351057649607 -2.557427974608397 2.46284485549415e-08 0.011033555127455144 0.005489741570403165 0.005543781284083472 0.3043380664728088 0.005453429533509091 0.005580125593946053 0.0076407951192925296 0.007640795119268859 7.11876850069142 2.2140417477449383
330.0 16.915299905141698 -3.7596545411259363 31.44956208465699 -352373.2495169845 2.4846151229711715e-05 24.998359489775243 23.722777794054828 24.684297022093748 68.30038651941238 374.4888898848916 400.000000000001 -0.0005319315396152274 0.3118569099907423 0.3140624676814944 -0.0003892977054467442 -2.62876940474196 2.4632516986049018e-08 0.011387250582273228 0.005664835972293959 0.00572238232395961 0.3141506375339338 0.005626082469633711 0.0057611681126395154 0.007885476811851035 0.007885476811832078 6.895313657860243 2.2154442303439064
340.0 16.927956860104775 -3.762868592944952 32.19784507800954 -352114.4430990844 2.5017410722167114e-05 25.15066543143716 23.82145286760784 24.826780046893184 68.08477137171909 373.9925854793037 400.000000000001 -0.000565075404205475 0.3215678314285373 0.3238853845439703 -0.000414249224025652 -2.698058865964997 2.463646037399393e-08 0.011741529463261562 0.005840182658881452 0.005901314505283471 0.32398115692891616 0.005798925436135272 0.0059426040271262906 0.00813055039741789 0.008130550397403324 6.6845665751040375 2.2169183834662842
350.0 16.940708305864085 -3.7661450801977194 32.928899624720316 -351852.73065980786 2.518118687878365e-05 25.29600278976774 23.912968904331187 24.962276834976446 67.87326391381406 373.4938605008074 400.000000000001 -0.0005992484428330451 0.33129501759618796 0.33372595479129685 -0.00043977920422391713 -2.765254788351686 2.464028521597583e-08 0.012096392959642297 0.006015783559434544 0.00608057708801223 0.3338295897717566 0.005971962093568322 0.006124430866073975 0.00837601700898313 0.008376017008972836 6.485500182462228 2.2184554040518227
360.0 16.95355137423877 -3.769500168641856 33.64333670581834 -351589.9625879822 2.5340436405312825e-05 25.435281648990866 23.998100975722323 25.09169746294299 67.66024506833372 372.98799529141286 400.000000000001 -0.0006344531480311577 0.341038493972197 0.3435841860478709 -0.00046586905895225936 -2.8303121630743364 2.4643998542634537e-08 0.012451842637135415 0.006191640869717222 0.006260169442104007 0.343695926758519 0.006145196348724866 0.00630664628841055 0.008621878075947866 0.008621878075941456 6.297013387957281 2.2200718854871244
370.0 16.96648449145398 -3.7729444896199738 34.34178509025186 -351327.42468076025 2.5496767955783744e-05 25.569241019998785 24.07751673862311 25.215780909844916 67.44301579270086 372.4716787045625 400.000000000001 -0.0006706920470068097 0.3507982998063275 0.35346011015386686 -0.0004924997710496766 -2.8931838943812367 2.4647607549195656e-08 0.012807880475266126 0.00636775710231385 0.006440091034500299 0.35358018097872806 0.006318632472691321 0.006489248002574806 0.00886813534082362 0.008868135340820966 6.118285281526048 2.221761487469934
380.0 16.979506343511325 -3.7764635665919197 35.025090757947396 -351063.8852002483 2.565003327590717e-05 25.698383116189 24.151744311932738 25.335029352139006 67.22272001983048 371.94887087010443 400.000000000001 -0.0007079676823744056 0.3605744751276698 0.3633537640499891 -0.0005196515927844247 -2.9538235367680175 2.4651119122218075e-08 0.013164508404980254 0.006544134861105398 0.006620341192266337 0.3634823689448283 0.006492274904773804 0.0066722335002064505 0.009114790535551712 0.00911479053555267 5.948730950826308 2.2234962366813704
390.0 16.992615534266157 -3.7800559645606495 35.69392167219554 -350799.3994627007 2.5800297254856584e-05 25.823199541440538 24.221280544643022 25.449934362103942 67.0003796038838 371.4197971252231 400.000000000001 -0.0007462826041317367 0.3703670558067135 0.3732651793365954 -0.0005473043720278913 -3.012187777573004 2.4654539485223327e-08 0.013521728141989289 0.006720776742241142 0.0068009190349647124 0.37340250043328826 0.006666128122589003 0.006855600019400287 0.009361845267063056 0.009361845267067341 5.787695151898939 2.225268036730607
400.0 17.005810838884997 -3.783720310899078 36.34890716487384 -350534.01752610493 2.594800423110925e-05 25.944152014215604 24.286565351344013 25.560957633260458 66.77614888922842 370.8846538829823 400.000000000001 -0.0007856393749012492 0.3801760769100543 0.38319438095515035 -0.0005754375728701455 -3.06823771032082 2.4657873956766913e-08 0.01387954132289657 0.006897685398340982 0.0069818235465789625 0.38334057739174077 0.006840196704089715 0.007039344618806856 0.009609301108170388 0.009609301108177625 5.634515064094604 2.2270803033904523
410.0 17.019091230338198 -3.787455291624279 36.990640575098084 -350267.78468898346 2.60935191550459e-05 26.06164654067168 24.347989252758936 25.668505157715604 66.55003939942264 370.3436104306556 400.000000000001 -0.0008260405708403894 0.3900015730073179 0.3931413829560783 -0.0006040302952183012 -3.1219400095551304 2.4661126745839346e-08 0.014237949533999091 0.00707486354625337 0.007163053596557421 0.3932965899546854 0.00701448533319701 0.0072234642008020804 0.009857159614495377 0.009857159614505336 5.488638749734653 2.228929152009474
420.0 17.03245585996968 -3.7912596483789254 37.619681606915954 -350000.7420093744 2.6237180122944863e-05 26.1760470957432 24.40589977991779 25.772940911747803 66.32205727970035 369.7968122039294 400.000000000001 -0.000867488781457989 0.399843577728187 0.4031061839953935 -0.0006330613169195062 -3.1732679017358514 2.466430080421539e-08 0.014596954314564325 0.007252313959481206 0.007344607950664163 0.4032705122046575 0.0071889987876534904 0.007407955526910839 0.010105422324181188 0.010105422324193666 5.349559514605471 2.2308119364620804
430.0 17.04590404056063 -3.7951321755817324 38.23655854884708 -349732.92675780307 2.6379290483324294e-05 26.287679808942734 24.46060694359143 25.87459104551158 66.09220597072726 369.2443835795334 400.000000000001 -0.0009099866093859992 0.40970212327035094 0.41308876343115863 -0.0006625091497437415 -3.222201898700157 2.4667397738970803e-08 0.014956557158811966 0.007430039458268897 0.007526485282873721 0.41326229854051943 0.007363741924490044 0.007592815234321921 0.010354090757083406 0.010354090757098039 5.21681720428853 2.232726139854814
440.0 17.059435231601235 -3.7990717177412483 38.84177035503505 -349464.3728135556 2.652012636077726e-05 26.396838048235587 24.51238791949571 25.97374897011573 65.86048643904243 368.686430261932 400.000000000001 -0.0009535366700961472 0.4195772398850215 0.4230890781198643 -0.0006923521062613524 -3.268730309536206 2.4670417781128913e-08 0.015316759516637857 0.007608042897820107 0.007708684187877282 0.42327188074640554 0.0075387196616130015 0.007778039855024855 0.010603166413498705 0.010603166413515325 5.089991463859294 2.234669622124243
450.0 17.07304902646415 -3.803077166926903 39.435788590633294 -349195.11101222155 2.665993929523525e-05 26.50378636824277 24.56149107349931 26.070679308272496 65.62689737081092 368.12304132877614 400.000000000001 -0.0009981415915819043 0.42946895536377677 0.433107059970273 -0.0007225683748438808 -3.3128495499713795 2.4673359804576318e-08 0.015677562793166292 0.007786327155096161 0.007891203193836592 0.433299165812942 0.007713936956921775 0.007963625836244513 0.010852650772498574 0.010852650772516938 4.968697993297294 2.2366404962687882
460.0 17.08674514121553 -3.807147460390449 40.019059246072246 -348925.1694512466 2.6798959556436638e-05 26.608764035402906 24.60813942970891 26.16562142112614 65.39143534775181 367.55429098865955 400.000000000001 -0.0010438040139923764 0.4393772945479619 0.44314261427676116 -0.0007531361002243364 -3.354564270206594 2.4676221388310287e-08 0.016038968347279758 0.007964895114630189 0.008074040775099569 0.44334403452758275 0.00788939878583806 0.008149569561441694 0.011102545289955901 0.011102545289975743 4.852584699660817 2.238637113060726
470.0 17.100523404849977 -3.811281578330418 40.592004426177304 -348654.57375918154 2.6937398742231707e-05 26.711988045801327 24.652533666877055 26.25879242697595 65.1540949898577 366.9802400949979 400.000000000001 -0.0010905265892371947 0.4493022788792759 0.4531956188253767 -0.0007840334672982788 -3.393887322875436 2.4678998914605303e-08 0.01640097748933057 0.008143749653776032 0.008257195364663052 0.4534063408228516 0.008065110117900528 0.00833586737143004 0.011352851396375901 0.011352851396397107 4.741328456461823 2.240658024317614
480.0 17.11438375075754 -3.815478541792111 41.15502392081772 -348383.3473334795 2.7075452108176147e-05 26.8136557528546 24.69485471430945 26.35038982911209 64.91486908634326 366.4009374528357 400.000000000001 -0.0011383119805650301 0.4592439260069678 0.46326592374251097 -0.0008152387860962166 -3.430839592776534 2.4681687695650582e-08 0.01676359147826211 0.008322893627778969 0.008440665366223314 0.46348591184875665 0.00824107589332729 0.008522515584934819 0.011603570494647048 0.01160357049466931 4.634632208738379 2.2427019579251084
490.0 17.128326209267712 -3.8197374106955646 41.70849666415753 -348111.5115509541 2.7213300583920843e-05 26.913947152190275 24.735266006739067 26.440593800151518 64.67374870912363 365.81642094888025 400.000000000001 -0.0011871628621283508 0.46920224946427824 0.4733533520387516 -0.0008467305761003991 -3.4654497093778023 2.4684282121502663e-08 0.01712681151839226 0.008502329855026367 0.00862444916570886 0.47358254871907857 0.008417300999251948 0.008709510519140313 0.011854703957835454 0.011854703957858714 4.532222421800303 2.2447677952288636
500.0 17.142350901134158 -3.82405728198413 42.25278208965861 -347839.0859544205 2.735111254338559e-05 27.01302687624017 24.77391544799378 26.529569175452348 64.4307233078624 365.2267185302363 400.000000000001 -0.001237081918548958 0.47917725842376224 0.48345770078781997 -0.0008784876483371924 -3.497753662030988 2.468677582271275e-08 0.017490638756114278 0.008682061102800833 0.00880854514222815 0.483696027869317 0.00859379024597701 0.00889684851013727 0.0121062531271455 0.012106253127169495 4.433846818772187 2.2468545520652894
510.0 17.156458031846803 -3.8284372878864676 42.788221387903675 -347566.0884185267 2.7489045357296072e-05 27.111045939361052 24.810937125325186 26.617467196488843 64.18578079126505 364.6318490530704 400.000000000001 -0.0012880718444866928 0.48916895753854683 0.49357874287221104 -0.0009104891838930513 -3.527794336481189 2.4689161841638577e-08 0.017855074276771687 0.00886209007382258 0.008992951678402143 0.493826102956477 0.008770548345391522 0.009084525931380164 0.012358219310164623 0.012358219310189128 4.339272372508337 2.248961362343256
520.0 17.170647886670608 -3.832876594285101 43.315138674078355 -347292.5352973633 2.7627246762558844e-05 27.208143269633066 24.846452809676578 26.704427040410682 63.938907603928605 364.0318230191781 400.000000000001 -0.0013401353442452205 0.4991773468740268 0.5037162292223837 -0.0009427148077376305 -3.5556209897295763 2.4691432807182778e-08 0.018220119101950913 0.009042419393831118 0.009177667170075227 0.5039725072267439 0.008947579891128701 0.009272539210822217 0.012610603779503723 0.012610603779528457 4.248283517297262 2.2510874643027643
530.0 17.184920826329144 -3.8373743991849576 43.833842071669906 -347018.4415560708 2.7765856072298898e-05 27.30444705603731 24.880573271697525 26.790577164562617 63.69008877809296 363.4266432154501 400.000000000001 -0.0013932751314122476 0.5092024219324818 0.5138698914746944 -0.0009751446569288305 -3.581288678681802 2.4693581108453097e-08 0.018585774187426587 0.009223051600422544 0.009362690035423253 0.5141349562759872 0.009124889341598573 0.009460884845828018 0.012863407771937313 0.012863407771962071 4.160680556883545 2.2532321881288544
540.0 17.19927728325746 -3.841929931275697 44.344624718577776 -346743.82088836934 2.790500524868686e-05 27.40007593719774 24.913399438757338 26.876036492224056 63.43930799365279 362.81630526910294 400.000000000001 -0.0014474939285524127 0.5192441737710667 0.5240394449736843 -0.001007759442467321 -3.6048576563733525 2.4695599063584857e-08 0.018952040421970916 0.009403989133322313 0.009548018723490134 0.5243131511289463 0.009302481003845226 0.009649559418125692 0.013116632488134867 0.013116632488159674 4.076278239597173 2.255394945780494
550.0 17.2137177583647 -3.8465424485819506 44.847765701480625 -346468.68582166056 2.8044819862358997e-05 27.49514005333882 24.945023414408176 26.96091546129184 63.18654761648457 362.20079812934307 400.000000000001 -0.0015027944669783813 0.5293025892122064 0.534224592046975 -0.0010405405042331172 -3.626392747931086 2.469747908067914e-08 0.019318918627224565 0.009585234326244217 0.00973365172219974 0.5345067815660036 0.009480359019885648 0.009838559607338917 0.013370279093067977 0.013370279093092543 3.9949044839685675 2.257575222057837
560.0 17.2282428182518 -3.85121123719599 45.34353092391297 -346193.04781114357 2.8185419945291942e-05 27.589741978543245 24.97552937856545 27.045316953058567 62.931788737612415 361.5801044847158 400.000000000001 -0.0015591794866003515 0.5393776511440288 0.5444250254846803 -0.001073469858579122 -3.645962716869408 2.4699213808467696e-08 0.019686409558801597 0.009766789400453854 0.009919587565897397 0.5447155296304391 0.009658527355563846 0.010027882203237751 0.013624348717163297 0.013624348717187543 3.9163992358856463 2.259772566745167
570.0 17.242853092836647 -3.85593561008765 45.8321739131286 -345916.91732419364 2.8326920759737792e-05 27.683977550364403 25.00499438400241 27.12933711820437 62.67501119864194 360.9542011239628 400.000000000001 -0.0016166517358822566 0.5494693389074076 0.5546404321600342 -0.0011065302383034673 -3.6636396308360872 2.4700796274914067e-08 0.020054513908778656 0.009948656460128526 0.010105824842479127 0.554939073254132 0.009836989791963149 0.010217524116815507 0.013878842458263065 0.013878842458286886 3.8406134421171285 2.261986587802063
580.0 17.257549273349934 -3.8607149059867085 46.31393657047475 -345640.30391608423 2.846943349314509e-05 27.777936610190306 25.03348906250901 27.213066113456797 62.416193617035894 360.3230592469456 400.000000000001 -0.001675213971910244 0.559577628765525 0.5648704967335118 -0.0011397051248188592 -3.6794982345362848 2.4702220012493103e-08 0.0204232323097017 0.010130837489581476 0.010292362200174189 0.5651770899454498 0.01001574991945953 0.01040748239024217 0.01413376138444485 0.014133761384468122 3.7674081251134317 2.264216945758963
590.0 17.272332110665303 -3.865548488333218 46.78904986963434 -345363.21629800345 2.8613065883438308e-05 27.871703664448575 25.061078252169125 27.296588759060256 62.155313403195855 359.6866447313878 400.000000000001 -0.0017348689605952868 0.5697024944511155 0.575114905388316 -0.0011729787724475346 -3.6936153362954127 2.4703479169352714e-08 0.020792565340216743 0.010313334352393854 0.010479198354043824 0.5754292604888207 0.010194811133692807 0.01059775420652393 0.014389106537740403 0.01438910653776314 3.6966535503429463 2.266463348425032
600.0 17.28720241393413 -3.8704357442916226 47.25773450676682 -345085.66239819396 2.875792279214577e-05 27.965358478466115 25.08782155560742 27.379985128914857 61.892346770570605 359.04491836029956 400.000000000001 -0.0017956194770155985 0.5798439077862448 0.5853733495512536 -0.0012063362248512038 -3.7060692135583 2.47045686059634e-08 0.02116251353241398 0.010496148792479301 0.010666332092260832 0.5856952726117233 0.010374176634082553 0.010788336898331426 0.014644878938786347 0.014644878938808358 3.6282284736448487 2.2687255465101583
610.0 17.30216104950099 -3.8753760838247775 47.72020150626983 -344807.6494169363 2.8904106724811564e-05 28.05897661003368 25.11377383769869 27.463331080474767 61.62726874390951 358.39783601419344 400.000000000001 -0.0018574683059173751 0.5900018393692739 0.5956455295589091 -0.0012397633236690302 -3.716939041576469 2.470548397719265e-08 0.021533077380956694 0.01067928243708829 0.010853762282234076 0.5959748245807683 0.01055384942612571 0.010979227954830986 0.014901079592430602 0.0149010795924518 3.562019461121395 2.271003329580808
620.0 17.317208940075606 -3.8803689388242555 48.17665278557864 -344529.1838760178 2.905171831582373e-05 28.152629892170566 25.138985670077474 27.546698733935727 61.36005316315316 357.7453488317246 400.000000000001 -0.0019204182423930454 0.6001762593234917 0.6059311582348408 -0.0012732467095048655 -3.726304348603451 2.470622180002151e-08 0.021904257354045838 0.0108627368017437 0.011041487876637526 0.6062676286943804 0.01073383232598393 0.011170425028061908 0.01515770949431116 0.015157709494331515 3.497920271366338 2.2732965229976716
630.0 17.332347064147683 -3.8854137622936173 48.62728168217265 -344250.27166323474 2.920085677210396e-05 28.24638686875914 25.163503728803462 27.63015690440988 61.09067267372906 357.0874031193458 400.000000000001 -0.0019844720927371788 0.6103671381021353 0.616229964349259 -0.0013067738154421689 -3.7342445000831197 2.4706779507343238e-08 0.022276053906262704 0.01104651329708914 0.011229507919404622 0.6165734146452901 0.010914127967719109 0.011361925938543595 0.015414769638421082 0.01541476963843948 3.4358312973958256 2.2756049845221984
640.0 17.347576455621216 -3.8905100275815365 49.072273445665395 -343970.9180724337 2.9351620286385844e-05 28.340313191308788 25.18737115069711 27.713771495371173 60.81909873103362 356.42394141603813 400.000000000001 -0.0020496326754987078 0.6205744473443393 0.6265416959376106 -0.0013403328532871437 -3.7408382136020126 2.470715548846089e-08 0.022648467493306436 0.011230613237612768 0.01141782155174191 0.6268919327309763 0.011094738813123145 0.011553728680183287 0.015672261025656456 0.01567226102567553 3.375659057514661 2.2779286019674645
650.0 17.362898203662994 -3.8956572276619426 49.511805697671996 -343691.1278395103 2.9504106430887474e-05 28.43447198117638 25.210627853143638 27.797605857716512 60.54530158394187 355.7549012448153 400.000000000001 -0.0021159028227450646 0.6307981607772015 0.6368661234598638 -0.0013739127928392406 -3.7461631057259677 2.4707349117037262e-08 0.023021498588646005 0.01141503785221689 0.011606428018211462 0.6372229568954879 0.011275667164081703 0.011745831424564302 0.01593018467336688 0.015930184673385285 3.3173157322411595 2.2802672910487276
660.0 17.378313452748582 -3.90085487445851 49.946048861890446 -343410.90517475584 2.9658412518022213e-05 28.52892415936477 25.233310821546304 27.881721116578362 60.26925026312604 355.0802157726033 400.000000000001 -0.0021832853815470176 0.6410382551591021 0.6472030427864093 -0.0014075033343459668 -3.750295271310576 2.4707360767345497e-08 0.02339514770208356 0.011599788296572095 0.011795326672940053 0.6475662875901145 0.011456915177396092 0.011938232524687467 0.016188541625879897 0.01618854162589929 3.2607187442214336 2.2826209929596923
670.0 17.393823402897738 -3.906102498211088 50.3751665666573 -343130.25379188947 2.9814635954469563e-05 28.62372875191645 25.25545436808094 27.966176473915574 59.9909125644062 354.3998138499422 400.000000000001 -0.0022517832156909957 0.6512947112599372 0.6575522780008791 -0.001441094874538391 -3.75330889539679 2.470719181973929e-08 0.023769415400223363 0.011784865667217882 0.011984516985987483 0.6579217544446602 0.01163848488198442 0.012130930518238941 0.01644733296602302 0.016447332966042633 3.20579037217665 2.284989673050691
680.0 17.409429310095927 -3.9113996468817973 50.799316022067444 -342849.1769340633 2.997287457494666e-05 28.718943170637182 25.277090364948883 28.051029486623204 59.710255025457485 353.71362003163006 400.000000000001 -0.002321399207639935 0.6615675148744304 0.667913684013981 -0.001474678466413032 -3.7552758974059604 2.4706844656298502e-08 0.02414430232883808 0.011970271017344623 0.012173998549930884 0.6682892187447551 0.0118203781983811 0.012323924130456982 0.016706559827616523 0.016706559827635793 3.1524573998351544 2.2873733191788204
690.0 17.425132486890245 -3.916745885598755 51.21864837354965 -342567.6773971166 3.0133226962907552e-05 28.81462347352779 25.298248454930334 28.136336324542278 59.42724290310984 353.02155457966006 400.000000000001 -0.0023921362607490096 0.6718566578648347 0.6782871489855117 -0.0015082457731093026 -3.756265607023927 2.47063226476246e-08 0.0245198092371086 0.01215600537420411 0.012363771086694014 0.6786685757136043 0.012002596960446312 0.01251721227666229 0.01696622340894223 0.016966223408960437 3.1006507947214734 2.2897719403110406
700.0 17.440934303160102 -3.9221407961355093 51.63330903367246 -342285.75755030266 3.0295792764464566e-05 28.910824607944484 25.318956241701713 28.222152011389426 59.14184014771903 352.3235334491609 400.000000000001 -0.002463997301741393 0.6821621392300932 0.6886725965550573 -0.0015417890161161462 -3.7563444708771954 2.470563013176087e-08 0.02489593700372149 0.012342069758089349 0.012553834454664865 0.6890597565997814 0.012185142939202755 0.012710794064518737 0.01722632498717766 0.01722632498719428 3.0503054131273686 2.2921855655038836
710.0 17.456836187056584 -3.927583976424456 52.043437993790754 -342003.41935469944 3.0460672995683992e-05 29.007600638244824 25.33923946208456 28.308530650360666 58.85400936803224 351.61946825823907 400.000000000001 -0.002536985283469322 0.6924839661987788 0.6990699878841578 -0.0015753009180794887 -3.755575788888134 2.4704772386192366e-08 0.025272686664798465 0.012528465202825814 0.012744188656133925 0.6994627305748429 0.012368017868714262 0.012904668796084205 0.01748686593379012 0.017486865933804566 3.0013597303883524 2.2946142427784797
720.0 17.472839626112858 -3.933075040102655 52.44917011703974 -341720.66437947936 3.062797034723446e-05 29.105004960850124 25.359122142138652 28.395525637334803 58.563711796362 350.90926624207503 400.000000000001 -0.002611103187964001 0.702822155343837 0.7094793235153258 -0.001608774640448899 -3.7540194790062333 2.4703755593856082e-08 0.025650059443640214 0.012715192777720288 0.01293483384508911 0.7098775064470214 0.012551223473928334 0.01309883596971188 0.01774784773088858 0.01774784773090036 2.9537555924021413 2.2970580383942494
730.0 17.48894616852156 -3.938613616088589 52.85063541404321 -341437.49381620425 3.079778948258446e-05 29.203090507255077 25.3786267387883 28.483189862200117 58.27090725114111 350.19283019191187 400.000000000001 -0.0026863540297860852 0.7131767337174071 0.7199006450549539 -0.0016422037161954262 -3.751731868879188 2.470258680405149e-08 0.026028056782259716 0.012902253610913017 0.013125770335396933 0.7203041341987924 0.012734761500404548 0.013293295281855164 0.018009271988529342 0.018009271988538075 2.907437988197855 2.29951703592755
740.0 17.505157424582215 -3.9441993481885547 53.24795930261541 -341153.9084912834 3.0970237343721455e-05 29.301909939408773 25.39777426847749 28.57157590271973 57.97555409707613 349.47005894091956 400.000000000001 -0.002762740859689303 0.7235477400046878 0.7303340366890421 -0.0016755819778002741 -3.748765512912626 2.470127388909787e-08 0.026406680374690163 0.013089648914085166 0.013316998609402983 0.7307427063578948 0.01291863374586039 0.013488046628829777 0.018271140462976673 0.018271140462984673 2.862354838887077 2.3019913360396114
750.0 17.521475068321735 -3.949831894731515 53.64126285263663 -340869.9088767147 3.114542345341002e-05 29.401515835678914 25.41658442418 28.660736209136857 57.677609195570064 348.7408459538283 400.000000000001 -0.002840266768618812 0.7339352256962552 0.740779626542055 -0.0017089034807316354 -3.7451690330880965 2.469982549753511e-08 0.02678593220205501 0.013277380008481918 0.013508519326978823 0.7411933592126542 0.013102842093472202 0.013683090108582808 0.018533455075930613 0.018533455075936473 2.8184568050975765 2.304481055676443
760.0 17.53790083928751 -3.9555109282313223 54.03066301717931 -340585.4950992269 3.132346022294836e-05 29.50196087112785 25.435075681941655 28.750723283237626 57.37702785510321 348.005080214092 400.000000000001 -0.0029189348920482657 0.7443392562786126 0.7512375878902201 -0.001742162422492101 -3.7409869818607646 2.4698251004609968e-08 0.027165814569388845 0.013465448352202869 0.013700333335052495 0.7516562738833634 0.013287388546874659 0.013878426022514186 0.01879621793471073 0.018796217934716475 2.77569710880363 2.3069863275636155
770.0 17.55443654452134 -3.961236135075389 54.416272850905465 -340300.6669479059 3.150446326935246e-05 29.60329799400641 25.453265398003023 28.841589853764596 57.073763780715744 347.26264586638297 400.000000000001 -0.0029987484146739387 0.7547599124434565 0.7617081402418159 -0.001775353057483531 -3.736259725413528 2.469656046073581e-08 0.027546330144212296 0.013653855568742993 0.013892441677642402 0.7621316772626134 0.013472275266815444 0.014074054877396849 0.019059431353436664 0.01905943135344115 2.73403136787988 2.3095073001386504
780.0 17.57108406071818 -3.967007215238958 54.79820171666634 -340015.42388039187 3.168855174241704e-05 29.70558059845336 25.471169897436177 28.933389048155753 56.76776900747343 346.5134220813925 400.000000000001 -0.0030797105754850037 0.7651972913164927 0.7721915502976087 -0.0018084696076741272 -3.731023345535819 2.469476453855685e-08 0.027927481996867183 0.013842603476746585 0.014084845606438582 0.7726198428379907 0.0136575046094292 0.01426997738743798 0.01932309787519677 0.01932309787520013 2.693417444277956 2.312044137142513
790.0 17.587845336577697 -3.9728238820242536 55.176555481177694 -339729.7650277106 3.187584865341147e-05 29.808862693876037 25.488804555128958 29.026174561070746 56.458993847688205 345.75728290523307 400.000000000001 -0.003161824673225045 0.7756515077071962 0.7826881328052934 -0.0018415061692378214 -3.7253095583879583 2.4692874479191474e-08 0.02830927364263011 0.01403169412096959 0.01427754659195388 0.7831210914111664 0.013843079166107367 0.014466194476522747 0.019587220295250708 0.019587220295252825 2.653815303203783 2.314597017379336
800.0 17.604722395353647 -3.978685861823882 55.55143670057019 -339443.6891978055 3.206648124323337e-05 29.913199080391472 25.50618386986178 29.120000829069284 56.147386821735324 344.9940970931651 400.000000000001 -0.003245094072263051 0.7861226953812754 0.7931982513221915 -0.0018744566151503374 -3.719145648425714 2.469090203817544e-08 0.028691709085628486 0.014221129804435462 0.01447054633528412 0.7936357917277277 0.014029001804949811 0.014662707280678674 0.019851801685281535 0.01985180168528249 2.6151868796425672 2.317166135942508
810.0 17.621717337612687 -3.984592893907962 55.92294479657677 -339157.1948778108 3.2260581265684293e-05 30.018645494636395 25.52332153214433 29.214923175735436 55.83289457764806 344.22372792701753 400.000000000001 -0.0033295222088928393 0.7966110083582671 0.8037223189009586 -0.001907314493774591 -3.7125544157730137 2.468885943157015e-08 0.029074792864600962 0.01441091312179147 0.01466384678051226 0.8041643610325235 0.014215275713800487 0.014859517150800472 0.020116845418741786 0.0201168454187416 2.577495970907812 2.3197516981914
820.0 17.638832344213476 -3.990544730234589 56.29117622406259 -338870.28023510386 3.245828567780453e-05 30.125258874457984 25.540230486410746 29.310998075744646 55.515461822842255 343.4460330156207 400.000000000001 -0.003415112598092572 0.8071166222371216 0.8142607987133366 -0.0019400729233985151 -3.705554135356188 2.4686759282651725e-08 0.029458530100555214 0.014601046993877797 0.014857450127796998 0.8147072655655114 0.014401904444881855 0.015056625655673353 0.02038235519733681 0.02038235519733559 2.540708075120716 2.322353941834681
830.0 17.656069679516634 -3.9965411352832954 56.65622463055264 -338582.94311716745 3.26597358878702e-05 30.23309718537292 25.556922988110596 29.40828298074582 55.195031238733506 342.6608640775736 400.000000000001 -0.0035018688407523523 0.8176397355530942 0.8248142046271028 -0.001972724482665106 -3.698158526145774 2.468461456954581e-08 0.029842926546387788 0.01479153470353333 0.015051358847186861 0.8252650210131487 0.01458889196105625 0.015254034585331533 0.02064833507869808 0.020648335078696015 2.504790463885052 2.324973056521299
840.0 17.673431694840165 -4.00258188591131 57.01818100837979 -338295.18105027964 3.286508247948765e-05 30.34222091323295 25.573410656179497 29.50683781148129 54.87154339018103 341.86806670541154 400.000000000001 -0.003589794631410186 0.828180571169862 0.8353831017516606 -0.0020052610967895273 -3.690376728880639 2.4682438574128285e-08 0.030227988638549558 0.01498237993267465 0.01524557569320664 0.8358381929306011 0.014776242683759662 0.015451745954789896 0.020914789505308895 0.020914789505306043 2.469711439615091 2.3276094820880333
850.0 17.690920832173397 -4.008666771232494 57.37713384002936 -338006.99123704573 3.307446962473913e-05 30.452688285132655 25.589704521324986 29.606720178164935 54.54493663132877 341.0674801102431 400.000000000001 -0.0036788937665211564 0.8387393777112194 0.8459681069677167 -0.0020376739194175554 -3.6822132906869625 2.46802448324672e-08 0.030613723550853573 0.015173586800695773 0.015440103720265441 0.8464273971499892 0.014963961542668085 0.015649762008185485 0.021181723334752083 0.021181723334748437 2.4354426054577023 2.330262803069641
860.0 17.70853962816932 -4.014795592518967 57.73316923724032 -337718.37055276835 3.328809535238041e-05 30.56457419825032 25.605815070521338 29.708004308793477 54.21514700296805 340.25893684554455 400.000000000001 -0.0037691701532881743 0.8493164310374465 0.8565698894568395 -0.002069953209937827 -3.67366815503311 2.46780470870423e-08 0.03100013925054689 0.01536515990425327 0.015634946298943443 0.85703330019018 0.015152054027177689 0.015848085223369203 0.02144914187136481 0.021449141871360412 2.401950157720826 2.332935848403558
870.0 17.726290718430192 -4.020968163125496 58.0863710743719 -337429.3155406581 3.3505989144476286e-05 30.67789964483358 25.621752288068706 29.810710473587044 53.88210776381659 339.4422625090416 400.000000000001 -0.0038606278190947063 0.8599120357717847 0.8671891712465373 -0.0021020882060149154 -3.6647366555003544 2.467585924094031e-08 0.03138724455677913 0.015557104358511091 0.015830107133215546 0.8676566196834369 0.015340526239794247 0.016046718316984877 0.02171705089939015 0.02171705089938497 2.3692263472108475 2.3356194791426836
880.0 17.74417684401169 -4.02718430845518 58.43682112266718 -337139.8224019307 3.372885419520609e-05 30.79286866893601 25.63752569369411 29.915041941079167 53.545441891211226 338.6172753318682 400.000000000001 -0.003953270921926012 0.8705265269557569 0.8778267278568401 -0.002134066990530239 -3.6554095100254482 2.4673695314091224e-08 0.03177504920429911 0.015749425841329677 0.01602559027995892 0.8782981249041442 0.015529384952977371 0.016245664251321738 0.021985456719595342 0.021985456719589378 2.3372009468200416 2.338335677861657
890.0 17.76220133000622 -4.033453027721681 58.7844256241025 -336850.9341033679 3.3957578888903325e-05 30.90937892277603 25.6531477632206 30.020895515870144 53.201434575903264 337.78017658035117 400.000000000001 -0.004047103851605952 0.8811602900124667 0.8884834069058808 -0.002165876215163577 -3.6456723260886017 2.4671569386204966e-08 0.03216356458009925 0.01594213098930845 0.016221400489554363 0.8889586551504189 0.01571863802756857 0.01644492655253068 0.022254366655047386 0.022254366655040658 2.30608937089039 2.34096419298511
900.0 17.78036650772363 -4.039759676157408 59.1295356747654 -336560.987857823 3.419037658121039e-05 31.027576565228678 25.668621505991748 30.12841644434316 52.856516380862 336.93647492334117 400.00000000000006 -0.004142131101804125 0.8918137349950073 0.8991601208855085 -0.002197499599905887 -3.6355027261225463 2.4669495561427003e-08 0.03255280259717632 0.01613522695964926 0.016417542517784812 0.8996391103878166 0.015908294128899957 0.01664450846827638 0.022523788095935426 0.0225237880959279 2.2755402667484996 2.3436708041959617
910.0 17.798675394875968 -4.046101830727783 59.47226989089675 -336269.71685577236 3.442684672011345e-05 31.14748871002909 25.683954204086564 30.23763087740097 52.51195063459794 336.0868630053336 400.00000000000006 -0.004238357345134443 0.9024873107129278 0.9098578326281104 -0.002228920192130149 -3.6248753723603464 2.466748799318942e-08 0.03294277648873446 0.01632872163496552 0.01661402171522809 0.9103404399138255 0.01609836270516664 0.016844413783567838 0.022793729296972022 0.022793729296963695 2.2454907009217417 2.346476488320882
920.0 17.817130819321584 -4.052475529413908 59.812777761439165 -335976.680118279 3.466647475636389e-05 31.26916837693918 25.69915299579827 30.348590929305914 52.169571852416205 335.2326427989821 400.00000000000006 -0.00433578709372988 0.9131814302933473 0.9205774476332592 -0.002260122406566256 -3.613769627905229 2.4665560773488368e-08 0.03333349837425972 0.01652262221653324 0.01681084300008194 0.9210635377171454 0.016288852396389407 0.017044645977870324 0.023064197869044713 0.023064197869035553 2.2158385629418365 2.3494213397304815
930.0 17.835735608918885 -4.058876810196897 60.15120877533545 -335681.43666640687 3.49087461407132e-05 31.39266858572093 25.714225019420148 30.461348714320394 51.83121454962208 334.3751162769411 400.00000000000006 -0.004434424859723421 0.923896506863388 0.9313198714005303 -0.002291090657944106 -3.60216485586043 2.4663727994320053e-08 0.03372498037323822 0.016716935905628488 0.01700801129054414 0.931809297786479 0.016479771842589096 0.017245208530649137 0.02333520142304109 0.023335201423031058 2.1864817423405096 2.3525454527953773
940.0 17.85449259152627 -4.065301711057866 60.48771242152841 -335383.54552121984 3.515314632391286e-05 31.51804235613632 25.72917741324549 30.575956346706825 51.49871324152085 333.5155854118653 400.00000000000006 -0.00453427515524805 0.9346329535501717 0.9420860094294987 -0.0023218093609935968 -3.5900404193291857 2.466200374768068e-08 0.03411723460515611 0.016911669903527316 0.01720553150481247 0.9425786141105287 0.01667112968378654 0.017446104921369582 0.02360674756984875 0.023606747569837785 2.1573181286494862 2.355888921886185
