#Found quasiharmonic mode : None
#T(K), volume, F(eV), S(J/K), H(J/K), a(-6/K), Cp(J/mol), Cv, Cpion, Bt(GPa), T_ph-D(K), T-D(K), F_el_atom, S_el_atom, C_el_atom, M_el, Seebeck_coefficients(10**-6 V/K), Lorenz_number(WOK^{-2}), Q_el, Q_p, Q_e, C_mu, W_p, W_e, Y_p, Y_e
0.0 16.642348004093524 -3.7065393920698813 0.0 -357626.6842597254 0.0 0.0 0.0 0.0 74.35130611924377 400.0 400.0 0.0 0.0 0.0 0.0 0.0 2.443004551768e-08 0.0 0.0 0.0 0.0 0.0 0.0 0.0 0.0 0.0 0
10.0 16.642355013172423 -3.7065401771174935 0.016303377721958584 -357626.5969715278 3.009110236721326e-08 0.03056211118397991 0.030562050458343308 0.021289356910901017 74.35114931315395 450.2923154202946 400.0 -4.805269806214045e-07 0.009272760120123699 0.009272754273078894 -2.3875076469688885e-07 -0.04783745060760865 2.443002700656047e-08 0.0003389974231226786 0.00016946770780416147 0.00016949773086692805 0.009272755164174236 0.0001694591205320416 0.00016953830259063698 0.00023497512652929107 0.000234975126481352 3993.47051394059 0.0028278140987121445
20.0 16.642443862161944 -3.706546165039041 0.0790991787152925 -357625.7557683299 3.9172893589830626e-07 0.2163289313769558 0.21630834936200646 0.19778313363884079 74.34916159125412 428.41326129632023 400.0 -1.922116710976853e-06 0.018545629213831426 0.01854579773811503 -9.612171728005681e-07 -0.09683146572838541 2.443029351885052e-08 0.0006779980222292683 0.0003389191136181616 0.0003390469240570191 0.018545805459864166 0.00033883945938692055 0.00033915856284234776 0.0004699523798094362 0.00046995237976100236 25.762669467929864 4.42799303599094
30.0 16.64284440960501 -3.7065701135759146 0.2685895889743303 -357621.59074676904 1.343613423318101e-06 0.8688530981720765 0.8684899242849421 0.8410323748064604 74.34020028352111 396.3059991149775 400.0 -4.324860330436339e-06 0.02781926801879557 0.027820723365616064 -2.1727702816334873e-06 -0.14527088550815365 2.4431474346712947e-08 0.0010170219703358441 0.0005083490230145658 0.000508640962300552 0.027820749090471594 0.0005081501332812095 0.0005088718370546347 0.0007049448750922682 0.0007049448750440772 27.03681738315419 3.5725032639151313
40.0 16.64389440481805 -3.7066350853005656 0.6844292977510945 -357608.5400809596 2.9493543390632896e-06 2.1924159368302396 2.190083291476882 2.1553149990661447 74.31670665498035 381.8893003336968 400.0 -7.689104493023464e-06 0.0370952752247586 0.03710093776409458 -3.854378363038658e-06 -0.1913586132669769 2.443424198628037e-08 0.0013561184019305877 0.0006777838891547497 0.0006783025265277865 0.037100992881184604 0.0006774193249970517 0.000678699076933536 0.0009399846725684398 0.0009399846725201776 28.18300151325013 3.06125880041276
50.0 16.64585051297146 -3.7067680348604024 1.363414937279082 -357580.57418844174 4.919773772020281e-06 4.025145731798562 4.017036303755324 3.978755894358373 74.27292926669101 377.87481786884405 400.0 -1.2015587870187835e-05 0.046375793315267234 0.04638983744018864 -5.986212660169228e-06 -0.23720862653100894 2.4438416492691514e-08 0.0016953578498274653 0.0008472605637698143 0.0008480652975211214 0.046389931132852155 0.0008466856728184866 0.0008486721770089786 0.0011751176215903023 0.0011751176215416212 27.991992236939915 2.767531750580112
60.0 16.64882378631752 -3.7069933124013192 2.27778229971585 -357533.8139756773 6.983924761987359e-06 6.0910248229752035 6.071428775777201 6.035333462171589 74.20636425140587 377.466267754738 400.0 -1.7305440440588383e-05 0.0556630221073349 0.05569136080361427 -8.581939294114662e-06 -0.2871091138583231 2.444413824995181e-08 0.0020348138799919126 0.0010168137632901848 0.001017968124687618 0.05569150533888725 0.0010159824203801217 0.0010188314596117905 0.0014103917392968928 0.0014103917392477758 26.879237945393594 2.5912394592427552
70.0 16.652813922954408 -3.707329951418706 3.3731287577845337 -357466.84262801247 8.968493218146517e-06 8.171819986431503 8.134155173240913 8.106810100006863 74.11698911725907 378.1321286072107 400.0 -2.356012490814595e-05 0.06495911468216657 0.06500988642464144 -1.1695639204980823e-05 -0.3445940288893241 2.44516862880547e-08 0.00237455473569899 0.0011864714094860648 0.0011880513295365895 0.06501010789501693 0.0011853320893728538 0.001189222646326136 0.0016458515274413409 0.0016458515273911722 25.365432796561205 2.478389176873401
80.0 16.65775756406932 -3.7077914401109426 4.593439013661281 -357380.0134097045 1.078782944615109e-05 10.136387456910542 10.074180909551536 10.06203864396037 74.0061851858502 379.0051227308004 400.0 -3.078137299981045e-05 0.07426603383281619 0.07434881295017141 -1.5407664939970544e-05 -0.41128988462836674 2.4460940888598274e-08 0.0027146414350801285 0.0013562553576037459 0.001358354075032913 0.07434916266264463 0.0013547485852476683 0.00135989284983246 0.0018815363507167376 0.0018815363506640434 23.73657876958804 2.402691854284053
90.0 16.663563704287924 -3.7083865095802384 5.8912806000101865 -357274.68875217595 1.2411708447571978e-05 11.922003583120201 11.829497559921132 11.838293716325978 73.87594903391266 379.798559558564 400.0 -3.8971121801026544e-05 0.08358539626706536 0.08370986679422289 -1.9806458188453226e-05 -0.48713192495595975 2.447141021383136e-08 0.0030551268464582564 0.001526182981119262 0.0015289118561363558 0.08371042989141057 0.0015242405524919056 0.0015308862939663504 0.0021174798233100033 0.002117479823253736 22.136405817753698 2.3501335097092473
100.0 16.670134744250923 -3.7091201639549007 7.230094096877489 -357152.68148248974 1.3840547575816922e-05 13.509422386610964 13.38181552715882 13.416329078963537 73.7284244420053 380.4314908256161 400.0 -4.8131453575685485e-05 0.09291840889477351 0.09309330764742602 -2.4974980229356084e-05 -0.5710033347690454 2.4482476555845863e-08 0.0033960549346598564 0.001696268275176713 0.0016997546426500987 0.09309420762887122 0.0016938137992698306 0.001702241135390026 0.002353709613953662 0.0023537096138946693 20.630942421774282 2.312683861752036
110.0 16.677377409008017 -3.7099946347049935 8.583220490460194 -357015.9102389788 1.5089423195856856e-05 14.903455611394614 14.736909588028578 14.800957127137641 73.56566002868183 380.8957145087623 400.0 -5.826454474156284e-05 0.10226589600947672 0.10249848425697333 -3.0983187659759576e-05 -0.661311752993219 2.4493588414306266e-08 0.0037374605751966353 0.0018665225214869708 0.0018709060284905258 0.10249988357666269 0.0018634726943136729 0.0018739878808829626 0.002590247689447577 0.002590247689385155 19.24591918814622 2.28545375416338
120.0 16.68520756749801 -3.7110101616374025 9.931958732756017 -356866.2128983489 1.6179032146129e-05 16.120415727202584 15.911944899204777 16.008491365128673 73.38950253962037 381.2069615814186 400.0 -6.937262706858055e-05 0.11162837447127712 0.11192436207390875 -3.7885177411348125e-05 -0.7563763919642247 2.450434580780679e-08 0.004079370095778692 0.002036954760538901 0.00204238330098332 0.11192645975905842 0.0020332209158461937 0.002046149179932498 0.002827110925028408 0.0028271109249625296 17.986413103637318 2.2653358668485835
130.0 16.693551713608656 -3.7121655944841434 11.263617190766832 -356705.2600334402 1.7130950983395422e-05 17.180835462414528 16.9281566562264 17.059465574477702 73.20156406078475 381.38679396389324 400.0 -8.145796102636796e-05 0.12100614000849412 0.12136988793682588 -4.571923143812124e-05 -0.8546445144180241 2.4514509798396855e-08 0.004421802393461276 0.0022075722133753028 0.0022141981362324434 0.12137291537412057 0.0022030618672868045 0.0022187405261744728 0.0030643119243520507 0.00306431192428291 16.847425293446094 2.2502877021816454
140.0 16.702346771054106 -3.713458840782083 12.569884109035941 -356534.5257915445 1.7965390465452748e-05 18.105609078527426 17.806992221873493 17.97477489008668 73.00322642488202 381.4561162189671 400.0 -9.4522819418961e-05 0.1303993441868708 0.13083418844074376 -5.450938322794744e-05 -0.9547895485786411 2.4523974945328712e-08 0.004764770353651526 0.0023783806894634683 0.002386357610256512 0.1308384043458079 0.0023729989306831966 0.002391771422968331 0.003301859895623078 0.0033018598955512563 15.81951077259872 2.238929882289964
150.0 16.71153915272323 -3.7148871923534386 13.845570293530107 -356355.28899852635 1.8700298442389654e-05 18.914153390933222 18.568290715200263 18.773836746666703 72.79566205915653 381.43314993406796 400.0 -0.00010856947877145504 0.1398080543323335 0.14031664426651927 -6.426761112674914e-05 -1.0557375254331163 2.4532730696161866e-08 0.00510828231658522 0.002549384966731977 0.002558865285429891 0.1403223295861613 0.0025430356313046396 0.0025652466852805794 0.0035397614755222693 0.003539761475447459 14.891733707368045 2.230309083432089
160.0 16.721083566298237 -3.716447559867555 15.087678828038305 -356168.6485078985 1.9351154089310882e-05 19.623683826921525 19.22958269463507 19.47386693964999 72.57986039855162 381.3330983223098 400.0 -0.00012360021609225628 0.1492322958690692 0.14981688727153308 -7.499613795996893e-05 -1.1566547202823385 2.454082510382993e-08 0.005452343415380311 0.0027205891202200655 0.0027317222198882953 0.14982434048937648 0.0027131757406797376 0.002739167674700573 0.003778021441429459 0.0037780214413539914 14.05316088829696 2.223752935619044
170.0 16.730941809938145 -3.718136639447067 16.294732685432372 -355975.5439680675 1.9931089185843704e-05 20.249068231323175 19.805966685342597 20.0897334738979 72.35665447774797 381.1684059636168 400.0 -0.00013961730897699815 0.15867207970786973 0.15933475742527328 -8.668956469077257e-05 -1.2569172009355103 2.4548336081901307e-08 0.005796956693183943 0.0028919967843117527 0.002904927822443144 0.1593442905090856 0.0028834233296517087 0.0029135333635322337 0.00401664329002388 0.0040166432899467605 13.293565146489629 2.2187784944063065
180.0 16.741081667329848 -3.719951029740016 17.466295275078465 -355776.77742508735 2.0451143589416664e-05 20.802956229078593 20.310258042881536 20.634085984310754 72.12674537443417 380.949183220175 400.0 -0.00015662303765387255 0.16812741822679717 0.16887024476783943 -9.933671673366469e-05 -1.356074340438989 2.4555351077435626e-08 0.0061421239713750535 0.003063611345543033 0.003078480527978327 0.16888217982869477 0.0030537827802980637 0.00308834119107699 0.004255629684200772 0.0042556296841235585 12.603708068097877 2.2150330690425095
190.0 16.75147594156781 -3.7218873131981285 18.60263132677024 -355573.0335750496 2.0920557133552694e-05 21.296021572313702 20.753247071247387 21.11759814064836 71.89072345989732 380.6836304815612 400.0 -0.00017461968785000887 0.17759833321393473 0.17842343166533847 -0.00011292216781092766 -1.453812791780795 2.4561954131162586e-08 0.00648784648160507 0.00323543607226641 0.003252378299827549 0.17843809829046653 0.0032242587664206754 0.0032635877151843944 0.004494982783072504 0.0044949827829971626 11.975405147759679 2.2122551452059454
200.0 16.76210163281798 -3.7239421116358367 19.704468293412596 -355364.89777815534 2.1347051438016377e-05 21.737234104909323 21.143983310721115 21.549239661389656 71.64908657234184 380.3784117358801 400.0 -0.00019360955388717 0.18708485855737003 0.18799444351966732 -0.00012742745171886248 -1.5499240610429512 2.4568218687162253e-08 0.006834125295478761 0.003407474192537526 0.003426618981569571 0.18801217667991738 0.0033948562129408307 0.0034392690825379314 0.004734704474986175 0.00473470447491247 11.401484211444672 2.2102480814944743
210.0 16.7729392490813 -3.7261121233850765 20.772829162163717 -355152.8716171132 2.1737082175473215e-05 22.134121416776253 21.490046621933484 21.93653800540059 71.40225519910705 380.0389544333067 400.0 -0.00021359494154733134 0.19658703980160222 0.19758341137566526 -0.00014283199415630136 -1.644276889051487 2.4574204518744624e-08 0.007180961593024623 0.0035797289331992456 0.0036012005264153615 0.1976045497813876 0.0035655802440099837 0.0036153813490146383 0.004974796534128203 0.004974796534055494 10.875696767330222 2.2088620903251903
220.0 16.78397223354624 -3.7283941473287414 21.808915787400874 -354937.38610604964 2.2096056092961086e-05 22.493003343982373 21.797788801210224 22.28581289704765 71.15058509787056 379.6697097636452 400.0 -0.0002345781705348151 0.20610493208529046 0.20719044693472408 -0.00015911380492163806 -1.7367946116136062 2.4579957382126177e-08 0.0075283568103038075 0.003752203532468778 0.003776121132230613 0.2072153317090453 0.0037364361281773044 0.0037919206821265036 0.005215260719500995 0.005215260719431466 10.392613488370383 2.207981705216914
230.0 16.795186491003783 -3.7307850976176806 22.814027906732296 -354718.8127934401 2.242851342722463e-05 22.81919425523541 22.072541191428595 22.602378626449887 70.8943776804088 379.27433477265976 400.0 -0.00025656157647283424 0.21563859747973055 0.21681562878552188 -0.00017624997164523127 -1.8274371536112846 2.458551031440205e-08 0.007876312701557843 0.003924901236456856 0.0039513793071648635 0.21684460233284897 0.003907429226993757 0.003968883474564086 0.005456098832216268 0.005456098832150959 9.947519780875039 2.2075169290649286
240.0 16.80656999686819 -3.733282011807796 23.789507346875595 -354497.47304364684 2.273827898411683e-05 23.117173738023528 22.318789342795743 22.890714740227097 70.63388864718465 378.8558537372146 400.0 -0.00027954751238805657 0.2251881023640505 0.22645899779643391 -0.00019421699343403695 -1.9161870955455818 2.4590885779676654e-08 0.008224831344733575 0.004097825287702639 0.004126973886642033 0.22649240276055807 0.004078564951360825 0.004146266393372751 0.005697312743918827 0.005697312743856097 9.536318998184248 2.207396879063335
250.0 16.818112474460587 -3.735882054385019 24.736700011049805 -354273.645775724 2.3028587252156036e-05 23.390728833846524 22.540318140663206 23.15460827454703 70.36933511642911 378.4167787360585 400.0 -0.0003035383498239365 0.23475351519219956 0.23612055929949521 -0.0002129909885890408 -2.0030391950123327 2.4596098109427957e-08 0.008573915112639902 0.004270978911532297 0.004302904018158964 0.23615873752590472 0.004249848728069922 0.0043240663845699814 0.005938904406267207 0.00593890440620926 9.155445309283293 2.2075652523614298
260.0 16.829805128303313 -3.73858251709223 25.65693041540143 -354047.57391166507 2.3302182112570946e-05 23.64307143203649 22.740331541431928 23.397271142304447 70.10090140003214 377.9592060083988 400.0 -0.00032853647954738887 0.24433490480722203 0.24580028973204116 -0.00023254780593288843 -2.087992769915583 2.460115587531689e-08 0.008923566626003358 0.004444365304009313 0.004479169126391054 0.24584358117044217 0.004421285977392712 0.004502280648610645 0.006180875848833861 0.006180875848780165 8.801790213525397 2.207976726169288
270.0 16.841640423289196 -3.7413808170741865 26.551485073966305 -353819.469752829 2.3561408881643723e-05 23.87693575437392 22.92155099546342 23.62143760872313 69.82874391925682 377.484892344887 400.0 -0.0003545443120734428 0.2539323393259219 0.255498145650789 -0.00025286306455031435 -2.1710464097072544 2.4606063978471307e-08 0.009273788699726011 0.00461798762358096 0.004655768867803922 0.25554688715478685 0.004592882101384124 0.004680906598341891 0.006423229170648279 0.006423229170600685 8.472630440306679 2.208595265268917
280.0 16.853611901387964 -3.7442744935695673 27.421602110092007 -353589.51946967875 2.380825082426785e-05 24.094655396332758 23.086296235107202 23.82944132294006 69.5529953169151 376.9953158973092 400.0 -0.00038156427792246584 0.2635458855342215 0.2652140733926983 -0.00027391214282032486 -2.252194551550965 2.4610825345794198e-08 0.00962458428968296 0.004791848987278799 0.004832703081250655 0.2652685973931304 0.0047646424816985755 0.004859941807984385 0.00666596652896235 0.006665966528919245 8.165597318956218 2.2093892596083617
290.0 16.865714029059678 -3.747261203672136 28.26846523265961 -353357.88685922575 2.4044503679261905e-05 24.298243989379387 23.23655159431302 24.02329597132346 69.27410614669068 376.4917248101219 400.0 -0.0004095988278060268 0.27317560868763974 0.2749480180559306 -0.0002956701337045142 -2.331425528111274 2.4615442198279727e-08 0.009975956444367818 0.0049659524713911414 0.005009971738945027 0.27500865110187733 0.0049365724851650845 0.005039383959202734 0.006909090127461672 0.006909090127423375 7.878457332185828 2.2103519052035
300.0 16.877941991945004 -3.7503387171221414 29.09320053190689 -353124.7165244525 2.4270917885384046e-05 24.489445343758707 23.374020478798535 24.20474541401221 68.99756483061344 375.9751798262527 400.0 -0.00043865043114333063 0.28282157155218823 0.28469992974650016 -0.00031811178858348534 -2.4087208275918437 2.4619916898269525e-08 0.01032790822594312 0.005140301096582673 0.005187574882392501 0.28476699092660845 0.005108677454975451 0.005219230770967669 0.007152602179437738 0.0071526021794042 7.608585247464579 2.211568818405284
310.0 16.890289716687754 -3.7534551209436398 29.89738761393107 -352885.17378144327 2.4479654883090052e-05 24.669077670979036 23.500042799382562 24.37460793021288 68.74239830455811 375.4610837668654 400.0 -0.00046872153517377407 0.29248380861559115 0.294469740766159 -0.0003412116786670106 -2.484056877974261 2.4624252261540517e-08 0.010680441737005133 0.005314897349869007 0.00536551212718261 0.29454354012308503 0.005280962219255396 0.005399479517749735 0.007396504253748069 0.007396504253720033 7.355873854259811 2.2128242849777573
320.0 16.902746597695696 -3.7565017347708296 30.683104047739693 -352628.72419344296 2.4667208724846783e-05 24.837850849293662 23.615643496917006 24.53359353293029 68.51792523957172 374.9821707606866 400.0 -0.0004998144808283734 0.3021622770886791 0.3042573163633743 -0.00036494688915705365 -2.5574106068707483 2.4628451536405695e-08 0.011033556311914524 0.005489742200128627 0.005543781838810335 0.30433815384415946 0.005453429853065421 0.005580126458849101 0.007640796066443013 0.007640796066419757 7.11925743707536 2.2140404507158524
330.0 16.91530448833252 -3.7596313204788534 31.449670598047827 -352370.8853078006 2.4843442116708385e-05 24.99779055628673 23.722330819140932 24.683727997097538 68.30555835414813 374.49493701042815 400.0 -0.0005319316406696923 0.3118569504919481 0.3140625591891911 -0.0003892987970218538 -2.6287541302577804 2.4632519325378017e-08 0.011387251848758412 0.005664836782655819 0.0057223827800769855 0.31415072358186336 0.005626083191031954 0.005761168657726457 0.007885477795733845 0.007885477795714958 6.896092554985763 2.2153916017012443
340.0 16.927959763427545 -3.7628420875479294 32.19798570964922 -352111.7533908954 2.5013967955033125e-05 25.15011698443298 23.821059051847026 24.826231536069223 68.0928931038569 373.99987932835614 400.0 -0.000565075481127689 0.32156785510973124 0.3238854483637575 -0.00041424884873723526 -2.6980491504683823 2.4636461656310136e-08 0.011741530093068959 0.005840183230889903 0.0059013145630787585 0.32398121525361173 0.005798926062024057 0.0059426040310449 0.008130550927076789 0.00813055092706165 6.685069863589927 2.2168970497304965
350.0 16.940709784733436 -3.7661323191397624 32.92889766194088 -351851.4134383865 2.5179197643067535e-05 25.295614624795018 23.912661146299293 24.96188863598248 67.87826588697158 373.49740528938804 400.0 -0.0005992484953959518 0.33129502520057147 0.33372598881254095 -0.0004397782612244301 -2.7652517553808242 2.464028535495112e-08 0.012096393004304293 0.006015783870151359 0.006080576821955463 0.3338296185963836 0.00597196251435256 0.006124430489951731 0.008376017125728578 0.008376017125718128 6.485748797791863 2.2184630364417903
360.0 16.953552268495077 -3.769500374583004 33.643205481814874 -351589.9415946522 2.5339889679082124e-05 25.43503847773496 23.997866227646387 25.09145427852073 67.66167756703206 372.98786710453425 400.0 -0.0006344531907300572 0.3410384952228078 0.3435841992142301 -0.0004658679875973957 -2.8303152032070065 2.4643997634808622e-08 0.012451842467254464 0.006191641080593828 0.006260169061345164 0.34369593521417136 0.006145196682915689 0.006306645784338779 0.008621878037081443 0.008621878037075531 6.297153497406185 2.220089982035951
370.0 16.966485243388675 -3.7729446855726625 34.341661698996916 -351327.40622923843 2.5496607153768388e-05 25.569042538679696 24.077314446788098 25.215582431056465 67.44315271930186 372.4715694070684 400.0 -0.0006706920883527195 0.3507982999609233 0.3534601076232317 -0.0004924986460410391 -2.893192044421035 2.464760572722217e-08 0.012807880296166451 0.006367757306277737 0.006440090651435618 0.3535801743212026 0.006318632805416891 0.006489247490749557 0.008868135287065324 0.00886813528706288 6.118464926603455 2.221769743640291
380.0 16.97950701526863 -3.7764637524958657 35.024975099712 -351063.86886081455 2.564987880321321e-05 25.698207707435827 24.15156946088618 25.334853960943214 67.22271140656365 371.9487757299257 400.0 -0.0007079677233594444 0.3605744745122755 0.36335374649261404 -0.0005196504767238584 -2.9538360535760537 2.4651116527946075e-08 0.013164508240282662 0.006544135060610465 0.006620340828062661 0.36348234792872364 0.00649227523213202 0.006672233008150643 0.00911479048307559 0.009114790483076155 5.948928778892754 2.223497823956308
390.0 16.99261613686009 -3.7800561409123956 35.69381342079712 -350799.3849540671 2.5800167923507612e-05 25.823047871442842 24.221128955441852 25.449782724018302 67.0003696552538 371.4197139439425 400.0 -0.0007462826446648807 0.37036705413277693 0.37326514742453987 -0.0005473033244697874 -3.012203935711423 2.4654536281474957e-08 0.013521727989505782 0.0067207769280508665 0.00680091869667055 0.37340246579565073 0.006666128429353245 0.006855599560152536 0.009361845214816351 0.009361845214820938 5.787868163581552 2.225269689888685
400.0 17.005811381616834 -3.7837204782004563 36.3488059482948 -350534.00460909837 2.594789091065627e-05 25.944020032605405 24.28643354414301 25.560825696661958 66.77613987508943 370.8845808421878 400.0 -0.0007856394148642522 0.38017607396018166 0.38319433594344643 -0.0005754366443985773 -3.0682567882532896 2.4657870316704156e-08 0.013879541179579305 0.006897685562331383 0.006981823239270442 0.3833405304310507 0.006840196977042563 0.007039344202536744 0.009609301054851775 0.009609301054858544 5.634669334304483 2.227081605522784
410.0 17.019091721151952 -3.7874554503718487 36.99054599839331 -350267.7731594908 2.609342098639277e-05 26.061531532614758 24.347874320750577 25.668390206075628 66.5500311882858 370.3435460172962 400.0 -0.0008260406101057973 0.3900015686391155 0.3931413265391282 -0.0006040295274551345 -3.121961312240179 2.4661122841335424e-08 0.014237949396396016 0.007074863681546905 0.007163053323660019 0.3932965323881055 0.007014485561351812 0.007223463835044205 0.009857159558743257 0.009857159558753431 5.488775856167305 2.2289302893170926
420.0 17.032456305672977 -3.7912597990572796 37.61959326802151 -350000.7316926771 2.623709456067898e-05 26.175946587028704 24.405799287369458 25.772840468856952 66.32204976321727 369.7967551537601 400.0 -0.0008674888198886215 0.3998435718727606 0.4031061181717497 -0.0006330607428289682 -3.1732907766098672 2.466429679736394e-08 0.014596954179157347 0.007252314060503578 0.0073446077142340785 0.40327044603421563 0.0071889989627019965 0.0074079552164553536 0.010105422264707896 0.010105422264720599 5.349681858609309 2.230812902891054
430.0 17.045904447002155 -3.795132318659035 38.236476049423906 -349732.9175039104 2.6379215873364495e-05 26.28759177287165 24.46051884318345 25.874503082489085 66.09219905588002 369.2443328320964 400.0 -0.0009099866468603332 0.409702115927727 0.4130886903825664 -0.00066250879410409 -3.2222257462896575 2.4667393776296675e-08 0.014956557022282997 0.007430039520756128 0.007526485083856835 0.41326222593395456 0.0073637420401661815 0.007592814982116816 0.010354090692775297 0.010354090692789874 5.216926574307274 2.2327269722092398
440.0 17.059435603824763 -3.799071853666315 38.84169330775852 -349464.3644933247 2.6520061175307577e-05 26.3967607597846 24.512310485129564 25.97367175967736 65.86048005032512 368.6863849240765 400.0 -0.0009535367065005553 0.4195772311176648 0.423089000107243 -0.0006923519862650872 -3.2687545898029122 2.467041399003452e-08 0.015316759376076758 0.007608042918792133 0.007708684026343514 0.4232718039352227 0.007538719712901395 0.0077780396631753615 0.01060316634349462 0.01060316634351131 5.090089467727957 2.2346703393699427
450.0 17.073049368830773 -3.803077296127532 39.43571662388367 -349195.1035141489 2.6659882282657896e-05 26.503718372656145 24.561422845525982 26.070611393409095 65.62689143637463 368.12300064546866 400.0 -0.0009981416268147918 0.4294689452887244 0.43310697924704944 -0.0007225685007802402 -3.3128737853424357 2.4673356291564764e-08 0.01567756264621833 0.007786327132800447 0.007891203069183738 0.4332990870079764 0.007713936939344366 0.00796362570687396 0.010852650696242576 0.010852650696260907 4.968785997467746 2.236641117247426
460.0 17.08674545751545 -3.8071475832725374 40.018992006807814 -348925.16267877456 2.6798909649622903e-05 26.608704097856084 24.608079170158042 26.16556156483647 65.39142981061751 367.55425431890376 400.0 -0.0010438040479843474 0.4393772833285381 0.4431425330196115 -0.0007531364761935181 -3.3545880460528292 2.467621823858007e-08 0.016038968192252027 0.007964895048467957 0.008074040686233491 0.44334395585202824 0.007889398695931726 0.0081495694963203 0.011102545207233562 0.011102545207253185 4.852663887309634 2.238637653048031
470.0 17.10052369838331 -3.8112816952778146 40.59194158144675 -348654.56762847665 2.693735502553817e-05 26.71193511397317 24.652480322751526 26.25873957489245 65.15408978860867 366.9802068927687 400.0 -0.0010905266219566542 0.4493022667163951 0.45319553908071947 -0.0007840340919405167 -3.393910286107172 2.4678996192654637e-08 0.016400977325247517 0.008143749544209197 0.008257195310146275 0.4534062642610157 0.008065109958084543 0.008335867367162969 0.011352851307326885 0.011352851307347811 4.741399857634901 2.2406584949128128
480.0 17.114384024407215 -3.8154786531668594 41.15496515836353 -348383.34177156026 2.7075413806909305e-05 26.813608930181736 24.69480738740877 26.3503430827942 64.91486418055847 366.4009072513144 400.0 -0.0011383120120050192 0.45924391313079405 0.4632658473875343 -0.0008152396533063104 -3.4308614490663425 2.468168544658764e-08 0.01676359130489188 0.008322893476230242 0.008440665344401275 0.46348583920926295 0.008241075666898521 0.008522515637993356 0.011603570399766346 0.011603570399789303 4.634696713570906 2.242702369713541
490.0 17.128326465562946 -3.819737516838458 41.708441692382344 -348111.5064941154 2.7213267032845758e-05 26.913905670894064 24.735223928778957 26.44055239013896 64.67374405469016 365.8163933473923 400.0 -0.0011871628923301185 0.4692022361264233 0.4733532807551009 -0.0008467316757263608 -3.4654702194389286 2.4684280372816203e-08 0.01712681133624764 0.008502329663776745 0.008624449174813347 0.4735824816105856 0.008417300709300583 0.008709510626947055 0.011854703857966997 0.011854703857989788 4.532280807747367 2.244768156500947
500.0 17.14235114229913 -3.8240573832154956 42.25273063713789 -347839.08134691627 2.735108317729188e-05 27.012990078873102 24.773877960032415 26.529532442827115 64.43071887661465 365.22669318374744 400.0 -0.0012370819475865276 0.4791772448900531 0.48345763604599284 -0.0008784889668126391 -3.4977726372991405 2.46867745863112e-08 0.017490638566428813 0.008682060874881166 0.008808545180461858 0.48369596768677076 0.008593789896340557 0.008896848670088258 0.012106253023459062 0.01210625302348337 4.433899760929554 2.2468548705108073
510.0 17.156458259849003 -3.828437384507052 42.78817320263546 -347566.08421144297 2.7489019688095413e-05 27.111013259738638 24.810903660704714 26.617434573813746 64.18577654539872 364.6318256631729 400.0 -0.001288071872483675 0.4891689440827271 0.4935786859248896 -0.000910490704857864 -3.527811634455977 2.4689161115996327e-08 0.017855074081465725 0.008862089812913358 0.00899295174400492 0.4938260508761034 0.008770547941746734 0.009084526139718992 0.01235821920413794 0.012358219204162342 4.339320464404108 2.248961643747113
520.0 17.170648103251363 -3.832876686577094 43.31509352251928 -347292.5314476861 2.7627224371029326e-05 27.208114219900327 24.846422879836933 26.704398038795517 63.938903511127286 364.03180132707706 400.0 -0.0013401353713730503 0.49917733377204876 0.5037161811048071 -0.0009427165125811393 -3.555636509198624 2.4691432579492675e-08 0.01822011890357755 0.009042419104158522 0.009177667261373978 0.5039724642078691 0.00894757944197331 0.009272539461604239 0.012610603672888725 0.01261060367291306 4.248327278905431 2.251087713607736
530.0 17.184921033041284 -3.8373744874129887 43.83379973771049 -347018.4380258704 2.776583659882827e-05 27.304421215386036 24.880546454350018 26.79055136237518 63.69008482011287 363.4266229956246 400.0 -0.001393275157876452 0.5092024094579077 0.5138698530108572 -0.0009751465252881543 -3.581302354962496 2.4693581356695257e-08 0.01858577398912004 0.009223051286665973 0.009362690150872809 0.5141349230684706 0.00912488885443352 0.009460885134686523 0.012863407666733146 0.012863407666758753 4.160720442962947 2.2532324099993835
540.0 17.199277481487037 -3.8419300156879044 44.34458500243665 -346743.8176441285 2.7904988385163257e-05 27.400052941336458 24.913375367995396 26.876013524549837 63.439304143221264 362.8162863244471 400.0 -0.0014474939546199636 0.5192441621910275 0.524039416786617 -0.0010077614526892566 -3.6048694567070196 2.4695599758465137e-08 0.01895204022738096 0.009403988800524697 0.009548018861697323 0.5243131282844851 0.009302480483235806 0.009649559744145155 0.013116632386556358 0.013116632386580727 4.076314651529268 2.2553951439594866
550.0 17.213717949359186 -3.846542529410987 44.84772841862475 -346468.68283368036 2.804480533647025e-05 27.495119585289725 24.945001772418795 26.960895010717458 63.18654385384459 362.20078028671116 400.0 -0.0015027944929418844 0.5293025787843716 0.5342245745722654 -0.001040542633747142 -3.6264026670934566 2.4697480187394992e-08 0.0193189184404578 0.00958523397973041 0.009733651881946323 0.5345067694524726 0.00948035847214496 0.009838559968312843 0.013370278997513427 0.013370278997537873 3.9949377771687384 2.2575753993821484
560.0 17.22824300313081 -3.8512113146600586 45.34349590395297 -346193.04505306395 2.8185407525773366e-05 27.589723763847797 24.975509888660962 27.045298744861995 62.93178505182625 361.580087591703 400.0 -0.0015591795128129106 0.5393776421139379 0.5444250189858062 -0.0010734720842593907 -3.6459707730721704 2.4699215288290354e-08 0.019686409384350005 0.009766789045753345 0.009919587746145844 0.5447155284478621 0.00965852678841548 0.010027882595934528 0.013624348630181807 0.013624348630205927 3.9164297223760447 2.2597727262016134
570.0 17.242853272620753 -3.855935684391441 45.832140998817614 -345916.91477254167 2.83269102533213e-05 27.683961350522903 25.004976804751525 27.129320913777434 62.67500755982671 360.9541850454256 400.0 -0.0016166517627331089 0.5494693315069625 0.5546404367454697 -0.0011065325367567284 -3.663645861918988 2.4700798086576467e-08 0.020054513751468453 0.00994865610291313 0.010105825042383849 0.5549390830522438 0.009836989213936642 0.010217524537531808 0.013878842382532027 0.013878842382556017 3.8406413990424753 2.261986731766459
580.0 17.257549448966426 -3.860714977322345 46.31390561669048 -345640.30154992425 2.846942472101018e-05 27.777922215726605 25.033473182776284 27.213051703352736 62.41619001620147 360.3230438627998 400.0 -0.0016752139998303323 0.5595776232115384 0.5648705123738704 -0.0011397074726424213 -3.6795026945091305 2.4702222113384177e-08 0.02042323217462615 0.010130837135601641 0.010292362419078 0.5651771106411487 0.010015749339026459 0.010407482835599688 0.014133761322738594 0.014133761322762079 3.767433799547498 2.264217075952795
590.0 17.27233228296442 -3.8655485568811416 46.78902074245604 -345363.21409861464 2.8613058704499075e-05 27.87169089464577 25.06106388691572 27.296575962711756 62.15530982284323 359.6866299342836 400.0 -0.0017348689900603 0.5697024909446781 0.5751149319340131 -0.0011729811464392874 -3.693618092197687 2.470348151653363e-08 0.020792565232684072 0.01031333400742776 0.010479198591476776 0.5754292918839996 0.010194810558926792 0.01059775467375728 0.014389106492908255 0.01438910649293085 3.696677159317879 2.2664634670609543
600.0 17.287202583701237 -3.8704358102214216 47.25770708260337 -345085.66034879314 2.875791706976255e-05 27.965347172479746 25.087808542325874 27.37997378573013 61.89234319663053 359.0449040537601 400.0 -0.0017956195085348466 0.5798439065124673 0.5853733867496167 -0.0012063386021813542 -3.7060703426504307 2.4704571157005267e-08 0.021162513457897457 0.010496148462287688 0.010666332347935431 0.5856953144104313 0.010374176073000266 0.010788337384897187 0.01464487891373171 0.01464487891375351 3.6282502145525033 2.268725654364553
610.0 17.3021612174584 -3.875376147295988 47.720175671018985 -344807.6475024579 2.8904102352060275e-05 28.058966629313154 25.113762033378215 27.463321052242566 61.627265165304856 358.3978221113252 400.0 -0.0018574683400429343 0.5900018404971695 0.5956455770705834 -0.0012397656820233721 -3.7169386288523696 2.4705486690864366e-08 0.021533077345040917 0.010679282127371941 0.010853762556034147 0.5959748764055703 0.010553848886632862 0.010979228458408057 0.014901079590087546 0.014901079590108982 3.5620395068194144 2.271003428228035
620.0 17.31720910690484 -3.8803689999870925 48.17662843391401 -344529.18208288023 2.9051715205347e-05 28.15262111621762 25.138974948618053 27.546689900567813 61.3600495676306 357.74533525330526 400.0 -0.001920418279711105 0.6001762630067391 0.6059312156498055 -0.0012732490271935555 -3.7263024845817196 2.470622463683147e-08 0.021904257362399013 0.010862736518118189 0.011041488168615703 0.6062676901022381 0.010733831815838916 0.011170425546560097 0.015157709517638554 0.015157709517659093 3.4979387755759555 2.2732966140584145
630.0 17.33234723048583 -3.8854138212896827 48.62725871680871 -344250.2699791839 2.920085483921388e-05 28.246379189873412 25.163493978802265 27.630149158672253 61.09066904826591 357.0873900153701 400.0 -0.0019844721338835494 0.6103671444794476 0.6162300312011552 -0.0013067760714788135 -3.7342412789021076 2.4706782429954904e-08 0.022276053964590262 0.011046513045052364 0.011229508229768436 0.6165734851416957 0.010914127494492566 0.0113619264700977 0.015414769690381391 0.01541476969040055 3.4358484008102406 2.2756050685223825
640.0 17.347576622072836 -3.89051008454447 49.07225177672903 -343970.9164863759 2.9351619466284177e-05 28.340306516786736 25.18736227355382 27.713764745069223 60.81909506647759 356.42392842811415 400.0 -0.002049632721121655 0.6205744565404777 0.6265417717175095 -0.001340335027452211 -3.7408337313547713 2.4707158462002837e-08 0.022648467607325817 0.011230613022527649 0.011417821880845879 0.6268920117834684 0.011094738384174015 0.0115537292231518 0.01567226110921097 0.015672261109229722 3.3756748841024153 2.277928680011297
650.0 17.362898370803197 -3.895657282718042 49.51178524210008 -343691.126341382 2.950410666486477e-05 28.43446622883849 25.210619761432508 27.797600021209927 60.545297869351536 355.75488809974144 400.0 -0.002115902873543853 0.6307981729039437 0.6368662076285632 -0.0013739148657053455 -3.7461574590405866 2.4707352109314102e-08 0.023021498764058908 0.011415037679293182 0.011606428366547518 0.6372230439456563 0.011275666786536504 0.011745831977522402 0.015930184791464123 0.01593018479148185 3.3173303948427444 2.280267363652954
660.0 17.37831362113069 -3.900854927727304 49.94602954289231 -343410.90375539864 2.9658413766428268e-05 28.528919259254895 25.2333034376158 27.881716124469154 60.26924648650617 355.0802022762322 400.0 -0.0021832854382547264 0.6410382703164828 0.64720313478574 -0.0014075052873025935 -3.7502885561387806 2.4707363748969303e-08 0.023395147944558565 0.011599788170857947 0.011795327041128628 0.6475663820645895 0.011456914858137674 0.011938233086420882 0.016188541781454693 0.016188541781471843 3.2607323423752677 2.2826210611902016
670.0 17.39382357305956 -3.906102549805883 50.37514831321963 -343130.2524429423 2.9814638176699365e-05 28.623724640627803 25.25544762284595 27.966172263363987 59.990908706890835 354.3997998816532 400.0 -0.002251783279076486 0.6512947295375686 0.6575523772638157 -0.0014410966897824159 -3.7533012059962125 2.4707194764191858e-08 0.023769415715382946 0.01178486559359356 0.0119845173747708 0.6579218557648842 0.011638484627646512 0.012130931087736439 0.016447333161993545 0.01644733316200966 3.2058029986952428 2.2849897368409886
680.0 17.409429482558533 -3.91139969691018 50.799298768478586 -342849.17564788065 2.997287774469812e-05 28.718939795376436 25.277084196846197 28.051026005402996 59.71025108790875 353.71360818816936 400.0 -0.002321399278497468 0.6615675363526986 0.667913789973438 -0.0014746801269059204 -3.755267325501511 2.4706847539937273e-08 0.02414430272224329 0.011970271000514341 0.012173998960165765 0.6682893263354335 0.011820378015344505 0.012323924706898786 0.016706560066874175 0.016706560066902867 3.152469135005793 2.2873733795928226
690.0 17.42513266217052 -3.91674593416308 51.21863205900769 -342567.6761666691 3.0133231063013928e-05 28.81462078841238 25.29824280901562 28.136333527329892 59.427238873154494 353.0215420573304 400.0 -0.002392136339911184 0.6718566826165386 0.6782872610824913 -0.0015082472626720296 -3.756256241105681 2.4706325449643216e-08 0.02451980971426267 0.012156005418716 0.012363771519335563 0.6786686890105006 0.012002596854848018 0.01251721285941466 0.016966223694387647 0.016966223694400893 3.1006617121677866 2.289771997952986
700.0 17.440934481767027 -3.922140843333341 51.63329360187829 -342285.7563691195 3.029579777762029e-05 28.910822572068614 25.318951068864322 28.2221498578233 59.14183601469195 352.32352033107617 400.0 -0.0024639973900872454 0.6821621673216908 0.6886727142453161 -0.0015417903191743997 -3.7563343956524458 2.470563283411076e-08 0.024895937570062705 0.012342069868313472 0.012553834910781301 0.6890598750560374 0.012185142916941059 0.012710794653121646 0.01722632532167266 0.01722632532169555 3.0503155808929425 2.2921856204269315
710.0 17.456836369499147 -3.9275840223489995 52.04342339261173 -342003.4182167944 3.046067891945402e-05 29.007599218459323 25.339234718365997 28.30852910781508 58.85400511965238 351.6194546819305 400.0 -0.0025369853819010644 0.6924839976919513 0.6990701106442435 -0.0015753020198417495 -3.7555650848349496 2.470477497347571e-08 0.02527268732570797 0.012528465382989679 0.012744189136878883 0.6994628536666743 0.01236801793546432 0.01290466939024365 0.01748686632021711 0.017486866320227324 3.001369208606082 2.294614295540919
720.0 17.47283981290328 -3.933075084843164 52.44915629818938 -341720.6632792935 3.06279771828999e-05 29.105004128441333 25.359117788138537 28.395524677593645 58.563707414302364 350.90925239586466 400.0 -0.0026111032974335526 0.7028221902969781 0.7094794508476887 -0.0016087755266585833 -3.754008222036962 2.4703758053197123e-08 0.02565006020445128 0.012715193031900215 0.012934834351719526 0.7098776336784998 0.012551223635159604 0.013098836569291675 0.017747848172117876 0.01774784817212805 2.953764436878929 2.2970580890676846
730.0 17.48894636017899 -3.9386136597307457 52.85062233279046 -341437.49274855264 3.079779724006389e-05 29.203090239960968 25.378622739145946 28.483189463468737 58.2709027309661 350.1928163114766 400.0 -0.0026863541512797524 0.7131767721871007 0.719900776492229 -0.0016422043731765493 -3.751720130089127 2.4702589124950926e-08 0.02602805764827028 0.012902253943060785 0.01312577086925898 0.7203042651058104 0.012734761761401732 0.013293295886868546 0.018009272487453976 0.01800927248746276 2.9074462476569605 2.2995170852711504
740.0 17.505157621635853 -3.944199390814838 53.24794691751801 -341153.90745130804 3.09702460321897e-05 29.301910217811567 25.397770591418684 28.571576046013874 57.97554943255209 349.470044744268 400.0 -0.0027627409942404773 0.7235477820471854 0.7303341717976954 -0.0016755823923523632 -3.7487533584043384 2.4701276063278416e-08 0.02640668135117943 0.013089649328041795 0.013316999171934848 0.7307428405115118 0.012918634111747613 0.01348804723943182 0.01827114102251762 0.018271141022525444 2.8623625591306836 2.3019913842125046
750.0 17.521475271311058 -3.949831936421538 53.6412511252887 -340869.90785984835 3.114543309373681e-05 29.40151664522012 25.416581041119574 28.66073688029494 57.677604367364026 348.7408313962208 400.0 -0.0028402669172981065 0.7339352713688512 0.7407797649251777 -0.0017089036400417083 -3.7451565238640137 2.4699827518776086e-08 0.02678593329430036 0.013277380507994383 0.013508519919710898 0.7411934962216061 0.013102842569238406 0.013683090725061952 0.01853345569904595 0.018533455699052705 2.818464028099907 2.3044811027207954
760.0 17.537901048771516 -3.955510969062193 54.03065191200914 -340585.4941011418 3.132347084179575e-05 29.50196220156131 25.435072567135833 28.75072447237111 57.377022848263586 348.0050652500589 400.0 -0.002918935055984749 0.7443393056413039 0.7512377291901957 -0.0017421623140618779 -3.740974173757234 2.4698252868583505e-08 0.027165815782696827 0.013465448940951232 0.013700333959611257 0.7516564133964606 0.013287389137407499 0.013878426645289326 0.018796218624418992 0.0187962186244247 2.775703872437168 2.3069863736620255
770.0 17.554436761077074 -3.961236175122015 54.41626233495881 -340300.6659644879 3.1504474900145517e-05 29.603299839592015 25.453262528242785 28.841591555449945 57.07375858627134 347.2626304496638 400.0 -0.0029987485950452586 0.7547599655602594 0.7617082841420707 -0.0017753526690241499 -3.736246669091445 2.46965621648398e-08 0.027546331483940843 0.013653856250360055 0.013892442335752996 0.7621318189702387 0.0134722759769313 0.014074055507009547 0.019059432112826694 0.019059432112831554 2.7340377059769887 2.3095073457470217
780.0 17.571084284950246 -3.9670072545743955 54.79819175944267 -340015.4229076947 3.1688564428563606e-05 29.705582957818407 25.471167251778304 28.933391261294073 56.76776361101613 346.5134061642781 400.0 -0.0030797107735249575 0.7651973482571132 0.7721916965243371 -0.0018084689270223245 -3.7310100864946714 2.4694766081751165e-08 0.0279274834684643 0.013842604254849573 0.01408484629993178 0.7726199864735909 0.01365750544391278 0.01426997802455152 0.01932309870745444 0.01932309870745743 2.6934233875481364 2.3120441827689637
790.0 17.587845569117647 -3.9728239207199962 55.17654605445041 -339729.7640619336 3.1875862438922404e-05 29.808865567908025 25.488802114658064 29.026177286779472 56.45898823574387 345.75726643848617 400.0 -0.0031618248902345334 0.7756515685483824 0.782688281128552 -0.0018415051842435312 -3.725296137017169 2.4692875861839965e-08 0.02830927525166407 0.014031694999185045 0.014277547322771407 0.7831212367521264 0.013843080129747517 0.014466195121916551 0.0195872212036736 0.01958722120367593 2.6538208807236168 2.3145970631311275
800.0 17.604722636862775 -3.9786858999501624 55.55142777823251 -339443.68823526654 3.206649616817757e-05 29.913202469808667 25.506181617480358 29.12000406825193 56.14738097381878 344.9940800256981 400.0 -0.003245094309601756 0.786122760208283 0.7931984015567365 -0.0018744553135815513 -3.7191321000753437 2.4690903261891048e-08 0.02869171083782536 0.014221130786430641 0.01447054710548479 0.7936359385960017 0.014029002902580006 0.01466270793524535 0.0198518026733028 0.01985180267330375 2.61519212036358 2.317166180893476
810.0 17.621717588787906 -3.9845929315340727 55.92293635451116 -339157.19391491544 3.2260597430218184e-05 30.018649420382797 25.523319452387494 29.214926949475732 55.832888485796424 344.2237102054748 400.0 -0.003329522468002939 0.7966110772664542 0.8037224709070661 -0.0019073128631979194 -3.712540770834717 2.4688860499070203e-08 0.029074794765889603 0.014410914211307998 0.014663847592283294 0.8041645092952634 0.014215276950343986 0.014859517815545611 0.02011684648995464 0.020116846489954262 2.5775008918766846 2.3197517456674253
820.0 17.638832605793244 -3.990544767429188 56.29116824002288 -338870.27926831465 3.245830300802101e-05 30.125263304533508 25.540228565282128 29.311002352136118 55.51545545448318 343.44601458392225 400.0 -0.003415112880485381 0.8071166953335736 0.814260952397392 -0.0019400709510617922 -3.705540419355305 2.468676019761879e-08 0.029458532157115993 0.014601048194768419 0.014857450983466034 0.8147074151354746 0.014401905825399687 0.015056626331716304 0.020382356355522706 0.020382356355521644 2.5407127218051113 2.3223539814629435
830.0 17.65606995228851 -3.996541172114738 56.65621708406251 -338582.9421429727 3.265975501635466e-05 30.233102305915295 25.556921212936984 29.40828794597314 55.195024587637675 342.6608448764101 400.0 -0.003501869148037143 0.8176398129583495 0.8248143599421569 -0.0019727221553773734 -3.6981447598363126 2.468461533649764e-08 0.029842928764707323 0.014791536019802458 0.015051359749236092 0.8252651718490831 0.014588893490799244 0.01525403527390808 0.020648336327859087 0.020648336327856683 2.5047947715107832 2.324973127577662
840.0 17.673431979638647 -4.002581922447925 57.018173880610625 -338295.18006518326 3.2865101413774843e-05 30.342226103253847 25.573409015481037 29.506842844556218 54.87153643793983 341.8680466721788 400.0 -0.0035897949652874436 0.8281806530193623 0.8353832586976276 -0.0020052584007840984 -3.690362928349531 2.468243919829779e-08 0.030227991025467246 0.014982381368513792 0.015245576644283942 0.8358383450372808 0.01477624436821705 0.015451746657250203 0.020914790849691247 0.020914790849688517 2.469715734470042 2.327609441242052
850.0 17.690921129889947 -4.008666807542933 57.37712711372665 -338006.99023753236 3.307449619456915e-05 30.452695982264103 25.589703004700883 29.60672771667212 54.544929341028784 341.0674591783794 400.0 -0.003678894128797655 0.8387394641572423 0.8459682655919879 -0.002037670840220297 -3.6821994674434113 2.4680245319691372e-08 0.03061372611362781 0.015173588360531252 0.015440104723202891 0.84642755057867 0.014963963387627689 0.01564976272600012 0.02118172477888611 0.021181724778882336 2.4354457847091635 2.330263180937225
860.0 17.70853993975754 -4.0147956286725295 57.733162896643094 -337718.36953528016 3.328810083712133e-05 30.564575316147728 25.605813668547782 29.708005266293 54.21513936605245 340.2589149440961 400.0 -0.003769170545893981 0.8493165222509621 0.8565700498547292 -0.002069949732212658 -3.6736543160953925 2.4678047443659214e-08 0.03100014199691986 0.015365161592792016 0.015634947356776282 0.8570334550388936 0.015152056038786558 0.0158480859581333 0.02144914342009996 0.021449143420095722 2.4019563328099265 2.3329346772763526
870.0 17.726291044916252 -4.020968199192511 58.08636510515723 -337429.31450156105 3.3506081151726466e-05 30.677928665537532 25.621750992208607 29.810739331975473 53.88210011376085 339.4422395619329 400.0 -0.003860628244076908 0.8599121319446021 0.8671893335620583 -0.0021020843134096395 -3.6647228034663524 2.4675859473696654e-08 0.03138724749505368 0.01555710618079456 0.015830108249205173 0.8676567760976154 0.015340528424627131 0.01604671907042654 0.02171705255794027 0.021717052557935334 2.3692205296953093 2.335624072655215
880.0 17.744177184597312 -4.027184344489064 58.43681550575624 -337139.82134142634 3.37286214783657e-05 30.792826109442082 25.637524496061072 29.91499921722858 53.54574266669187 338.6172513466922 400.0 -0.003953271381122938 0.870526628230163 0.8778268922135003 -0.002134062666033046 -3.655395644982002 2.4673695430158517e-08 0.03177505234074595 0.01574942780139663 0.016025591456337283 0.8782982830076456 0.015529387316680826 0.016245665024065124 0.02198545849171875 0.021985458491712986 2.33721109308287 2.338332276432907
890.0 17.762201206536442 -4.033443901949547 58.78459387902259 -336849.8859146607 3.3955874382818526e-05 30.909327916550787 25.653143270808112 30.020844361194182 53.20599544089781 337.7837609880637 400.0 -0.004047104255819662 0.8811603780940763 0.8884835553566015 -0.002165871579936614 -3.6456589392516205 2.4671569408875134e-08 0.03216356724350621 0.015942132737286605 0.016221401404982065 0.8889587971026848 0.0157186402126755 0.016444927030830704 0.022254368071941966 0.02225436807193461 2.305907889666978 2.3410574353459435
900.0 17.780366072285805 -4.03974672095705 59.129778138731446 -336559.50372736366 3.418815107334536e-05 31.027543491495138 25.66861601005619 30.128383284219137 52.86278405716407 336.94157117662223 400.0 -0.004142131319445409 0.8918137822345632 0.8991602072759995 -0.0021974964088599114 -3.6354941643867926 2.4669495542154337e-08 0.032552803956375775 0.016135227923244573 0.01641754291338855 0.8996391923694675 0.015908295396467594 0.016644508559908185 0.02252378873865705 0.022523788738649627 2.2752699191215835 2.3438080228479694
910.0 17.79867486290138 -4.046092662909182 59.47244444702495 -336268.6699222949 3.4425214382978665e-05 31.147409916614933 25.683951040578034 30.23755212885252 52.51603119719623 336.09047620164745 400.0 -0.004238357188019226 0.9024872768575515 0.9098577877624133 -0.0022289209204690123 -3.6248781723078927 2.46674879622351e-08 0.03294277534583436 0.016328720994333037 0.016614021212961197 0.9103403960993331 0.01609836200048504 0.01684441334534932 0.02279372856179499 0.022793728561786658 2.245337395043875 2.3465543082560654
920.0 17.817130785085286 -4.0524816012621905 59.812667326243584 -335977.3792678278 3.466891804451554e-05 31.269529599321178 25.699156350486167 30.348952306340113 52.1656607677111 335.2302615159146 400.0 -0.004335786655403206 0.9131813355621567 0.9205772929810626 -0.002260127139590468 -3.613783179561691 2.466556076726744e-08 0.03333349546520931 0.016522620336213295 0.016810841971352734 0.921063389638131 0.016288850070932632 0.017044645394276678 0.02306419628371216 0.023064196283702973 2.215858104678327 2.349408459972792
930.0 17.835737155114714 -4.05891342138296 60.150519694683446 -335685.62619240483 3.491324356953061e-05 31.39237203473641 25.714239613667136 30.461052259114464 51.81526172714139 334.36070432991875 400.0 -0.004434424703062174 0.9238964704611106 0.9313197756219442 -0.002291095190407749 -3.6021767752837945 2.4663727991030657e-08 0.033724979600041616 0.016716935121192 0.017008011301783633 0.931809208420821 0.016479770618994763 0.017245208981046863 0.023335201341905715 0.023335201341896147 2.187333122093539 2.3521154950888503
940.0 17.8544917560508 -4.065278842576077 60.48814108642671 -335380.9266651209 3.514985002063249e-05 31.51811455738567 25.729167869498056 30.57602842585212 51.509085560297194 333.5245836174885 400.0 -0.004534275435690062 0.9346330157793489 0.9420861315335517 -0.0023218047762384574 -3.590027766379537 2.466200376111406e-08 0.034117236323024915 0.016911671169558707 0.01720553195664952 0.9425787297588769 0.01667113138805171 0.017446104934973217 0.023606748318522424 0.0236067483185112 2.156817857509723 2.356142572670403
