#T volume alpha alpha_xx alpha_yy alpha_zz alpha_yz alpha_zy alpha_xz alpha_zx alpha_xy alpha_yx
0.0  16.642348   0.0000e+00   6.3893e-08   6.3893e-08   6.3893e-08  -1.9548e-25  -1.9548e-25  -1.9548e-25   1.9548e-25   1.9548e-25   1.9548e-25
10.0  16.642355   3.0091e-08   3.0091e-08   3.0091e-08   3.0091e-08   6.0454e-25   6.0454e-25   6.0454e-25  -6.0454e-25  -6.0454e-25  -6.0454e-25
20.0  16.642444   3.9173e-07   3.9173e-07   3.9173e-07   3.9173e-07   1.1460e-23   1.1460e-23   1.1460e-23  -1.1460e-23  -1.1460e-23  -1.1460e-23
30.0  16.642844   1.3436e-06   1.3436e-06   1.3436e-06   1.3436e-06   3.0833e-23   3.0833e-23   3.0833e-23  -3.0833e-23  -3.0833e-23  -3.0833e-23
40.0  16.643894   2.9494e-06   2.9494e-06   2.9494e-06   2.9494e-06   7.2534e-23   7.2534e-23   7.2534e-23  -7.2534e-23  -7.2534e-23  -7.2534e-23
50.0  16.645851   4.9198e-06   4.9198e-06   4.9198e-06   4.9198e-06  -1.2871e-22  -1.2871e-22  -1.2871e-22   1.2871e-22   1.2871e-22   1.2871e-22
60.0  16.648824   6.9839e-06   6.9839e-06   6.9839e-06   6.9839e-06   1.7309e-22   1.7309e-22   1.7309e-22  -1.7309e-22  -1.7309e-22  -1.7309e-22
70.0  16.652814   8.9685e-06   8.9685e-06   8.9685e-06   8.9685e-06   2.4081e-22   2.4081e-22   2.4081e-22  -2.4081e-22  -2.4081e-22  -2.4081e-22
80.0  16.657758   1.0788e-05   1.0788e-05   1.0788e-05   1.0788e-05  -2.9003e-22  -2.9003e-22  -2.9003e-22   2.9003e-22   2.9003e-22   2.9003e-22
90.0  16.663564   1.2412e-05   1.2412e-05   1.2412e-05   1.2412e-05   1.0643e-24   1.0643e-24   1.0643e-24  -1.0643e-24  -1.0643e-24  -1.0643e-24
100.0  16.670135   1.3841e-05   1.3841e-05   1.3841e-05   1.3841e-05   2.3433e-22   2.3433e-22   2.3433e-22  -2.3433e-22  -2.3433e-22  -2.3433e-22
110.0  16.677377   1.5089e-05   1.5089e-05   1.5089e-05   1.5089e-05   3.8878e-22   3.8878e-22   3.8878e-22  -3.8878e-22  -3.8878e-22  -3.8878e-22
120.0  16.685208   1.6179e-05   1.6179e-05   1.6179e-05   1.6179e-05   5.7692e-22   5.7692e-22   5.7692e-22  -5.7692e-22  -5.7692e-22  -5.7692e-22
130.0  16.693552   1.7131e-05   1.7131e-05   1.7131e-05   1.7131e-05  -6.8255e-22  -6.8255e-22  -6.8255e-22   6.8255e-22   6.8255e-22   6.8255e-22
140.0  16.702347   1.7965e-05   1.7965e-05   1.7965e-05   1.7965e-05   6.7603e-22   6.7603e-22   6.7603e-22  -6.7603e-22  -6.7603e-22  -6.7603e-22
150.0  16.711539   1.8700e-05   1.8700e-05   1.8700e-05   1.8700e-05   6.6080e-22   6.6080e-22   6.6080e-22  -6.6080e-22  -6.6080e-22  -6.6080e-22
160.0  16.721084   1.9351e-05   1.9351e-05   1.9351e-05   1.9351e-05   7.6821e-23   7.6821e-23   7.6821e-23  -7.6821e-23  -7.6821e-23  -7.6821e-23
170.0  16.730942   1.9931e-05   1.9931e-05   1.9931e-05   1.9931e-05   5.0204e-22   5.0204e-22   5.0204e-22  -5.0204e-22  -5.0204e-22  -5.0204e-22
180.0  16.741082   2.0451e-05   2.0451e-05   2.0451e-05   2.0451e-05   3.8574e-22   3.8574e-22   3.8574e-22  -3.8574e-22  -3.8574e-22  -3.8574e-22
190.0  16.751476   2.0921e-05   2.0921e-05   2.0921e-05   2.0921e-05   5.3446e-22   5.3446e-22   5.3446e-22  -5.3446e-22  -5.3446e-22  -5.3446e-22
200.0  16.762102   2.1347e-05   2.1347e-05   2.1347e-05   2.1347e-05  -6.0795e-22  -6.0795e-22  -6.0795e-22   6.0795e-22   6.0795e-22   6.0795e-22
210.0  16.772939   2.1737e-05   2.1737e-05   2.1737e-05   2.1737e-05   3.1206e-22   3.1206e-22   3.1206e-22  -3.1206e-22  -3.1206e-22  -3.1206e-22
220.0  16.783972   2.2096e-05   2.2096e-05   2.2096e-05   2.2096e-05  -1.2954e-22  -1.2954e-22  -1.2954e-22   1.2954e-22   1.2954e-22   1.2954e-22
230.0  16.795186   2.2429e-05   2.2429e-05   2.2429e-05   2.2429e-05  -2.8628e-22  -2.8628e-22  -2.8628e-22   2.8628e-22   2.8628e-22   2.8628e-22
240.0  16.806570   2.2738e-05   2.2738e-05   2.2738e-05   2.2738e-05   4.4086e-22   4.4086e-22   4.4086e-22  -4.4086e-22  -4.4086e-22  -4.4086e-22
250.0  16.818112   2.3029e-05   2.3029e-05   2.3029e-05   2.3029e-05   2.9649e-22   2.9649e-22   2.9649e-22  -2.9649e-22  -2.9649e-22  -2.9649e-22
260.0  16.829805   2.3302e-05   2.3302e-05   2.3302e-05   2.3302e-05   6.4053e-22   6.4053e-22   6.4053e-22  -6.4053e-22  -6.4053e-22  -6.4053e-22
270.0  16.841640   2.3561e-05   2.3561e-05   2.3561e-05   2.3561e-05  -8.0983e-22  -8.0983e-22  -8.0983e-22   8.0983e-22   8.0983e-22   8.0983e-22
280.0  16.853612   2.3808e-05   2.3808e-05   2.3808e-05   2.3808e-05  -4.6335e-23  -4.6335e-23  -4.6335e-23   4.6335e-23   4.6335e-23   4.6335e-23
290.0  16.865714   2.4045e-05   2.4045e-05   2.4045e-05   2.4045e-05   2.8713e-22   2.8713e-22   2.8713e-22  -2.8713e-22  -2.8713e-22  -2.8713e-22
300.0  16.877942   2.4271e-05   2.4271e-05   2.4271e-05   2.4271e-05   8.4184e-22   8.4184e-22   8.4184e-22  -8.4184e-22  -8.4184e-22  -8.4184e-22
310.0  16.890290   2.4480e-05   2.4480e-05   2.4480e-05   2.4480e-05   5.9544e-22   5.9544e-22   5.9544e-22  -5.9544e-22  -5.9544e-22  -5.9544e-22
320.0  16.902747   2.4667e-05   2.4667e-05   2.4667e-05   2.4667e-05  -8.2264e-22  -8.2264e-22  -8.2264e-22   8.2264e-22   8.2264e-22   8.2264e-22
330.0  16.915304   2.4843e-05   2.4843e-05   2.4843e-05   2.4843e-05  -3.2669e-22  -3.2669e-22  -3.2669e-22   3.2669e-22   3.2669e-22   3.2669e-22
340.0  16.927960   2.5014e-05   2.5014e-05   2.5014e-05   2.5014e-05   6.4540e-22   6.4540e-22   6.4540e-22  -6.4540e-22  -6.4540e-22  -6.4540e-22
350.0  16.940710   2.5179e-05   2.5179e-05   2.5179e-05   2.5179e-05  -4.4403e-22  -4.4403e-22  -4.4403e-22   4.4403e-22   4.4403e-22   4.4403e-22
360.0  16.953552   2.5340e-05   2.5340e-05   2.5340e-05   2.5340e-05  -5.5706e-22  -5.5706e-22  -5.5706e-22   5.5706e-22   5.5706e-22   5.5706e-22
370.0  16.966485   2.5497e-05   2.5497e-05   2.5497e-05   2.5497e-05  -5.8514e-22  -5.8514e-22  -5.8514e-22   5.8514e-22   5.8514e-22   5.8514e-22
380.0  16.979507   2.5650e-05   2.5650e-05   2.5650e-05   2.5650e-05   2.2557e-22   2.2557e-22   2.2557e-22  -2.2557e-22  -2.2557e-22  -2.2557e-22
390.0  16.992616   2.5800e-05   2.5800e-05   2.5800e-05   2.5800e-05  -2.1936e-22  -2.1936e-22  -2.1936e-22   2.1936e-22   2.1936e-22   2.1936e-22
400.0  17.005811   2.5948e-05   2.5948e-05   2.5948e-05   2.5948e-05   6.7602e-22   6.7602e-22   6.7602e-22  -6.7602e-22  -6.7602e-22  -6.7602e-22
410.0  17.019092   2.6093e-05   2.6094e-05   2.6094e-05   2.6094e-05   8.2291e-22   8.2291e-22   8.2291e-22  -8.2291e-22  -8.2291e-22  -8.2291e-22
420.0  17.032456   2.6237e-05   2.6237e-05   2.6237e-05   2.6237e-05  -6.2526e-23  -6.2526e-23  -6.2526e-23   6.2526e-23   6.2526e-23   6.2526e-23
430.0  17.045904   2.6379e-05   2.6379e-05   2.6379e-05   2.6379e-05   4.9969e-22   4.9969e-22   4.9969e-22  -4.9969e-22  -4.9969e-22  -4.9969e-22
440.0  17.059436   2.6520e-05   2.6520e-05   2.6520e-05   2.6520e-05  -2.1530e-22  -2.1530e-22  -2.1530e-22   2.1530e-22   2.1530e-22   2.1530e-22
450.0  17.073049   2.6660e-05   2.6660e-05   2.6660e-05   2.6660e-05   2.5525e-22   2.5525e-22   2.5525e-22  -2.5525e-22  -2.5525e-22  -2.5525e-22
460.0  17.086745   2.6799e-05   2.6799e-05   2.6799e-05   2.6799e-05  -6.4404e-22  -6.4404e-22  -6.4404e-22   6.4404e-22   6.4404e-22   6.4404e-22
470.0  17.100524   2.6937e-05   2.6937e-05   2.6937e-05   2.6937e-05   5.1885e-22   5.1885e-22   5.1885e-22  -5.1885e-22  -5.1885e-22  -5.1885e-22
480.0  17.114384   2.7075e-05   2.7076e-05   2.7076e-05   2.7076e-05   1.1394e-22   1.1394e-22   1.1394e-22  -1.1394e-22  -1.1394e-22  -1.1394e-22
490.0  17.128326   2.7213e-05   2.7213e-05   2.7213e-05   2.7213e-05  -9.3889e-23  -9.3889e-23  -9.3889e-23   9.3889e-23   9.3889e-23   9.3889e-23
500.0  17.142351   2.7351e-05   2.7351e-05   2.7351e-05   2.7351e-05   5.4967e-22   5.4967e-22   5.4967e-22  -5.4967e-22  -5.4967e-22  -5.4967e-22
510.0  17.156458   2.7489e-05   2.7489e-05   2.7489e-05   2.7489e-05   7.5467e-23   7.5467e-23   7.5467e-23  -7.5467e-23  -7.5467e-23  -7.5467e-23
520.0  17.170648   2.7627e-05   2.7627e-05   2.7627e-05   2.7627e-05  -1.4327e-22  -1.4327e-22  -1.4327e-22   1.4327e-22   1.4327e-22   1.4327e-22
530.0  17.184921   2.7766e-05   2.7766e-05   2.7766e-05   2.7766e-05   2.3146e-22   2.3146e-22   2.3146e-22  -2.3146e-22  -2.3146e-22  -2.3146e-22
540.0  17.199277   2.7905e-05   2.7905e-05   2.7905e-05   2.7905e-05   4.9936e-22   4.9936e-22   4.9936e-22  -4.9936e-22  -4.9936e-22  -4.9936e-22
550.0  17.213718   2.8045e-05   2.8045e-05   2.8045e-05   2.8045e-05  -5.0590e-22  -5.0590e-22  -5.0590e-22   5.0590e-22   5.0590e-22   5.0590e-22
560.0  17.228243   2.8185e-05   2.8185e-05   2.8185e-05   2.8185e-05   2.2871e-22   2.2871e-22   2.2871e-22  -2.2871e-22  -2.2871e-22  -2.2871e-22
570.0  17.242853   2.8327e-05   2.8327e-05   2.8327e-05   2.8327e-05  -8.3853e-22  -8.3853e-22  -8.3853e-22   8.3853e-22   8.3853e-22   8.3853e-22
580.0  17.257549   2.8469e-05   2.8469e-05   2.8469e-05   2.8469e-05   1.5702e-22   1.5702e-22   1.5702e-22  -1.5702e-22  -1.5702e-22  -1.5702e-22
590.0  17.272332   2.8613e-05   2.8613e-05   2.8613e-05   2.8613e-05   2.3385e-22   2.3385e-22   2.3385e-22  -2.3385e-22  -2.3385e-22  -2.3385e-22
600.0  17.287203   2.8758e-05   2.8758e-05   2.8758e-05   2.8758e-05  -7.5336e-22  -7.5336e-22  -7.5336e-22   7.5336e-22   7.5336e-22   7.5336e-22
610.0  17.302161   2.8904e-05   2.8904e-05   2.8904e-05   2.8904e-05   4.7219e-22   4.7219e-22   4.7219e-22  -4.7219e-22  -4.7219e-22  -4.7219e-22
620.0  17.317209   2.9052e-05   2.9052e-05   2.9052e-05   2.9052e-05  -2.3715e-22  -2.3715e-22  -2.3715e-22   2.3715e-22   2.3715e-22   2.3715e-22
630.0  17.332347   2.9201e-05   2.9201e-05   2.9201e-05   2.9201e-05   8.1414e-22   8.1414e-22   8.1414e-22  -8.1414e-22  -8.1414e-22  -8.1414e-22
640.0  17.347577   2.9352e-05   2.9352e-05   2.9352e-05   2.9352e-05  -7.6906e-22  -7.6906e-22  -7.6906e-22   7.6906e-22   7.6906e-22   7.6906e-22
650.0  17.362898   2.9504e-05   2.9504e-05   2.9504e-05   2.9504e-05  -2.3844e-22  -2.3844e-22  -2.3844e-22   2.3844e-22   2.3844e-22   2.3844e-22
660.0  17.378314   2.9658e-05   2.9658e-05   2.9658e-05   2.9658e-05  -2.4339e-22  -2.4339e-22  -2.4339e-22   2.4339e-22   2.4339e-22   2.4339e-22
670.0  17.393824   2.9815e-05   2.9815e-05   2.9815e-05   2.9815e-05  -4.7314e-22  -4.7314e-22  -4.7314e-22   4.7314e-22   4.7314e-22   4.7314e-22
680.0  17.409429   2.9973e-05   2.9973e-05   2.9973e-05   2.9973e-05   2.2747e-22   2.2747e-22   2.2747e-22  -2.2747e-22  -2.2747e-22  -2.2747e-22
690.0  17.425133   3.0133e-05   3.0133e-05   3.0133e-05   3.0133e-05  -9.1008e-23  -9.1008e-23  -9.1008e-23   9.1008e-23   9.1008e-23   9.1008e-23
700.0  17.440934   3.0296e-05   3.0296e-05   3.0296e-05   3.0296e-05   5.6199e-22   5.6199e-22   5.6199e-22  -5.6199e-22  -5.6199e-22  -5.6199e-22
710.0  17.456836   3.0461e-05   3.0461e-05   3.0461e-05   3.0461e-05   4.8979e-22   4.8979e-22   4.8979e-22  -4.8979e-22  -4.8979e-22  -4.8979e-22
720.0  17.472840   3.0628e-05   3.0628e-05   3.0628e-05   3.0628e-05  -1.0968e-21  -1.0968e-21  -1.0968e-21   1.0968e-21   1.0968e-21   1.0968e-21
730.0  17.488946   3.0798e-05   3.0798e-05   3.0798e-05   3.0798e-05  -1.1631e-22  -1.1631e-22  -1.1631e-22   1.1631e-22   1.1631e-22   1.1631e-22
740.0  17.505158   3.0970e-05   3.0970e-05   3.0970e-05   3.0970e-05  -1.2750e-21  -1.2750e-21  -1.2750e-21   1.2750e-21   1.2750e-21   1.2750e-21
750.0  17.521475   3.1145e-05   3.1145e-05   3.1145e-05   3.1145e-05   5.2221e-23   5.2221e-23   5.2221e-23  -5.2221e-23  -5.2221e-23  -5.2221e-23
760.0  17.537901   3.1323e-05   3.1323e-05   3.1323e-05   3.1323e-05  -1.4072e-21  -1.4072e-21  -1.4072e-21   1.4072e-21   1.4072e-21   1.4072e-21
770.0  17.554437   3.1504e-05   3.1504e-05   3.1504e-05   3.1504e-05  -1.5972e-21  -1.5972e-21  -1.5972e-21   1.5972e-21   1.5972e-21   1.5972e-21
780.0  17.571084   3.1689e-05   3.1688e-05   3.1688e-05   3.1688e-05  -8.1809e-22  -8.1809e-22  -8.1809e-22   8.1809e-22   8.1809e-22   8.1809e-22
790.0  17.587846   3.1876e-05   3.1876e-05   3.1876e-05   3.1876e-05   6.1869e-22   6.1869e-22   6.1869e-22  -6.1869e-22  -6.1869e-22  -6.1869e-22
800.0  17.604723   3.2066e-05   3.2066e-05   3.2066e-05   3.2066e-05  -1.4310e-21  -1.4310e-21  -1.4310e-21   1.4310e-21   1.4310e-21   1.4310e-21
810.0  17.621718   3.2261e-05   3.2260e-05   3.2260e-05   3.2260e-05   7.5880e-22   7.5880e-22   7.5880e-22  -7.5880e-22  -7.5880e-22  -7.5880e-22
820.0  17.638833   3.2458e-05   3.2458e-05   3.2458e-05   3.2458e-05   8.4776e-22   8.4776e-22   8.4776e-22  -8.4776e-22  -8.4776e-22  -8.4776e-22
830.0  17.656070   3.2660e-05   3.2660e-05   3.2660e-05   3.2660e-05   7.5336e-23   7.5336e-23   7.5336e-23  -7.5336e-23  -7.5336e-23  -7.5336e-23
840.0  17.673432   3.2865e-05   3.2865e-05   3.2865e-05   3.2865e-05  -1.5250e-21  -1.5250e-21  -1.5250e-21   1.5250e-21   1.5250e-21   1.5250e-21
850.0  17.690921   3.3074e-05   3.3074e-05   3.3074e-05   3.3074e-05   1.6915e-21   1.6915e-21   1.6915e-21  -1.6915e-21  -1.6915e-21  -1.6915e-21
860.0  17.708540   3.3288e-05   3.3288e-05   3.3288e-05   3.3288e-05  -1.5695e-21  -1.5695e-21  -1.5695e-21   1.5695e-21   1.5695e-21   1.5695e-21
870.0  17.726291   3.3506e-05   3.3506e-05   3.3506e-05   3.3506e-05  -6.6334e-22  -6.6334e-22  -6.6334e-22   6.6334e-22   6.6334e-22   6.6334e-22
880.0  17.744177   3.3729e-05   3.3729e-05   3.3729e-05   3.3729e-05  -1.5947e-21  -1.5947e-21  -1.5947e-21   1.5947e-21   1.5947e-21   1.5947e-21
890.0  17.762201   3.3956e-05   3.3956e-05   3.3956e-05   3.3956e-05  -1.0706e-21  -1.0706e-21  -1.0706e-21   1.0706e-21   1.0706e-21   1.0706e-21
900.0  17.780366   3.4188e-05   3.4188e-05   3.4188e-05   3.4188e-05   1.2599e-21   1.2599e-21   1.2599e-21  -1.2599e-21  -1.2599e-21  -1.2599e-21
910.0  17.798675   3.4425e-05   3.4425e-05   3.4425e-05   3.4425e-05  -8.4324e-22  -8.4324e-22  -8.4324e-22   8.4324e-22   8.4324e-22   8.4324e-22
920.0  17.817131   3.4669e-05   3.4669e-05   3.4669e-05   3.4669e-05   5.2102e-22   5.2102e-22   5.2102e-22  -5.2102e-22  -5.2102e-22  -5.2102e-22
930.0  17.835737   3.4913e-05   3.4913e-05   3.4913e-05   3.4913e-05  -7.2244e-23  -7.2244e-23  -7.2244e-23   7.2244e-23   7.2244e-23   7.2244e-23
940.0  17.854492   3.5150e-05   3.5150e-05   3.5150e-05   3.5150e-05  -2.1450e-22  -2.1450e-22  -2.1450e-22   2.1450e-22   2.1450e-22   2.1450e-22
