#T volume alpha alpha_xx alpha_yy alpha_zz alpha_yz alpha_zy alpha_xz alpha_zx alpha_xy alpha_yx
0.0  10.991042   0.0000e+00   2.7494e-08   2.7494e-08   2.7494e-08   5.1647e-25   5.1647e-25   5.1647e-25  -5.1647e-25  -5.1647e-25  -5.1647e-25
10.0  10.991044   1.0654e-08   1.0654e-08   1.0654e-08   1.0654e-08  -3.3966e-25   9.2059e-25  -3.3966e-25   9.5030e-25   9.5030e-25   9.5030e-25
20.0  10.991064   1.3218e-07   1.3218e-07   1.3218e-07   1.3218e-07  -1.4640e-24   1.1199e-23  -1.4640e-24   1.4985e-23   1.4985e-23   1.4985e-23
30.0  10.991164   5.5002e-07   5.5002e-07   5.5002e-07   5.5002e-07  -3.8321e-23   6.9439e-23  -3.8321e-23   3.7380e-23   3.7380e-23   3.7380e-23
40.0  10.991474   1.3956e-06   1.3956e-06   1.3956e-06   1.3956e-06   1.1903e-23   1.1903e-23   1.1903e-23  -1.1903e-23  -1.1903e-23  -1.1903e-23
50.0  10.992117   2.5349e-06   2.5349e-06   2.5349e-06   2.5349e-06  -7.6713e-23  -7.6713e-23  -7.6713e-23   7.6713e-23   7.6713e-23   7.6713e-23
60.0  10.993157   3.7746e-06   3.7746e-06   3.7746e-06   3.7746e-06   1.4848e-23   1.4848e-23   1.4848e-23  -1.4848e-23  -1.4848e-23  -1.4848e-23
70.0  10.994603   4.9822e-06   4.9822e-06   4.9822e-06   4.9822e-06   1.0816e-22   1.0816e-22   1.0816e-22  -1.0816e-22  -1.0816e-22  -1.0816e-22
80.0  10.996432   6.0908e-06   6.0908e-06   6.0908e-06   6.0908e-06   1.0340e-22   1.0340e-22   1.0340e-22  -1.0340e-22  -1.0340e-22  -1.0340e-22
90.0  10.998608   7.0766e-06   7.0766e-06   7.0766e-06   7.0766e-06  -1.0594e-22  -1.0594e-22  -1.0594e-22   1.0594e-22   1.0594e-22   1.0594e-22
100.0  11.001089   7.9388e-06   7.9388e-06   7.9388e-06   7.9388e-06   3.9151e-22   3.9151e-22   3.9151e-22  -3.9151e-22  -3.9151e-22  -3.9151e-22
110.0  11.003836   8.6872e-06   8.6872e-06   8.6872e-06   8.6872e-06  -3.8676e-22  -3.8676e-22  -3.8676e-22   3.8676e-22   3.8676e-22   3.8676e-22
120.0  11.006813   9.3356e-06   9.3356e-06   9.3356e-06   9.3356e-06  -2.8997e-22  -2.8997e-22  -2.8997e-22   2.8997e-22   2.8997e-22   2.8997e-22
130.0  11.009992   9.8979e-06   9.8979e-06   9.8979e-06   9.8979e-06   2.9287e-22   2.9287e-22   2.9287e-22  -2.9287e-22  -2.9287e-22  -2.9287e-22
140.0  11.013344   1.0387e-05   1.0387e-05   1.0387e-05   1.0387e-05  -1.7886e-23  -1.7886e-23  -1.7886e-23   1.7886e-23   1.7886e-23   1.7886e-23
150.0  11.016849   1.0815e-05   1.0815e-05   1.0815e-05   1.0815e-05  -4.0124e-22  -4.0124e-22  -4.0124e-22   4.0124e-22   4.0124e-22   4.0124e-22
160.0  11.020488   1.1192e-05   1.1192e-05   1.1192e-05   1.1192e-05   5.5064e-23   5.5064e-23   5.5064e-23  -5.5064e-23  -5.5064e-23  -5.5064e-23
170.0  11.024245   1.1525e-05   1.1525e-05   1.1525e-05   1.1525e-05   2.8722e-22   2.8722e-22   2.8722e-22  -2.8722e-22  -2.8722e-22  -2.8722e-22
180.0  11.028107   1.1822e-05   1.1822e-05   1.1822e-05   1.1822e-05  -1.4467e-22  -1.4467e-22  -1.4467e-22   1.4467e-22   1.4467e-22   1.4467e-22
190.0  11.032064   1.2088e-05   1.2088e-05   1.2088e-05   1.2088e-05   4.2082e-22   4.2082e-22   4.2082e-22  -4.2082e-22  -4.2082e-22  -4.2082e-22
200.0  11.036105   1.2327e-05   1.2327e-05   1.2327e-05   1.2327e-05  -2.3706e-22  -2.3706e-22  -2.3706e-22   2.3706e-22   2.3706e-22   2.3706e-22
210.0  11.040224   1.2545e-05   1.2545e-05   1.2545e-05   1.2545e-05   1.9924e-22   1.9924e-22   1.9924e-22  -1.9924e-22  -1.9924e-22  -1.9924e-22
220.0  11.044413   1.2743e-05   1.2743e-05   1.2743e-05   1.2743e-05   3.9524e-22   3.9524e-22   3.9524e-22  -3.9524e-22  -3.9524e-22  -3.9524e-22
230.0  11.048667   1.2924e-05   1.2924e-05   1.2924e-05   1.2924e-05  -3.3886e-22  -3.3886e-22  -3.3886e-22   3.3886e-22   3.3886e-22   3.3886e-22
240.0  11.052979   1.3088e-05   1.3088e-05   1.3088e-05   1.3088e-05   1.1257e-23   1.1257e-23   1.1257e-23  -1.1257e-23  -1.1257e-23  -1.1257e-23
250.0  11.057345   1.3238e-05   1.3238e-05   1.3238e-05   1.3238e-05  -1.8596e-22  -1.8596e-22  -1.8596e-22   1.8596e-22   1.8596e-22   1.8596e-22
260.0  11.061760   1.3375e-05   1.3375e-05   1.3375e-05   1.3375e-05   2.2260e-22   2.2260e-22   2.2260e-22  -2.2260e-22  -2.2260e-22  -2.2260e-22
270.0  11.066221   1.3503e-05   1.3503e-05   1.3503e-05   1.3503e-05  -1.5591e-22  -1.5591e-22  -1.5591e-22   1.5591e-22   1.5591e-22   1.5591e-22
280.0  11.070725   1.3623e-05   1.3623e-05   1.3623e-05   1.3623e-05  -4.1056e-22  -4.1056e-22  -4.1056e-22   4.1056e-22   4.1056e-22   4.1056e-22
290.0  11.075269   1.3736e-05   1.3736e-05   1.3736e-05   1.3736e-05  -1.0991e-21   1.5988e-21  -1.0991e-21   1.4442e-21   1.4442e-21   1.4442e-21
300.0  11.079852   1.3842e-05   1.3842e-05   1.3842e-05   1.3842e-05   3.6759e-22   3.6759e-22   3.6759e-22  -3.6759e-22  -3.6759e-22  -3.6759e-22
310.0  11.084471   1.3943e-05   1.3943e-05   1.3943e-05   1.3943e-05   1.2748e-22   1.1728e-21   1.2748e-22   1.0439e-21   1.0439e-21   1.0439e-21
320.0  11.089124   1.4039e-05   1.4039e-05   1.4039e-05   1.4039e-05   2.8139e-22   2.8139e-22   2.8139e-22  -2.8139e-22  -2.8139e-22  -2.8139e-22
330.0  11.093811   1.4130e-05   1.4131e-05   1.4131e-05   1.4131e-05  -1.7328e-22  -1.7328e-22  -1.7328e-22   1.7328e-22   1.7328e-22   1.7328e-22
340.0  11.098529   1.4218e-05   1.4218e-05   1.4218e-05   1.4218e-05  -1.6969e-21   1.0978e-21  -1.6969e-21   1.1466e-21   1.1466e-21   1.1466e-21
350.0  11.103279   1.4303e-05   1.4303e-05   1.4303e-05   1.4303e-05   1.5508e-22   1.5508e-22   1.5508e-22  -1.5508e-22  -1.5508e-22  -1.5508e-22
360.0  11.108057   1.4384e-05   1.4384e-05   1.4384e-05   1.4384e-05  -3.9827e-22   1.5828e-21  -3.9827e-22   1.5253e-21   1.5253e-21   1.5253e-21
370.0  11.112865   1.4462e-05   1.4462e-05   1.4462e-05   1.4462e-05   2.2127e-22   2.2127e-22   2.2127e-22  -2.2127e-22  -2.2127e-22  -2.2127e-22
380.0  11.117700   1.4538e-05   1.4538e-05   1.4538e-05   1.4538e-05  -3.7142e-23  -3.7142e-23  -3.7142e-23   3.7142e-23   3.7142e-23   3.7142e-23
390.0  11.122563   1.4612e-05   1.4612e-05   1.4612e-05   1.4612e-05   3.0240e-22   3.0240e-22   3.0240e-22  -3.0240e-22  -3.0240e-22  -3.0240e-22
400.0  11.127452   1.4684e-05   1.4684e-05   1.4684e-05   1.4684e-05   2.8320e-22   1.4779e-21   2.8320e-22   1.6606e-21   1.6606e-21   1.6606e-21
410.0  11.132366   1.4754e-05   1.4754e-05   1.4754e-05   1.4754e-05  -2.0980e-22  -2.0980e-22  -2.0980e-22   2.0980e-22   2.0980e-22   2.0980e-22
420.0  11.137306   1.4823e-05   1.4823e-05   1.4823e-05   1.4823e-05  -3.3935e-22  -3.3935e-22  -3.3935e-22   3.3935e-22   3.3935e-22   3.3935e-22
430.0  11.142271   1.4890e-05   1.4890e-05   1.4890e-05   1.4890e-05  -4.5827e-23  -4.5827e-23  -4.5827e-23   4.5827e-23   4.5827e-23   4.5827e-23
440.0  11.147260   1.4955e-05   1.4955e-05   1.4955e-05   1.4955e-05  -3.9987e-22  -3.9987e-22  -3.9987e-22   3.9987e-22   3.9987e-22   3.9987e-22
450.0  11.152274   1.5020e-05   1.5020e-05   1.5020e-05   1.5020e-05  -3.1543e-22  -3.1543e-22  -3.1543e-22   3.1543e-22   3.1543e-22   3.1543e-22
460.0  11.157310   1.5083e-05   1.5083e-05   1.5083e-05   1.5083e-05   6.0127e-23   6.0127e-23   6.0127e-23  -6.0127e-23  -6.0127e-23  -6.0127e-23
470.0  11.162371   1.5146e-05   1.5146e-05   1.5146e-05   1.5146e-05  -1.5110e-21   1.4717e-21  -1.5110e-21   1.7137e-21   1.7137e-21   1.7137e-21
480.0  11.167454   1.5207e-05   1.5207e-05   1.5207e-05   1.5207e-05  -1.4974e-21   1.4979e-21  -1.4974e-21   1.6938e-21   1.6938e-21   1.6938e-21
490.0  11.172560   1.5268e-05   1.5268e-05   1.5268e-05   1.5268e-05  -3.9189e-22  -3.9189e-22  -3.9189e-22   3.9189e-22   3.9189e-22   3.9189e-22
500.0  11.177689   1.5328e-05   1.5329e-05   1.5329e-05   1.5329e-05  -6.2269e-22   7.0332e-22  -6.2269e-22   8.0672e-22   8.0672e-22   8.0672e-22
510.0  11.182840   1.5388e-05   1.5388e-05   1.5388e-05   1.5388e-05  -7.0431e-22  -7.0431e-22  -7.0431e-22   7.0431e-22   7.0431e-22   7.0431e-22
520.0  11.188014   1.5447e-05   1.5447e-05   1.5447e-05   1.5447e-05  -3.8095e-22   9.6936e-22  -3.8095e-22   2.2469e-21   2.2469e-21   2.2469e-21
530.0  11.193210   1.5506e-05   1.5506e-05   1.5506e-05   1.5506e-05  -2.2280e-21   8.2834e-22  -2.2280e-21   6.9985e-22   6.9985e-22   6.9985e-22
540.0  11.198427   1.5564e-05   1.5564e-05   1.5564e-05   1.5564e-05  -8.2805e-22   2.2403e-21  -8.2805e-22   9.8796e-22   9.8796e-22   9.8796e-22
550.0  11.203667   1.5621e-05   1.5621e-05   1.5621e-05   1.5621e-05  -2.9456e-22  -2.9456e-22  -2.9456e-22   2.9456e-22   2.9456e-22   2.9456e-22
560.0  11.208928   1.5679e-05   1.5679e-05   1.5679e-05   1.5679e-05  -4.5852e-22  -4.5852e-22  -4.5852e-22   4.5852e-22   4.5852e-22   4.5852e-22
570.0  11.214211   1.5736e-05   1.5736e-05   1.5736e-05   1.5736e-05  -3.6041e-22   1.0492e-21  -3.6041e-22   2.1967e-21   2.1967e-21   2.1967e-21
580.0  11.219516   1.5793e-05   1.5793e-05   1.5793e-05   1.5793e-05   7.1574e-22   2.1371e-21   7.1574e-22   1.1147e-21   1.1147e-21   1.1147e-21
590.0  11.224843   1.5849e-05   1.5849e-05   1.5849e-05   1.5849e-05  -1.7409e-22  -1.7409e-22  -1.7409e-22   1.7409e-22   1.7409e-22   1.7409e-22
600.0  11.230191   1.5906e-05   1.5906e-05   1.5906e-05   1.5906e-05   2.9714e-22   2.9714e-22   2.9714e-22  -2.9714e-22  -2.9714e-22  -2.9714e-22
610.0  11.235560   1.5962e-05   1.5962e-05   1.5962e-05   1.5962e-05  -9.5818e-23  -9.5818e-23  -9.5818e-23   9.5818e-23   9.5818e-23   9.5818e-23
620.0  11.240951   1.6018e-05   1.6018e-05   1.6018e-05   1.6018e-05  -2.2425e-22  -2.2425e-22  -2.2425e-22   2.2425e-22   2.2425e-22   2.2425e-22
630.0  11.246364   1.6074e-05   1.6074e-05   1.6074e-05   1.6074e-05  -2.7923e-22  -2.7923e-22  -2.7923e-22   2.7923e-22   2.7923e-22   2.7923e-22
640.0  11.251798   1.6130e-05   1.6130e-05   1.6130e-05   1.6130e-05  -4.8087e-22  -4.8087e-22  -4.8087e-22   4.8087e-22   4.8087e-22   4.8087e-22
650.0  11.257253   1.6186e-05   1.6186e-05   1.6186e-05   1.6186e-05  -2.4267e-22  -2.4267e-22  -2.4267e-22   2.4267e-22   2.4267e-22   2.4267e-22
660.0  11.262730   1.6242e-05   1.6242e-05   1.6242e-05   1.6242e-05  -8.1319e-22  -8.1319e-22  -8.1319e-22   8.1319e-22   8.1319e-22   8.1319e-22
670.0  11.268229   1.6298e-05   1.6298e-05   1.6298e-05   1.6298e-05  -8.3010e-22   2.3897e-21  -8.3010e-22   9.1428e-22   9.1428e-22   9.1428e-22
680.0  11.273749   1.6354e-05   1.6354e-05   1.6354e-05   1.6354e-05  -8.1221e-22  -8.1221e-22  -8.1221e-22   8.1221e-22   8.1221e-22   8.1221e-22
690.0  11.279291   1.6410e-05   1.6410e-05   1.6410e-05   1.6410e-05  -8.3869e-22  -8.3869e-22  -8.3869e-22   8.3869e-22   8.3869e-22   8.3869e-22
700.0  11.284855   1.6466e-05   1.6466e-05   1.6466e-05   1.6466e-05  -4.0370e-22  -4.0370e-22  -4.0370e-22   4.0370e-22   4.0370e-22   4.0370e-22
710.0  11.290441   1.6523e-05   1.6523e-05   1.6523e-05   1.6523e-05  -1.6686e-22  -1.6686e-22  -1.6686e-22   1.6686e-22   1.6686e-22   1.6686e-22
720.0  11.296048   1.6579e-05   1.6579e-05   1.6579e-05   1.6579e-05   3.2881e-23   3.2881e-23   3.2881e-23  -3.2881e-23  -3.2881e-23  -3.2881e-23
730.0  11.301677   1.6636e-05   1.6636e-05   1.6636e-05   1.6636e-05  -9.8380e-23  -9.8380e-23  -9.8380e-23   9.8380e-23   9.8380e-23   9.8380e-23
740.0  11.307329   1.6692e-05   1.6692e-05   1.6692e-05   1.6692e-05  -9.0902e-22   2.3924e-21  -9.0902e-22   9.5237e-22   9.5237e-22   9.5237e-22
750.0  11.313002   1.6749e-05   1.6749e-05   1.6749e-05   1.6749e-05  -5.7363e-22   1.0455e-21  -5.7363e-22   2.3052e-21   2.3052e-21   2.3052e-21
760.0  11.318698   1.6806e-05   1.6806e-05   1.6806e-05   1.6806e-05   1.7788e-23   1.7788e-23   1.7788e-23  -1.7788e-23  -1.7788e-23  -1.7788e-23
770.0  11.324416   1.6863e-05   1.6863e-05   1.6863e-05   1.6863e-05  -2.9945e-23   1.6129e-21  -2.9945e-23   1.7496e-21   1.7496e-21   1.7496e-21
780.0  11.330156   1.6921e-05   1.6921e-05   1.6921e-05   1.6921e-05  -5.8600e-23   1.5962e-21  -5.8600e-23   1.7723e-21   1.7723e-21   1.7723e-21
790.0  11.335918   1.6978e-05   1.6978e-05   1.6978e-05   1.6978e-05  -2.2450e-22   1.4423e-21  -2.2450e-22   1.9322e-21   1.9322e-21   1.9322e-21
800.0  11.341704   1.7036e-05   1.7036e-05   1.7036e-05   1.7036e-05  -5.4797e-22  -5.4797e-22  -5.4797e-22   5.4797e-22   5.4797e-22   5.4797e-22
810.0  11.347512   1.7094e-05   1.7094e-05   1.7094e-05   1.7094e-05   4.3490e-22   4.3490e-22   4.3490e-22  -4.3490e-22  -4.3490e-22  -4.3490e-22
820.0  11.353343   1.7153e-05   1.7153e-05   1.7153e-05   1.7153e-05  -1.8797e-21   1.5175e-21  -1.8797e-21   1.8752e-21   1.8752e-21   1.8752e-21
830.0  11.359196   1.7212e-05   1.7212e-05   1.7212e-05   1.7212e-05  -7.1437e-22   1.0009e-21  -7.1437e-22   2.3978e-21   2.3978e-21   2.3978e-21
840.0  11.365073   1.7271e-05   1.7271e-05   1.7271e-05   1.7271e-05   3.8961e-24   3.8961e-24   3.8961e-24  -3.8961e-24  -3.8961e-24  -3.8961e-24
850.0  11.370973   1.7330e-05   1.7330e-05   1.7330e-05   1.7330e-05  -3.4241e-23  -3.4241e-23  -3.4241e-23   3.4241e-23   3.4241e-23   3.4241e-23
860.0  11.376897   1.7390e-05   1.7390e-05   1.7390e-05   1.7390e-05  -1.7067e-22  -1.7067e-22  -1.7067e-22   1.7067e-22   1.7067e-22   1.7067e-22
870.0  11.382844   1.7450e-05   1.7450e-05   1.7450e-05   1.7450e-05  -2.2609e-22  -2.2609e-22  -2.2609e-22   2.2609e-22   2.2609e-22   2.2609e-22
880.0  11.388815   1.7510e-05   1.7510e-05   1.7510e-05   1.7510e-05  -3.6509e-22  -3.6509e-22  -3.6509e-22   3.6509e-22   3.6509e-22   3.6509e-22
890.0  11.394809   1.7571e-05   1.7571e-05   1.7571e-05   1.7571e-05   4.3108e-22   4.3108e-22   4.3108e-22  -4.3108e-22  -4.3108e-22  -4.3108e-22
900.0  11.400828   1.7632e-05   1.7632e-05   1.7632e-05   1.7632e-05   1.3165e-22   1.3165e-22   1.3165e-22  -1.3165e-22  -1.3165e-22  -1.3165e-22
910.0  11.406871   1.7694e-05   1.7694e-05   1.7694e-05   1.7694e-05   7.5639e-22   7.5639e-22   7.5639e-22  -7.5639e-22  -7.5639e-22  -7.5639e-22
920.0  11.412938   1.7756e-05   1.7756e-05   1.7756e-05   1.7756e-05   6.9303e-22   6.9303e-22   6.9303e-22  -6.9303e-22  -6.9303e-22  -6.9303e-22
930.0  11.419030   1.7819e-05   1.7819e-05   1.7819e-05   1.7819e-05  -6.6589e-23  -6.6589e-23  -6.6589e-23   6.6589e-23   6.6589e-23   6.6589e-23
940.0  11.425146   1.7882e-05   1.7881e-05   1.7881e-05   1.7881e-05  -2.7354e-22  -2.7354e-22  -2.7354e-22   2.7354e-22   2.7354e-22   2.7354e-22
950.0  11.431288   1.7945e-05   1.7945e-05   1.7945e-05   1.7945e-05  -1.4709e-22  -1.4709e-22  -1.4709e-22   1.4709e-22   1.4709e-22   1.4709e-22
960.0  11.437454   1.8009e-05   1.8009e-05   1.8009e-05   1.8009e-05   6.7658e-22   6.7658e-22   6.7658e-22  -6.7658e-22  -6.7658e-22  -6.7658e-22
970.0  11.443646   1.8073e-05   1.8073e-05   1.8073e-05   1.8073e-05  -4.9283e-22   1.4020e-21  -4.9283e-22   2.0865e-21   2.0865e-21   2.0865e-21
980.0  11.449864   1.8138e-05   1.8138e-05   1.8138e-05   1.8138e-05  -5.6623e-22  -5.6623e-22  -5.6623e-22   5.6623e-22   5.6623e-22   5.6623e-22
990.0  11.456107   1.8204e-05   1.8204e-05   1.8204e-05   1.8204e-05  -1.1444e-22  -1.1444e-22  -1.1444e-22   1.1444e-22   1.1444e-22   1.1444e-22
1000.0  11.462377   1.8270e-05   1.8270e-05   1.8270e-05   1.8270e-05   3.5367e-22   3.5367e-22   3.5367e-22  -3.5367e-22  -3.5367e-22  -3.5367e-22
1010.0  11.468672   1.8336e-05   1.8336e-05   1.8336e-05   1.8336e-05   6.4577e-23   6.4577e-23   6.4577e-23  -6.4577e-23  -6.4577e-23  -6.4577e-23
1020.0  11.474994   1.8404e-05   1.8404e-05   1.8404e-05   1.8404e-05   1.0436e-22   2.0681e-21   1.0436e-22   1.4549e-21   1.4549e-21   1.4549e-21
1030.0  11.481343   1.8471e-05   1.8471e-05   1.8471e-05   1.8471e-05   4.5616e-22   4.5616e-22   4.5616e-22  -4.5616e-22  -4.5616e-22  -4.5616e-22
1040.0  11.487719   1.8540e-05   1.8540e-05   1.8540e-05   1.8540e-05  -1.8683e-21   1.8179e-21  -1.8683e-21   1.7193e-21   1.7193e-21   1.7193e-21
1050.0  11.494122   1.8609e-05   1.8609e-05   1.8609e-05   1.8609e-05   7.8671e-22   7.8671e-22   7.8671e-22  -7.8671e-22  -7.8671e-22  -7.8671e-22
1060.0  11.500553   1.8679e-05   1.8679e-05   1.8679e-05   1.8679e-05  -6.9216e-22  -6.9216e-22  -6.9216e-22   6.9216e-22   6.9216e-22   6.9216e-22
1070.0  11.507011   1.8749e-05   1.8749e-05   1.8749e-05   1.8749e-05  -5.0147e-22  -5.0147e-22  -5.0147e-22   5.0147e-22   5.0147e-22   5.0147e-22
1080.0  11.513497   1.8820e-05   1.8820e-05   1.8820e-05   1.8820e-05   2.4890e-22   2.4890e-22   2.4890e-22  -2.4890e-22  -2.4890e-22  -2.4890e-22
1090.0  11.520012   1.8892e-05   1.8892e-05   1.8892e-05   1.8892e-05  -2.1817e-22  -2.1817e-22  -2.1817e-22   2.1817e-22   2.1817e-22   2.1817e-22
1100.0  11.526556   1.8965e-05   1.8964e-05   1.8964e-05   1.8964e-05   1.1485e-22   1.1485e-22   1.1485e-22  -1.1485e-22  -1.1485e-22  -1.1485e-22
1110.0  11.533128   1.9038e-05   1.9038e-05   1.9038e-05   1.9038e-05   4.2078e-22   4.2078e-22   4.2078e-22  -4.2078e-22  -4.2078e-22  -4.2078e-22
1120.0  11.539730   1.9112e-05   1.9112e-05   1.9112e-05   1.9112e-05  -2.5988e-23  -2.5988e-23  -2.5988e-23   2.5988e-23   2.5988e-23   2.5988e-23
1130.0  11.546361   1.9187e-05   1.9187e-05   1.9187e-05   1.9187e-05  -2.4018e-22  -2.4018e-22  -2.4018e-22   2.4018e-22   2.4018e-22   2.4018e-22
1140.0  11.553022   1.9263e-05   1.9262e-05   1.9262e-05   1.9262e-05   4.1001e-22   4.1001e-22   4.1001e-22  -4.1001e-22  -4.1001e-22  -4.1001e-22
1150.0  11.559714   1.9339e-05   1.9339e-05   1.9339e-05   1.9339e-05   6.7518e-22   6.7518e-22   6.7518e-22  -6.7518e-22  -6.7518e-22  -6.7518e-22
1160.0  11.566436   1.9417e-05   1.9416e-05   1.9416e-05   1.9416e-05  -3.4618e-22  -3.4618e-22  -3.4618e-22   3.4618e-22   3.4618e-22   3.4618e-22
1170.0  11.573188   1.9495e-05   1.9495e-05   1.9495e-05   1.9495e-05   5.1932e-22   5.1932e-22   5.1932e-22  -5.1932e-22  -5.1932e-22  -5.1932e-22
1180.0  11.579973   1.9574e-05   1.9574e-05   1.9574e-05   1.9574e-05   1.6265e-22   1.6265e-22   1.6265e-22  -1.6265e-22  -1.6265e-22  -1.6265e-22
1190.0  11.586789   1.9654e-05   1.9654e-05   1.9654e-05   1.9654e-05   8.7647e-23   8.7647e-23   8.7647e-23  -8.7647e-23  -8.7647e-23  -8.7647e-23
1200.0  11.593637   1.9735e-05   1.9735e-05   1.9735e-05   1.9735e-05   2.7589e-22   2.7589e-22   2.7589e-22  -2.7589e-22  -2.7589e-22  -2.7589e-22
1210.0  11.600517   1.9818e-05   1.9818e-05   1.9818e-05   1.9818e-05   6.8808e-22   6.8808e-22   6.8808e-22  -6.8808e-22  -6.8808e-22  -6.8808e-22
1220.0  11.607430   1.9901e-05   1.9901e-05   1.9901e-05   1.9901e-05   5.2601e-23   5.2601e-23   5.2601e-23  -5.2601e-23  -5.2601e-23  -5.2601e-23
1230.0  11.614377   1.9985e-05   1.9985e-05   1.9985e-05   1.9985e-05   6.2032e-22   1.2203e-21   6.2032e-22   2.4678e-21   2.4678e-21   2.4678e-21
1240.0  11.621357   2.0070e-05   2.0070e-05   2.0070e-05   2.0070e-05  -3.6109e-22  -3.6109e-22  -3.6109e-22   3.6109e-22   3.6109e-22   3.6109e-22
1250.0  11.628372   2.0157e-05   2.0157e-05   2.0157e-05   2.0157e-05  -5.4738e-22  -5.4738e-22  -5.4738e-22   5.4738e-22   5.4738e-22   5.4738e-22
1260.0  11.635421   2.0244e-05   2.0244e-05   2.0244e-05   2.0244e-05   3.5058e-22   3.5058e-22   3.5058e-22  -3.5058e-22  -3.5058e-22  -3.5058e-22
1270.0  11.642505   2.0333e-05   2.0333e-05   2.0333e-05   2.0333e-05   1.8371e-22   1.8371e-22   1.8371e-22  -1.8371e-22  -1.8371e-22  -1.8371e-22
1280.0  11.649624   2.0423e-05   2.0423e-05   2.0423e-05   2.0423e-05  -4.2385e-22   1.9617e-21  -4.2385e-22   1.7722e-21   1.7722e-21   1.7722e-21
1290.0  11.656780   2.0514e-05   2.0514e-05   2.0514e-05   2.0514e-05  -7.9299e-22  -7.9299e-22  -7.9299e-22   7.9299e-22   7.9299e-22   7.9299e-22
1300.0  11.663972   2.0606e-05   2.0606e-05   2.0606e-05   2.0606e-05  -1.0560e-22  -1.0560e-22  -1.0560e-22   1.0560e-22   1.0560e-22   1.0560e-22
1310.0  11.671201   2.0700e-05   2.0700e-05   2.0700e-05   2.0700e-05   5.0981e-22   5.0981e-22   5.0981e-22  -5.0981e-22  -5.0981e-22  -5.0981e-22
1320.0  11.678467   2.0787e-05   2.0787e-05   2.0787e-05   2.0787e-05   6.5480e-22   6.5480e-22   6.5480e-22  -6.5480e-22  -6.5480e-22  -6.5480e-22
1330.0  11.685765   2.0860e-05   2.0860e-05   2.0860e-05   2.0860e-05  -2.7976e-21   1.3736e-21  -2.7976e-21   2.4060e-21   2.4060e-21   2.4060e-21
1340.0  11.693092   2.0924e-05   2.0924e-05   2.0924e-05   2.0924e-05   7.0224e-22   1.4991e-21   7.0224e-22   2.2875e-21   2.2875e-21   2.2875e-21
1350.0  11.700445   2.0988e-05   2.0988e-05   2.0988e-05   2.0988e-05  -5.5141e-22  -5.5141e-22  -5.5141e-22   5.5141e-22   5.5141e-22   5.5141e-22
1360.0  11.707826   2.1053e-05   2.1053e-05   2.1053e-05   2.1053e-05  -7.0369e-23  -7.0369e-23  -7.0369e-23   7.0369e-23   7.0369e-23   7.0369e-23
1370.0  11.715234   2.1118e-05   2.1118e-05   2.1118e-05   2.1118e-05  -3.3147e-22  -3.3147e-22  -3.3147e-22   3.3147e-22   3.3147e-22   3.3147e-22
1380.0  11.722670   2.1184e-05   2.1184e-05   2.1184e-05   2.1184e-05   7.5559e-22   1.6081e-21   7.5559e-22   2.2063e-21   2.2063e-21   2.2063e-21
1390.0  11.730135   2.1251e-05   2.1251e-05   2.1251e-05   2.1251e-05  -1.3752e-21   2.8796e-21  -1.3752e-21   2.6359e-21   2.6359e-21   2.6359e-21
1400.0  11.737627   2.1318e-05   2.1319e-05   2.1319e-05   2.1319e-05  -6.8967e-22  -6.8967e-22  -6.8967e-22   6.8967e-22   6.8967e-22   6.8967e-22
1410.0  11.745148   2.1387e-05   2.1387e-05   2.1387e-05   2.1387e-05  -8.1209e-22  -8.1209e-22  -8.1209e-22   8.1209e-22   8.1209e-22   8.1209e-22
1420.0  11.752699   2.1455e-05   2.1455e-05   2.1455e-05   2.1455e-05   1.7243e-22   1.7243e-22   1.7243e-22  -1.7243e-22  -1.7243e-22  -1.7243e-22
1430.0  11.760278   2.1525e-05   2.1525e-05   2.1525e-05   2.1525e-05  -6.1709e-22  -6.1709e-22  -6.1709e-22   6.1709e-22   6.1709e-22   6.1709e-22
1440.0  11.767887   2.1595e-05   2.1595e-05   2.1595e-05   2.1595e-05  -4.9412e-22  -4.9412e-22  -4.9412e-22   4.9412e-22   4.9412e-22   4.9412e-22
1450.0  11.775526   2.1666e-05   2.1666e-05   2.1666e-05   2.1666e-05   6.5786e-22   1.6133e-21   6.5786e-22   2.2526e-21   2.2526e-21   2.2526e-21
1460.0  11.783195   2.1738e-05   2.1738e-05   2.1738e-05   2.1738e-05  -3.0802e-22  -3.0802e-22  -3.0802e-22   3.0802e-22   3.0802e-22   3.0802e-22
1470.0  11.790894   2.1810e-05   2.1811e-05   2.1811e-05   2.1811e-05   6.4644e-22   6.4644e-22   6.4644e-22  -6.4644e-22  -6.4644e-22  -6.4644e-22
1480.0  11.798625   2.1884e-05   2.1884e-05   2.1884e-05   2.1884e-05  -1.4154e-22  -1.4154e-22  -1.4154e-22   1.4154e-22   1.4154e-22   1.4154e-22
1490.0  11.806386   2.1958e-05   2.1958e-05   2.1958e-05   2.1958e-05   3.4812e-22   3.4812e-22   3.4812e-22  -3.4812e-22  -3.4812e-22  -3.4812e-22
1500.0  11.814180   2.2033e-05   2.2033e-05   2.2033e-05   2.2033e-05  -3.2626e-22  -3.2626e-22  -3.2626e-22   3.2626e-22   3.2626e-22   3.2626e-22
1510.0  11.822005   2.2109e-05   2.2109e-05   2.2109e-05   2.2109e-05   3.3184e-22   1.3819e-21   3.3184e-22   2.5313e-21   2.5313e-21   2.5313e-21
1520.0  11.829862   2.2186e-05   2.2186e-05   2.2186e-05   2.2186e-05  -5.1985e-22   2.2407e-21  -5.1985e-22   1.6807e-21   1.6807e-21   1.6807e-21
1530.0  11.837752   2.2264e-05   2.2264e-05   2.2264e-05   2.2264e-05   1.1509e-22   1.1509e-22   1.1509e-22  -1.1509e-22  -1.1509e-22  -1.1509e-22
1540.0  11.845675   2.2342e-05   2.2342e-05   2.2342e-05   2.2342e-05  -6.2706e-22   2.1669e-21  -6.2706e-22   1.7712e-21   1.7712e-21   1.7712e-21
1550.0  11.853632   2.2422e-05   2.2422e-05   2.2422e-05   2.2422e-05   8.0214e-22   8.0214e-22   8.0214e-22  -8.0214e-22  -8.0214e-22  -8.0214e-22
1560.0  11.861622   2.2502e-05   2.2503e-05   2.2503e-05   2.2503e-05   5.5164e-22   5.5164e-22   5.5164e-22  -5.5164e-22  -5.5164e-22  -5.5164e-22
1570.0  11.869647   2.2584e-05   2.2584e-05   2.2584e-05   2.2584e-05   7.3936e-23   2.9194e-21   7.3936e-23   2.7385e-21   2.7385e-21   2.7385e-21
1580.0  11.877706   2.2666e-05   2.2667e-05   2.2667e-05   2.2667e-05  -2.2987e-22  -2.2987e-22  -2.2987e-22   2.2987e-22   2.2987e-22   2.2987e-22
1590.0  11.885801   2.2750e-05   2.2750e-05   2.2750e-05   2.2750e-05   2.8981e-22   2.8981e-22   2.8981e-22  -2.8981e-22  -2.8981e-22  -2.8981e-22
1600.0  11.893931   2.2835e-05   2.2835e-05   2.2835e-05   2.2835e-05   3.4884e-22   3.4884e-22   3.4884e-22  -3.4884e-22  -3.4884e-22  -3.4884e-22
1610.0  11.902096   2.2920e-05   2.2920e-05   2.2920e-05   2.2920e-05  -1.5571e-22  -1.5571e-22  -1.5571e-22   1.5571e-22   1.5571e-22   1.5571e-22
1620.0  11.910299   2.3007e-05   2.3007e-05   2.3007e-05   2.3007e-05  -2.1830e-22  -2.1830e-22  -2.1830e-22   2.1830e-22   2.1830e-22   2.1830e-22
1630.0  11.918538   2.3095e-05   2.3095e-05   2.3095e-05   2.3095e-05   3.7963e-22   3.7963e-22   3.7963e-22  -3.7963e-22  -3.7963e-22  -3.7963e-22
1640.0  11.926814   2.3184e-05   2.3184e-05   2.3184e-05   2.3184e-05   1.9128e-22   1.9128e-22   1.9128e-22  -1.9128e-22  -1.9128e-22  -1.9128e-22
1650.0  11.935129   2.3274e-05   2.3274e-05   2.3274e-05   2.3274e-05  -1.9056e-21   2.7813e-21  -1.9056e-21   2.9503e-21   2.9503e-21   2.9503e-21
1660.0  11.943481   2.3366e-05   2.3366e-05   2.3366e-05   2.3366e-05  -4.0098e-22  -4.0098e-22  -4.0098e-22   4.0098e-22   4.0098e-22   4.0098e-22
1670.0  11.951873   2.3458e-05   2.3458e-05   2.3458e-05   2.3458e-05   4.4065e-22   4.4065e-22   4.4065e-22  -4.4065e-22  -4.4065e-22  -4.4065e-22
1680.0  11.960303   2.3552e-05   2.3552e-05   2.3552e-05   2.3552e-05   5.6334e-22   5.6334e-22   5.6334e-22  -5.6334e-22  -5.6334e-22  -5.6334e-22
1690.0  11.968774   2.3647e-05   2.3647e-05   2.3647e-05   2.3647e-05  -1.5549e-21   3.2116e-21  -1.5549e-21   2.5597e-21   2.5597e-21   2.5597e-21
1700.0  11.977285   2.3744e-05   2.3744e-05   2.3744e-05   2.3744e-05   4.8341e-22   4.8341e-22   4.8341e-22  -4.8341e-22  -4.8341e-22  -4.8341e-22
1710.0  11.985838   2.3842e-05   2.3842e-05   2.3842e-05   2.3842e-05  -4.0230e-22  -4.0230e-22  -4.0230e-22   4.0230e-22   4.0230e-22   4.0230e-22
1720.0  11.994431   2.3941e-05   2.3941e-05   2.3941e-05   2.3941e-05  -3.1045e-21   1.7246e-21  -3.1045e-21   2.3840e-21   2.3840e-21   2.3840e-21
1730.0  12.003067   2.4041e-05   2.4041e-05   2.4041e-05   2.4041e-05  -2.2075e-22  -2.2075e-22  -2.2075e-22   2.2075e-22   2.2075e-22   2.2075e-22
