#Found quasiharmonic mode : None
#T(K), volume, F(eV), S(J/K), H(J/K), a(-6/K), Cp(J/mol), Cv, Cpion, Bt(GPa), T_ph-D(K), T-D(K), F_el_atom, S_el_atom, C_el_atom, M_el, Seebeck_coefficients(10**-6 V/K), Lorenz_number(WOK^{-2}), Q_el, Q_p, Q_e, C_mu, W_p, W_e, Y_p, Y_e
0.0 10.991131856355794 -5.746565458766635 0.09348876307198134 -554453.5778149946 9.552526682264731e-08 0.15216076975605214 0.15168064139751794 0.1522480276164526 191.65124604188378 391.7378711998456 400.0000000000001 3.056174779537028e-09 -1.1658512900409253e-05 -8.725786039766538e-05 6.560740904241736e-08 0.012788119073674503 2.442410255202516e-08 -8.193329140240399e-08 -1.1299093474579136e-08 -9.898450869026253e-08 -8.685232594898541e-05 2.578458411354272e-08 -1.0771787551673127e-07 -3.5065774578557787e-08 -3.506581157596937e-08 1870.5110827803887 -0.23676716299847278
10.0 10.99096838834907 -5.746551706009816 -0.050700845560559676 -554462.0591385653 -1.4183446899416747e-07 -0.16280053490884938 -0.16262909877649853 -0.2022260043605187 191.66719152924608 367.68299903452333 400.00000000000006 -2.042150152001634e-06 0.039360827983633134 0.03942546945167018 -3.5917265363967434e-06 -0.7280158355514936 2.4435635709041308e-08 0.0014387035517766508 0.0007182809312376896 0.000720332848078164 0.0394254799581567 0.0007168088451991082 0.0007218947065775428 0.0009972347336447843 0.0009972347335263686 1736.212625895861 0.5596308358220295
20.0 10.990955028164956 -5.746555061644889 0.10459192170669612 -554461.1819228568 6.705657879403533e-08 0.3402057158203749 0.3409002171808536 0.2613900184271636 191.66849629232073 352.0721373782159 400.00000000000006 -8.160406636983102e-06 0.07872088822044872 0.07881569739321109 -1.4354626595635892e-05 -1.4319140503946732 2.4439386173619465e-08 0.0028774371386872228 0.001434553641730315 0.001442755926931668 0.07882201411836162 0.0014286022519673295 0.001448834886719894 0.0019944710236763762 0.0019944710235078704 1453.3939084696733 1.146611037874524
30.0 10.991132882806092 -5.7465971752447755 0.5337167907631946 -554448.8479411799 6.399531150915663e-07 1.5063458611030378 1.5068278602985832 1.3882101648911729 191.6511189577033 343.3070489473139 400.00000000000006 -1.8355462903573992e-05 0.11807737422208925 0.11813569621186408 -3.196446308444442e-05 -2.102234310359316 2.4438318065493834e-08 0.0043162667501673415 0.002148964770361851 0.0021671555114689766 0.11815760631659329 0.0021356721855541614 0.00218059456461318 0.0029917802324712366 0.0029917802322776835 1076.5969673857064 1.5552338310573322
40.0 10.991543059275116 -5.746699696382395 1.2110234874983818 -554422.9589668448 1.494609844802736e-06 3.1807862400984512 3.1797131016056994 3.023348503943182 191.6110181519893 339.7894964582075 400.00000000000006 -3.263106857518343e-05 0.15743913801309764 0.15743773615526815 -5.6162606318591724e-05 -2.7423044003488743 2.4435395504398628e-08 0.005755340308944031 0.0028616722551097445 0.0028935168611072463 0.15748711271477922 0.0028382848266249863 0.002917055482319045 0.003989268788180404 0.003989268787980562 660.3638395278408 1.8165596032687752
50.0 10.992226664574702 -5.746884274630683 2.1108617378017094 -554381.4167731635 2.5487814728318615e-06 5.208693191965946 5.204115212131221 5.011919104494883 191.5441525017748 339.9212426272881 400.000000000001 -5.099097327522066e-05 0.19681503161801728 0.19677408747106295 -8.66904266138474e-05 -3.3554521052668087 2.4433582610068133e-08 0.0071948057377443425 0.0035728340339514545 0.0036218252352636414 0.19686538947484739 0.0035367063558452002 0.003658099381899143 0.004987043118954933 0.00498704311876127 259.2365617799584 1.9616487424071811
60.0 10.993250711811573 -5.747178870156276 3.2078667848031612 -554320.7163197596 3.6807130209899295e-06 7.364302952856489 7.353238561160216 7.128129517167841 191.4439519181342 342.62066116527706 400.000000000001 -7.343689264666738e-05 0.23620627542174938 0.2361734356886467 -0.00012320289766321784 -3.9433500978236626 2.4436365007505088e-08 0.008634659649400477 0.004282570028911368 0.004351954489151849 0.23632302593638668 0.0042312005629025 0.004403459086497978 0.005985143192582741 0.005985143192403777 -369.1781247112866 2.078728392522682
70.0 10.99466034709635 -5.7476038581969275 4.499404825073268 -554238.5435594637 4.867870504063358e-06 9.591099722305772 9.570154848131558 9.315411070035559 191.30598214234084 342.34582994184444 400.000000000001 -9.997203068406304e-05 0.2756235057420523 0.27568865227021366 -0.00016545808122626448 -4.5070801814801325 2.444549591070789e-08 0.010075093616158451 0.004991051473729394 0.005083907006119681 0.2759157571876858 0.0049220442097951695 0.005153049406363283 0.006983691817732363 0.006983691817553244 36.977111935232365 2.016242886903046
80.0 10.996456918498108 -5.748175165075965 5.927325709538161 -554134.9963359367 6.0081067139185e-06 11.707077980986409 11.672610306665238 11.391663746894483 191.1300800176439 342.4594944012182 400.000000000001 -0.00013060198032155423 0.315083662458869 0.3154142340919253 -0.00021325403481843152 -5.056080476011038 2.446526188361499e-08 0.011516367519400647 0.005698468295623227 0.005817764080090768 0.31574076945815405 0.005609506412425153 0.005906861106975492 0.007982845368046056 0.007982845367866686 43.67620685565539 2.022966060195347
90.0 10.998611597150894 -5.748901714274615 7.430777856692346 -554011.6716996672 7.03042653975704e-06 13.590370732680785 13.538873348624875 13.234903006791974 190.9190292756819 342.5986758499159 400.000000000001 -0.0001653345481523261 0.35461090155359054 0.3554677258888118 -0.00026648712589682935 -5.600559532058249 2.4500232272257647e-08 0.012958881711262424 0.006405035663567396 0.0065537108944277184 0.35591909605430794 0.006293843867418259 0.006665037843844166 0.008982821077144425 0.008982821076964638 41.39587311807687 2.0277948309912843
100.0 11.001081695498716 -5.7497868975084145 8.960980805444272 -553870.9596225854 7.917736276906149e-06 15.207183996657012 15.13562143703389 14.811212633462127 190.6769671402331 342.61906320685387 400.000000000001 -0.00020418036564952285 0.3942356166293372 0.39597136319488735 -0.00032515496828689915 -6.150521726949358 2.455307006183274e-08 0.014403208105523688 0.007111012812483358 0.007292060128330553 0.39657750422718296 0.006975315042093337 0.007427893063430349 0.009983914421475712 0.009983914421295533 37.565240747705936 2.0372520380711285
110.0 11.003824207800802 -5.750830628831089 10.485651242426753 -553715.3472564087 8.680368416660602e-06 16.577961312097628 16.48391655679079 16.140929571596647 190.40806260475418 342.5604004071659 400.000000000001 -0.00024715332704360363 0.4339912002714806 0.43703174050098165 -0.00038934920413524505 -6.714564855001938 2.462406034043227e-08 0.01585006066909723 0.007816691923678485 0.008033233567775177 0.4378282220024432 0.0076541721369848895 0.008195888532112344 0.010986489023479436 0.010986489023298334 33.97765491464689 2.048287930343389
120.0 11.006801017695242 -5.752030784435366 11.985416484663016 -553547.0684321945 9.335801723786524e-06 17.739979395414014 17.62162489919981 17.261252021223637 190.116008872034 342.4505346761631 400.000000000001 -0.0002942707224893342 0.4739107178100306 0.47872737419037703 -0.0004592372923035778 -7.29899466739508 2.4711606138395373e-08 0.017300237902593142 0.008522377862008788 0.008777724848867486 0.47975637658778725 0.008330648470738878 0.008969589431854264 0.011990952115287189 0.011990952115105341 30.884023351612335 2.0592575059407534
130.0 11.009979808282182 -5.7533840639087295 13.449276171763364 -553368.0141861716 9.90126706366842e-06 18.730028085256983 18.58601872138387 18.208924387213205 189.80393514363658 342.3034765756859 400.000000000001 -0.0003455530849108877 0.5140243669191036 0.5211036980437768 -0.0005350380429114929 -7.907483427984959 2.4812879846121093e-08 0.018754562918605035 0.009228369317540334 0.009526058394453616 0.5224147293859475 0.009004949864436932 0.009749613054168101 0.012997727431346397 0.012997727431163614 28.250222270898476 2.0696094886643768
140.0 11.013333580767299 -5.754886507724693 14.871372811025855 -553179.7522835197 1.0391778279937116e-05 19.579434711892016 19.408791559962008 19.015261943686458 189.47444615334155 342.12720368296345 400.000000000001 -0.0004010238237121198 0.5543577875489503 0.5641727682055594 -0.0006169957278797677 -8.541147078955857 2.4924360251886278e-08 0.020213832232338462 0.009934944708037347 0.010278752302256819 0.5658230389803349 0.00967725137286574 0.01053658085947272 0.01400723117713165 0.014007231176947518 26.000115931362096 2.0792123965599822
150.0 11.0168398653338 -5.756533818412807 16.24899351909041 -552983.5760240251 1.0819902109495055e-05 20.313670077662316 20.115682072017012 19.70575415971129 189.12965933793555 341.9269979428363 400.000000000001 -0.0004607087200996891 0.5949310817572109 0.6079159179510256 -0.0007053561682431055 -9.198882675114472 2.504224436234076e-08 0.021678776333060937 0.010642352921096884 0.0110362881741928 0.609970337698682 0.010347698026812235 0.011331078306248698 0.01501985285549979 0.01501985285531424 24.063109892053856 2.088080359164137
160.0 11.020479952587607 -5.758321564412723 17.581361241372534 -552780.5537271935 1.1196015284333965e-05 20.953179410149495 20.72732740757437 20.30089120955161 188.7711820099563 341.7067272184151 400.000000000001 -0.0005246353476574965 0.6357583982602114 0.6522882005978818 -0.0008003467622158372 -9.877832857728347 2.516275502206457e-08 0.023150031918281244 0.011350808007335551 0.011799088657363383 0.6548189946839988 0.011016407879757856 0.012133624038523388 0.0160359411666996 0.016035941166512725 22.381622049321507 2.096274345008247
170.0 11.024238233043475 -5.760245310439505 18.868891786716798 -552571.5712489495 1.1528669585133855e-05 21.51435687604587 21.260256358975717 20.817133174050106 188.4001009787358 341.4693841513472 400.000000000001 -0.000592832469567364 0.6768479477878626 0.6972237019957647 -0.0009021612617528313 -10.573879540263729 2.528235832252213e-08 0.024628124509818633 0.012060486848955113 0.012567502391561557 0.7003096734432934 0.011683476045520853 0.01294464846429778 0.017055794605994164 0.017055794605806033 20.910049307840964 2.1038687418114828
180.0 11.028101655492435 -5.7623007002817666 20.11272638395669 -552357.3666929282 1.1824938231189137e-05 22.010389899145 21.727746721921683 21.267748867812674 188.0173477668934 341.2173514639591 400.000000000001 -0.0006653294512970172 0.7182023268286593 0.7426410313323295 -0.001010949300118009 -11.282105026530598 2.539790415845852e-08 0.026113459752723757 0.012771528974533887 0.01334179549340276 0.7463665135148322 0.01234897889497365 0.013764480857750103 0.018079656123784746 0.018079656123595887 19.612300797755996 2.110944566617511
190.0 11.032059281483166 -5.764493874114146 21.314528656120437 -552139.5352474785 1.2090623302646248e-05 22.45197707209566 22.140556333299944 21.663528544821745 187.62472256291716 340.94903747138187 400.000000000001 -0.000742155715164514 0.7598190436832556 0.7884485272739152 -0.0011268102047773914 -11.997188488903614 2.550670467021246e-08 0.02760632160760038 0.013484037859446907 0.014122148448228306 0.792902089298309 0.013012977944509469 0.014593343663090907 0.019107711102093385 0.01910771110190381 18.459721965270646 2.1175792382199474
200.0 11.036101872711235 -5.766813805266021 22.476036366472812 -551917.9378649922 1.233025925845784e-05 22.84771738468484 22.50733340059869 22.013168482996416 187.22616547417994 340.66829238692605 400.000000000001 -0.0008233402508768702 0.8016911593061046 0.8345489016884233 -0.001249790457380868 -12.713726328439625 2.5606565077135488e-08 0.029106875701510583 0.014198083169652724 0.014908657217226215 0.8398218791144063 0.01367552316275983 0.015431352538750748 0.0201400878638634 0.02014008786367275 17.42952153425227 2.12383465643203
210.0 11.040221486778158 -5.7692392120632645 23.598988994908837 -551691.3764646834 1.2547276980134497e-05 23.204564122787342 22.83508039408786 22.323720945955003 186.82778463846049 340.38234272827947 400.000000000001 -0.0009089111821156802 0.8438079706609806 0.8808431768323439 -0.0013798839177500593 -13.426476211449245 2.5695779866439047e-08 0.030615176128382424 0.014913703493268541 0.01570133730626691 0.8870281038759775 0.014336655610818764 0.016278520517563656 0.02117685988832469 0.021176859888132612 16.50352447780976 2.129750668479761
220.0 11.044411178705484 -5.7717532940460785 24.685182980241535 -551458.997335054 1.2744388728513709e-05 23.52822370288937 23.129546089901304 22.600989821162745 186.43630553766874 340.0968546168725 400.000000000001 -0.0009988954006893908 0.886155697084902 0.9272338817266244 -0.0015170340588797297 -14.130531832129751 2.5773105183203286e-08 0.0321311747582564 0.0156309094355685 0.016500129980154328 0.9344228992024577 0.014996409598579563 0.017134765159676827 0.022218049360955595 0.02221804936076225 15.666963417074488 2.1353602480555725
230.0 11.048664816724349 -5.774343802135315 25.73642260829383 -551220.3079970963 1.2923884742563774e-05 23.823414223445617 23.395479279266244 22.84978669167907 186.05723012798404 339.8159084543265 400.000000000001 -0.0010933182750093127 0.9287181426131996 0.9736275317665466 -0.001661137665592533 -14.821438834759997 2.5837716093874476e-08 0.033654732268512094 0.016349686959328712 0.017304909953510056 0.9819108386135236 0.015654814466514958 0.017999917801997133 0.023263631727751245 0.02326363172755635 14.90765508300596 2.140696842019751
240.0 11.052976975096817 -5.777003098232088 26.75449054923686 -550975.1911632502 1.308779919569033e-05 24.094064709922215 23.636827833858554 23.074128261919988 185.69368684679907 339.54197013191043 400.000000000001 -0.0011922034286240665 0.9714773114927511 1.0199364480022242 -0.0018120494770869175 -15.495262636278252 2.58891554869166e-08 0.035185630055141075 0.017070000797034475 0.018115493889841017 1.0294008535038475 0.016311896036743004 0.01887373401839807 0.02431354084062113 0.024313540840424357 14.21548992412189 2.1457917877445545
250.0 11.057342865215496 -5.7797282074524094 27.741131420529868 -550723.9164432354 1.3237997283767902e-05 24.343470055286883 23.856895408181085 23.27739006130514 185.34604357289638 339.27586001596626 400.000000000001 -0.0012955725808346118 1.0144139620201105 1.0660799939817382 -0.0019695873562062824 -16.1486184631985 2.5927279698698252e-08 0.036723582329380056 0.01779179778542475 0.01893164916363018 1.0768076148661874 0.016967677761328036 0.019755904568052027 0.02536767433944937 0.02536767433925044 13.582055006879301 2.1506708596051283
260.0 11.061758293341969 -5.782520864832843 28.698043982679707 -550467.1502417196 1.337625132458498e-05 24.574414857512153 24.058465220318922 23.462429537247196 185.0119444594377 339.0167236116465 400.000000000001 -0.0014034454427380163 1.0575080925761595 1.111985320264962 -0.0021335376609283863 -16.77867287194533 2.59522045345071e-08 0.03826824793664833 0.018515010041159068 0.01975310250360887 1.1240524533419205 0.017622181623693615 0.020646066312954715 0.026425899039519286 0.026425899039318274 13.000270738327313 2.155356465985207
270.0 11.06621964007222 -5.78538755774856 29.62687901162819 -550205.9641844996 1.3504289024007774e-05 24.789272171009372 24.243898177367225 23.63168446274809 184.68680375894897 338.76200091727884 400.000000000001 -0.0015158396623668417 1.100739359138742 1.157587708261283 -0.0023036605780857883 -17.3831247122785 2.596425418288696e-08 0.03981924158804029 0.019239557931251844 0.020579548253816648 1.1710638963694426 0.01827542884810228 0.02154381273993801 0.027488056167698352 0.027488056167494664 12.464068912906477 2.1598724272024667
280.0 11.07072384505129 -5.78833956479707 30.52924078987087 -549941.8423357436 1.3623769687381328e-05 24.990080366890968 24.415210934872867 23.78724976790179 184.36504939187105 338.5073977313752 400.000000000001 -0.0016327708116107933 1.1440874260484861 1.202830598989173 -0.0024796952535194013 -17.96017212906866 2.596391458426616e-08 0.04137614427267587 0.019965352795899335 0.0214106560631264 1.2177778966532746 0.018927440445811627 0.02244870382686425 0.02855396631905157 0.02855396631884595 11.968165015902795 2.164247122115835
290.0 11.075268363681545 -5.7913929913811995 31.406690724522086 -549676.6874077636 1.3736125938618004e-05 25.17859716438518 24.574138194745828 23.93093178258402 184.04196862241704 338.2468605625494 400.000000000001 -0.00175425240581043 1.1875322523573575 1.2476653818011614 -0.0026613646148723608 -18.50847088816112 2.5951792091756567e-08 0.042938512648120764 0.020692299367914398 0.02224607785623143 1.264137817605739 0.01957823758867131 0.023360275059449452 0.029623434005569105 0.02962343400536213 11.508075722138035 2.16850340922108
300.0 11.079851057114627 -5.794542598798529 32.260507576793444 -549410.3565710224 1.3842364733721443e-05 25.35622256832023 24.72206888820051 24.06417156236488 183.7151643396869 337.98145277378586 400.000000000001 -0.0018802959447110506 1.231054315746094 1.2920510059553478 -0.002848379819374203 -19.027088059590074 2.592857773292198e-08 0.044505887215517986 0.021420297819804965 0.02308545396170073 1.31009423131456 0.020227841774090614 0.02427804544142737 0.030696251661505723 0.03069625166129656 11.080096994417453 2.172650786169836
310.0 11.084470053754636 -5.797780364512786 33.091853943840874 -549142.4217790536 1.3943162988820106e-05 25.524139108619163 24.86018420699257 24.188185638523912 183.38436408974184 337.71327634497175 400.000000000001 -0.00201091096452795 1.274634777533819 1.3359534700952507 -0.0030404441480599495 -19.515453428735498 2.5895017065081072e-08 0.04607779916473144 0.022149245426935773 0.023928418293963232 1.3556045780120587 0.02087627484454939 0.025201524320182044 0.03177220302176824 0.03177220302155653 10.681143137325709 2.1766880726032287
320.0 11.089123683973634 -5.801104168656633 33.901865211887795 -548872.989315849 1.4039092339593747e-05 25.68338985769857 24.989524709448656 24.304044610308843 183.0501471249899 337.44246863112403 400.000000000001 -0.0021461051079864762 1.3182556063372812 1.379345247389731 -0.003237256370457041 -19.97331126067721 2.585188532607046e-08 0.04765377630979753 0.022879038037757995 0.024774602818531596 1.40063274182952 0.021523559035297745 0.026130217274499788 0.03285106613785423 0.03285106613764057 10.308437593654268 2.180619947610537
330.0 11.09381045839117 -5.804511991597083 34.69160179907665 -548602.1544330972 1.413068304119685e-05 25.834880660102232 25.11099084173879 24.412675977000845 182.7130221517765 337.16915063042813 400.000000000001 -0.002285884210937601 1.361899668592776 1.4222046831013873 -0.0034385136707521654 -20.400674353209713 2.5799967385508205e-08 0.04923334823680202 0.023609571378869522 0.02562364139481995 1.4451485784599036 0.022169717040297077 0.02706363119650494 0.033932616084394414 0.03393261608417844 9.959474815872934 2.184456480012365
340.0 11.098529054782913 -5.808001907837529 35.4620543312661 -548330.0027617731 1.421841642043945e-05 25.979400571499674 25.22536524059727 24.514885183288392 182.37322535098156 336.89342869499615 400.000000000001 -0.0024302523980173126 1.405550788364883 1.4645153882112802 -0.0036439141338813243 -20.79778120047893 2.5740041956833657e-08 0.05081605060753172 0.024340742157316818 0.026475172977494833 1.4891274177926537 0.022814772061565965 0.02800127854596575 0.035016627291240804 0.035016627291022964 9.63204957962338 2.188207338363531
350.0 11.10327829865173 -5.811572080498683 36.214148613356045 -548056.6115358148 1.4302712323318396e-05 26.11763863850419 25.333331031553612 24.611372990852946 182.0308622313748 336.6153963653958 400.000000000001 -0.0025792121823778134 1.4491937805993258 1.5062656476512468 -0.003853158825907363 -21.165056838838986 2.567286950288629e-08 0.05240142865273088 0.025072448957253045 0.027328844213074306 1.5325495606449206 0.02345874782601761 0.028942680826713276 0.03610287549689487 0.03610287549667477 9.324236391150611 2.1918797601239577
360.0 11.108057144761144 -5.8152207561546785 36.948750355714495 -547782.0506375582 1.4383938841876353e-05 26.250199250015164 25.435486912528553 24.70275139209514 181.68600212566213 336.33513607441137 400.000000000001 -0.0027327645677293205 1.4928144633762506 1.5474478579200224 -0.0040659535045063765 -21.503077632202974 2.5599183283280983e-08 0.053989039963400313 0.02580459296366 0.02818431150750597 1.5753997856315722 0.024101668586901492 0.029887371376498814 0.03719113937185063 0.03719113937162789 9.03433543646171 2.195479885279125
370.0 11.11286466136671 -5.8189462599646 37.666669625920576 -547506.3834883731 1.4462419607453464e-05 26.377614670753587 25.532359643765616 24.789556667186126 181.33870561472912 336.0527205799441 400.000000000001 -0.0028909091510004718 1.5363996536971358 1.5880580035674638 -0.0042820099980197535 -21.812540036392967 2.5519683025892687e-08 0.05557845667281865 0.026537078537911693 0.0290412426326253 1.6176668773670349 0.02474355911816086 0.030834897554657785 0.038281201851186095 0.03828120185095995 8.760837941602574 2.1990131442609555
380.0 11.117700016700736 -5.822746991097521 38.368665008626486 -547229.6678104909 1.4538440129320344e-05 26.500355429394453 25.62441443573166 24.872260251415643 180.98902628871383 335.76821418193185 400.000000000001 -0.003053644224077853 1.5799371505299344 1.6280951779788073 -0.004501047291687455 -22.094233229224713 2.5435030752021297e-08 0.057169267110744666 0.027269813665192988 0.029899317932939803 1.6593431833839862 0.02538444470532623 0.031784822405418425 0.039372851210154006 0.03937285120992527 8.502399904777116 2.202484370964842
390.0 11.1225624673537 -5.82662141844342 39.055447470549176 -546951.9562811758 1.4612253066069394e-05 26.618838994276388 25.71206362667247 24.951277843336356 180.63701155655247 335.48167375938914 400.000000000001 -0.0032209668734688697 1.6234157082651244 1.667561150940036 -0.004722792358193168 -22.349015392215474 2.5345848338325697e-08 0.058761077005522425 0.028002710292256948 0.030758231189977232 1.7004242042969944 0.026024351135632798 0.03273672586988962 0.04046588191497705 0.04046588191474586 8.257820221472167 2.205897880361947
400.0 11.127451348248371 -5.8305680765990875 39.72768393672055 -546673.2970965832 1.468408268526394e-05 26.733437057113235 25.795673962925346 25.026977073859854 180.2827033439847 335.1931496576267 400.000000000001 -0.003392873076983523 1.6668250032117844 1.7064599832533829 -0.004946980767312145 -22.57779336906988 2.5252716453362043e-08 0.06035351030309907 0.028735684572267876 0.03161769019646061 1.7409082195098073 0.026663304689286363 0.03369020561381271 0.041560095278845494 0.04156009527861192 8.026022184509499 2.2092575357822573
410.0 11.132366063963826 -5.834585562115832 40.386000589867436 -546393.7344595077 1.475412864231109e-05 26.844481673821306 25.875572733130074 25.099683986750456 179.92613869173408 334.90268644975134 400.000000000001 -0.003569357796845354 1.710155595298095 1.744797687070852 -0.005173357106659152 -22.781505394898907 2.5156174559434106e-08 0.06194620966498902 0.02946865703175191 0.03247741708732199 1.780795949069042 0.027301332133248465 0.03464487753174055 0.042655299950674366 0.04265529995043778 7.806037784467518 2.2125668061658805
420.0 11.137306081202967 -5.8386725299946605 41.03098590809313 -546113.3090027564 1.4822569190180067e-05 26.95227046302779 25.95205295846494 25.169688533525584 179.56735027688774 334.6103235925376 400.000000000001 -0.003750415068789049 1.753398886731319 1.7825819295022063 -0.0054016752424913715 -22.96110658007418 2.505672171961367e-08 0.06353883670018692 0.030201552672933923 0.03333714846927876 1.8200902510106105 0.027938460718453774 0.03560037598173316 0.04375131226152721 0.043751312261288436 7.596994330629748 2.215828814580152
430.0 11.142270922233655 -5.842827690414213 41.66319345774495 -545832.0581578428 1.4889563908549704e-05 27.057071024015226 26.025377802150995 25.23724924768369 179.20636688013184 334.31609599313157 400.000000000001 -0.003936038086885406 1.7965470790191433 1.8198217763315374 -0.005631698446456931 -23.11755683719384 2.4954817994189317e-08 0.06513107197928729 0.03093430102309524 0.03419663538559542 1.8587958526492447 0.028574718181028472 0.03655635379825882 0.044847956450993376 0.04484795645075182 7.398103007795891 2.2190463787186347
440.0 11.147260159158538 -5.847049805676699 42.283144458953345 -545550.0164770791 1.4955256048729004e-05 27.159124708182112 26.095784330524307 25.302597235925635 178.84321376613843 334.0200345004033 400.000000000001 -0.004126219283989128 1.8395931294522945 1.85652747225648 -0.005863199411167962 -23.251810953863448 2.4850886250070833e-08 0.06672261487271552 0.03166683614102523 0.03505564314786319 1.8969191136550685 0.029210132747798295 0.03751248212491723 0.04594506479322317 0.0459450647929797 7.208649034235132 2.2222220468828966
450.0 11.152273408900765 -5.851337687357271 42.89133014126317 -545267.2159157598 1.5019774540467523e-05 27.258649849321742 26.163486733283708 25.365939595445887 178.47791304175803 333.72216633189174 400.000000000001 -0.004320950407753882 1.8825307078952616 1.8927102538758587 -0.006095960174665467 -23.36481053415899 2.4745314240788903e-08 0.06831318324918759 0.03239909658924871 0.03591395106223214 1.934467818385599 0.029844733146651023 0.03846845010253657 0.047042477639958655 0.04704247763971271 7.027983177596269 2.2253581284640265
460.0 11.157310328797461 -5.855690193643083 43.488213906158464 -544983.686080103 1.5083235716804619e-05 27.355844540358056 26.228679090745665 25.427462348726706 178.11048396001536 333.42251544627817 400.000000000001 -0.0045202225922976215 1.925354154517824 1.928382191631345 -0.00632977197119333 -23.45747755504587 2.4638456843933374e-08 0.06990251306515137 0.033131025379372694 0.03677135207350568 1.9714509947408594 0.03047854928672959 0.039423963778421785 0.04814004339557576 0.048140043395326834 6.855514413981517 2.2284567198318608
470.0 11.162370612723194 -5.860106226848647 44.07423331250388 -544699.4544456577 1.5145744806550698e-05 27.450889029491446 26.291537760071947 25.487332972473887 177.74094318740373 333.1211028688821 400.000000000001 -0.004724026425619715 1.9680584389274514 1.9635560570175614 -0.006564435023326247 -23.530709308710236 2.4530638367566467e-08 0.07149035787130802 0.03386256989678508 0.03762765234696324 2.007878756749787 0.03111161128592529 0.040378746585382735 0.04923761843717084 0.049237618436918554 6.690703549285793 2.231519727304365
480.0 11.167453987666473 -5.864584731095057 44.64980189988407 -544414.5465501948 1.5207397223982787e-05 27.543947793787137 26.352223439648125 25.545702582221566 177.36930503715158 332.8179469771479 400.000000000001 -0.004932352012905818 2.0106391210185923 1.9982452115655713 -0.006799758288330828 -23.585374526417436 2.4422154857767314e-08 0.0730764882580602 0.034593681809875695 0.038482670804587185 2.043762168133174 0.03174394821272997 0.04133254004533023 0.05033506699081333 0.0503350669905582 6.533057663908014 2.2345488867481125
490.0 11.172560210704049 -5.869124690141248 45.215310863804106 -544128.9861644506 1.5268279693802248e-05 27.63517134023244 26.410882960471916 25.602707825876855 176.995581686401 332.5130637513837 400.000000000001 -0.0051451890359364635 2.0530923137420327 2.0324635143555803 -0.007035559169730707 -23.622310503232466 2.4313276356508335e-08 0.07466069125811606 0.035324316968079486 0.03933623862962356 2.079113124202153 0.03237558909272419 0.04228510216539186 0.051432260973472754 0.05143226097321429 6.3821252507387864 2.2375457816397715
500.0 11.177689066317317 -5.873725125356366 45.77113059559932 -543842.7954436198 1.532847122397416e-05 27.72469777275353 26.467650845042698 25.65847252765768 176.61978335348226 332.20646699571296 400.000000000001 -0.005362526808760054 2.095414647905427 2.0662252450958523 -0.00727166320334769 -23.642321065186835 2.4204249072995833e-08 0.07624276972123144 0.03605443529222842 0.04018819875097219 2.1139442496118934 0.03300656327459996 0.04323620644663149 0.05252907980861556 0.05252907980835496 6.237491960966533 2.2405118577327734
510.0 11.18284036400914 -5.878385093822962 46.31761209887479 -543555.995062053 1.5388043961921606e-05 27.812654161234132 26.522650667450392 25.713109121129058 176.24191846775284 331.89816853311356 400.000000000001 -0.005584354329871442 2.1376032390464137 2.09954504010507 -0.007507903725628329 -23.64617524092948 2.4095297442878036e-08 0.07782254167334596 0.03678400066004446 0.04103840531682958 2.1482688096858116 0.03363690072930354 0.044185640944042426 0.05362541022221411 0.05362541022195036 6.098776856386719 2.2434484371640906
520.0 11.188013936182863 -5.883103686561567 46.855088293275614 -543268.6043332701 1.544706393869534e-05 27.89915773850696 26.575996242819706 25.766719899671195 175.86199381430612 331.58817837794464 400.000000000001 -0.005810660331076328 2.1796556563654237 2.132437838835766 -0.007744121530754151 -23.6346065184362 2.398662605871798e-08 0.07939983966999009 0.037512980789008984 0.04188672316522653 2.1821006332365465 0.03426663233895592 0.045133207331034195 0.05472114602475189 0.05472114602448505 5.965629111073641 2.246356730065935
530.0 11.193209636250455 -5.88788002686781 47.38387521543784 -542980.6413171112 1.550559172625848e-05 27.984316950793925 26.627792669735875 25.819398111921984 175.48001466343212 331.2765048889338 400.000000000001 -0.006041433323264851 2.2215698936649773 2.164918838871945 -0.00798016452194965 -23.60831258393524 2.3878421462240457e-08 0.0809745101518185 0.038241347118360164 0.04273302729756373 2.215454045029591 0.03489579018481606 0.046078719967002434 0.055816187883854604 0.05581618788358481 5.837725093123387 2.249237845480428
540.0 11.198427336944185 -5.892713268753926 47.904273126099284 -542692.1229155806 1.5563683017811895e-05 28.06823238085385 26.678137245561267 25.87122892323825 175.09598488767512 330.9631549049453 400.000000000001 -0.006276661639296176 2.263344342214187 2.1970034576155957 -0.008215887361421734 -23.56795545491076 2.3770853794376923e-08 0.0825464128084453 0.03896907469155734 0.04357720235998268 2.2483438062536516 0.0355244078346966 0.047022004973748706 0.05691044309133214 0.056910443091058444 5.714765776404838 2.252092801414096
550.0 11.203666928806378 -5.897602595487147 48.416567531517586 -542403.0649587534 1.562138913616638e-05 28.150997559922523 26.727120271490485 25.922290260783 174.70990706258846 330.6481338657445 400.000000000001 -0.006516333474172823 2.3049777654366195 2.2287072991395305 -0.008451151122553601 -23.514161931974986 2.3664078303348006e-08 0.08411541995529391 0.03969614204019394 0.04441914213630223 2.2807850615719323 0.036152520605898165 0.04796289934939574 0.058003825327683875 0.05800382532740575 5.596474445605756 2.2549225332472256
560.0 11.208928318836605 -5.902547218218027 48.92103012660178 -542113.4822819191 1.5678757485110553e-05 28.232699683997176 26.774825761662733 25.972653559070384 174.32178257258266 330.33144591958285 400.000000000001 -0.006760436922703431 2.346469275307901 2.260046124926788 -0.008685822947280602 -23.447524305689704 2.3558236714165682e-08 0.08568141592699671 0.04042253107006544 0.045258749055350406 2.3127932915283056 0.036780165814891935 0.04890125011210478 0.05909625442652422 0.05909625442624139 5.482594651280934 2.2577279017422995
570.0 11.214211429278517 -5.907546374692267 49.41791966648089 -541823.3887949943 1.5735831949533493e-05 28.31342024566574 26.821332068553446 26.022384418228633 173.93161167822717 330.0130940191541 400.000000000001 -0.007008960014802147 2.3878183103427313 2.2910358274371085 -0.008919775710973278 -23.368601264222598 2.3453458465214892e-08 0.0872442964898859 0.04114822694985872 0.046095933714765405 2.344384269267772 0.03740738133491136 0.04983691515497454 0.060187656140856506 0.06018765614056916 5.37288838621663 2.2605096999208047
580.0 11.219516196531021 -5.912599328040134 49.90748277261227 -541532.7975451006 1.5792653254744437e-05 28.393235593476525 26.866712435120476 26.07154318783829 173.53939358944297 329.6930798002384 400.000000000001 -0.0072618907485984124 2.4290246150490726 2.321692405638231 -0.00915288769665524 -23.277918956197396 2.3349861819148814e-08 0.08880396827530823 0.04187321800274628 0.046930614422716295 2.3755740207000073 0.03803420501390241 0.05076976326140583 0.06127796191269726 0.061277961912405955 5.267134452243095 2.2632686599780447
590.0 11.224842570170956 -5.917705365637985 50.38995467897119 -541241.720773091 1.584925928211823e-05 28.472217426052687 26.911035482720607 26.1201854842381 173.14512654957736 329.3714045510462 400.000000000001 -0.007519217121508464 2.470088220728754 2.352031941814592 -0.00938504227995752 -23.175972170388363 2.3247554856352825e-08 0.09036034823484088 0.04259749560101994 0.047762716758484716 2.406378787387797 0.038660675871845865 0.05169967236299501 0.06236710864719091 0.06236710864689701 5.165126998804707 2.266005459155415
600.0 11.230190512073015 -5.922863798036911 50.86555992333926 -540950.1699647267 1.5905685353133563e-05 28.55043322981303 26.954365642585756 26.1683626506947 172.74880787640387 329.048068041433 400.000000000001 -0.007780927159370551 2.511009427506988 2.3820705791183325 -0.009616127625856525 -23.06322560016489 2.3146636359814076e-08 0.09191336311792789 0.043321054063772284 0.048592173152420134 2.436814991577638 0.03928683389458651 0.05262652922334137 0.06345503849204069 0.06345503849174453 5.066674212147117 2.268720724955645
610.0 11.235559995619521 -5.928073957953779 51.33451298827062 -540658.1558971012 1.596196448491426e-05 28.627946667396785 26.996763537617433 26.21612216793537 172.35043403305158 328.7230691425028 400.000000000001 -0.008047008943800137 2.551788787480194 2.4118244994614138 -0.009846036397942334 -22.940115165928265 2.3047196600481304e-08 0.09346294897207993 0.04404389055756451 0.04941892248547124 2.46689920291103 0.039912720029166626 0.05355022894291332 0.06454169862285974 0.06454169862255978 4.971597133000089 2.271415040544993
620.0 11.240951004988322 -5.933335199320446 51.7970188958745 -540365.6886808547 1.6018127616310143e-05 28.704817921251895 27.038286320381065 26.26350801979273 171.95000066113747 328.396405881084 400.000000000001 -0.008317450637860891 2.592427088877277 2.441309901459157 -0.010074665480715294 -22.80704937334619 2.2949318032175888e-08 0.09500905066540315 0.04476600499993502 0.05024290970820625 2.4966481064573403 0.04053837620025273 0.054470674465150415 0.06562704103481824 0.0656270410345143 4.87972859567038 2.2740889488430938
630.0 11.246363534512618 -5.938646896387144 52.25327376019456 -540072.7777986479 1.6074203816441337e-05 28.781103999709615 27.078987972439528 26.31056102147739 171.54750262923648 328.06807548847775 400.000000000001 -0.008592240510139942 2.632925341138164 2.470542978232224 -0.01030191571521271 -22.6644106890565 2.2853075904908353e-08 0.09655162143100704 0.0454873999655777 0.05106408547904248 2.526078471799532 0.04116384533351381 0.05538777609749322 0.0667110223408313 0.06671102234052387 4.790912265389909 2.2767429572970177
640.0 11.25179758810522 -5.944008442876374 52.703465300616294 -539779.4321403124 1.613022046698934e-05 28.856859007659665 27.118919569529368 26.357319112706286 171.14293407286243 327.7380744440338 400.000000000001 -0.008871366957349427 2.6732847608210974 2.499539894953381 -0.01052769164808355 -22.512556918798115 2.2758538805102984e-08 0.09809062243263514 0.04620808059497634 0.05188240582124237 2.5552071229794002 0.04178917137776649 0.05630145105486866 0.06779360357638006 0.06779360357606833 4.705001772357614 2.279377541405613
650.0 11.257253178739813 -5.949419251183967 53.14777331942364 -539485.6600350541 1.6186203430928648e-05 28.932134387947634 27.158129516537016 26.403817621857407 170.7362884353002 327.40639851419417 400.000000000001 -0.009154818525505032 2.7135067582582644 2.528316766090228 -0.010751901294093778 -22.35182257570788 2.2665769130781866e-08 0.09962602235072386 0.046928054505266395 0.052697831798110537 2.5840509091717703 0.042414399309683645 0.05721162304104023 0.06887475001095877 0.06887475001064611 4.621859924526246 2.2819931486394114
660.0 11.26273032798599 -5.954878751624138 53.58637014636318 -539191.4692810256 1.6242177203413985e-05 29.00697913526892 27.196663755763765 26.450089502920594 170.32755848538957 327.0730427872945 400.000000000001 -0.00944258392976936 2.753592924888056 2.5568896323483283 -0.010974455911950641 -22.18252022887006 2.257482350924715e-08 0.10115779698802232 0.04764733170310713 0.05351032920574127 2.612626676009814 0.04303957514146495 0.05811822184655737 0.069954430966096 0.06995443096578105 4.54135799535446 2.284590201550821
670.0 11.268229065590049 -5.960386391715687 54.01942105280125 -538896.8671725697 1.6298165045129587e-05 29.08143998601151 27.23456595155936 26.496165548652133 169.91673635126477 326.73800170471577 400.000000000001 -0.009734652073032354 2.793545021199135 2.585274437359383 -0.011195269793207879 -22.004941824187718 2.248575316424793e-08 0.10268592889381657 0.04836592449931949 0.05431986828260492 2.6409512375245416 0.04366474592841686 0.05902118296539971 0.07103261963978164 0.07103261963944882 4.463375078469037 2.2871691004092276
680.0 11.27374942909957 -5.965941635506649 54.447084637856165 -538601.8605253843 1.635418911222356e-05 29.155561588915205 27.27187765405172 26.542074584723824 169.50381353757993 326.4012690886084 400.000000000001 -0.01003101206328362 2.8333649652300505 2.613487004191382 -0.011414260063942003 -21.819359971307698 2.2398604239047687e-08 0.10421040700581563 0.04908384742507329 0.05512642343524668 2.669041348695451 0.04428995976720738 0.059920447238608246 0.07210929293711865 0.07210929293677797 4.387797495390068 2.289730226703099
690.0 11.279291463528272 -5.971543962934923 54.86951318867395 -538306.4556998325 1.6410270565964107e-05 29.229386655567033 27.308638444391203 26.58784364378625 169.0887809630243 326.062838689782 400.000000000001 -0.01033165322984288 2.873054821574362 2.641543011780789 -0.01163134649894294 -21.62602919174219 2.2313418081247516e-08 0.10573122630871626 0.04980111714945888 0.05592997297927944 2.6969136786348162 0.044915265791565455 0.06081596051715077 0.07318443130708066 0.07318443130672825 4.314518260299818 2.29227394546696
700.0 11.284855221054567 -5.977192869222595 55.28685301681655 -538010.6586226112 1.646642967561049e-05 29.30295609485746 27.34488606365511 26.63349812345639 168.67162897009518 325.7227029806489 400.000000000001 -0.010636565138474151 2.9126167908476375 2.669457971401064 -0.011846451347886616 -21.425187124490215 2.2230231494648254e-08 0.10724838750848517 0.05051775239818991 0.05673049889496348 2.7245847844452236 0.04554071438961685 0.06170767311886831 0.0742580185850054 0.07425801858464204 4.243436590926091 2.2948006075303202
710.0 11.290440760754393 -5.982887864301819 55.699244772591605 -537714.4748069446 1.6522685913433394e-05 29.37630913345597 27.380656527322827 26.679061930162284 168.25234734352358 325.3808540989573 400.000000000001 -0.01094573760546862 2.952053199579426 2.697247203293686 -0.012059499173134227 -21.217055686453314 2.214907696291017e-08 0.10876189672144457 0.051233773873313695 0.05752798659658122 2.752071085805178 0.04616635715121016 0.0625955395702344 0.07533004184067554 0.07533004184038489 4.174457460774934 2.2973105518732764
720.0 11.296048148362491 -5.988628472270312 56.106823738971315 -537417.9093714722 1.6579058039180482e-05 29.449483422799787 27.41598422702029 26.724557609208052 167.8309253147414 325.037283643892 400.000000000001 -0.01125916071069858 2.991366490496681 2.7249258135917316 -0.012270416698912217 -21.001842185779346 2.2069982849266943e-08 0.11027176517720064 0.051949204173847296 0.058322424714729794 2.779388840345166 0.046792245908471065 0.06347951926872954 0.07640049123190555 0.07640049123162074 4.107491191555414 2.2998041073013136
730.0 11.301677456061885 -5.994414230874609 56.50972010663554 -537120.9670579613 1.663556417942081e-05 29.522515135647648 27.450902021044406 26.770006463983606 167.40735159112813 324.69198269105084 400.000000000001 -0.011576824809713157 3.0305592131738446 2.7525086716640423 -0.012479132670808581 -20.779740386880604 2.199297357601525e-08 0.11177800893468223 0.05266406771700302 0.059113804891134256 2.8065541198780553 0.047418432839656695 0.06435957609502552 0.07746935986289644 0.0774693598625758 4.042453077332446 2.3022815946137234
740.0 11.307328762297592 -6.000244691019405 56.90805923152625 -536823.652247977 1.6692221898875924e-05 29.595439052046302 27.48544131501746 26.815428664036155 166.98161435587852 324.34494180549444 400.000000000001 -0.011898720544911697 3.069634015023708 2.7800103880101505 -0.012685577725806349 -20.550931526545426 2.1918069787142315e-08 0.11328064861034516 0.05337839066015308 0.05990212158488696 2.8335827875541546 0.04804497061190203 0.0652356779984431 0.07853664364771736 0.07853664364737523 3.979263042089536 2.304743328034096
750.0 11.31300215161411 -6.006119416301386 57.30196187620511 -536525.9689786106 1.6749048268160402e-05 29.668288637436163 27.51963213387018 26.860843344610124 166.55370128703646 323.99615105296266 400.000000000001 -0.012224838855804825 3.108593632611472 2.8074452928260447 -0.012889684271964678 -20.315585280940603 2.1845288496962125e-08 0.11477970911786747 0.05409220082330719 0.06068737188966536 2.8604904760047534 0.04867191253175042 0.06610779658611704 0.07960234117834773 0.07960234117813422 3.9178453231413326 2.3071896170922814
760.0 11.31869771451342 -6.012037982566131 57.69154443618563 -536227.9209573712 1.680605991995851e-05 29.74109611121074 27.55350318622404 26.906268695854365 166.12359954594095 323.64560000946074 400.000000000001 -0.01255517098841243 3.1474408832741223 2.8348274153563784 -0.013091386377726298 -20.073860683760227 2.1774643227308283e-08 0.1162752194185405 0.05480552761220127 0.06146955536103419 2.887292566537689 0.04929931270303059 0.0669759067155099 0.08066645359744243 0.08066645359715352 3.8581281848938733 2.309620767107428
770.0 11.32441554733156 -6.017999977486671 58.07691915232713 -535929.5115763244 1.6863273107614117e-05 29.813892510982612 27.587081922120312 26.951722046848605 165.6912958104371 323.2932777693725 400.000000000001 -0.012889708503854194 3.1861786570358963 2.8621704641340053 -0.013290619669107384 -19.82590699594466 2.170614413539281e-08 0.11776721228190289 0.05551840194150963 0.06224867385386741 2.9140041694370074 0.04992722619163531 0.06783998609026758 0.0817289844745815 0.08172898447417482 3.800043649524864 2.312037081169889
780.0 11.330155752135187 -6.024005000162486 58.45819431029554 -535630.7439255427 1.6920703759701157e-05 29.8867077504361 27.620394584949675 26.997219942228107 165.2567762511784 322.939172952042 400.000000000001 -0.013228443286115915 3.224809908803728 2.8894878082079942 -0.013487321236161462 -19.571864527906968 2.1639798134288917e-08 0.11925572405573952 0.0562308561588212 0.06302473136837083 2.940640105423951 0.05055570920633222 0.0687000148494073 0.08278993968735177 0.08278993968683179 3.7435272514930817 2.3144388612761757
790.0 11.335918436633804 -6.030052660737734 58.83547442800172 -535331.6208059473 1.6978367521662543e-05 29.959570670399465 27.653466258329942 27.04277821096042 164.82002656045478 322.5832737071061 400.000000000001 -0.013571367549063799 3.2633376508375465 2.9167924594390473 -0.013681429546883915 -19.311865415148475 2.1575609007549838e-08 0.12074079444508247 0.05694292396888572 0.06379773390483678 2.967214888316837 0.05118481929516577 0.0695559751499167 0.08384932730596237 0.08384932730533573 3.6885178127969924 2.3168264088559862
800.0 11.341703714106394 -6.036142580037641 59.208860431863144 -535032.1447415954 1.70362798029365e-05 30.032509087514224 27.686320908601697 27.08841203157813 164.38103194111088 322.2255677186607 400.000000000001 -0.013918473842695636 3.3017649454870686 2.9440970559360924 -0.013872884368523967 -19.04603434845186 2.1513577519313267e-08 0.1222224662996424 0.057654640358277005 0.06456768932641224 2.993742708926358 0.05181461543784442 0.07040785086179796 0.08490715748155898 0.08490715748087013 3.634957233447608 2.319200025885995
810.0 11.3475117033441 -6.0422743892220065 59.578449822682416 -534732.3179914535 1.7094455817274946e-05 30.105549838223318 27.71898142353564 27.13413599152745 163.9397771111003 321.86604220818765 400.000000000001 -0.014269755058702219 3.3400948981898866 2.971413846695861 -0.014061626695921202 -18.774489259933922 2.1453701521000882e-08 0.12370078540922447 0.05836604152053382 0.06533460722937402 3.020237420214203 0.05244515767019156 0.07125562773903289 0.08596344233816672 0.08596344233749684 3.582790298387617 2.3215600156546667
820.0 11.353342528604447 -6.048447729454903 59.944336831848425 -534432.1425607193 1.715291061891936e-05 30.178718819065757 27.751469647775284 27.1799641415712 163.496246298804 321.5046839365364 400.000000000001 -0.01462520443531759 3.3783306507253386 2.9987546774945533 -0.014247598686453719 -18.49734196634411 2.139597605552252e-08 0.12517580030667258 0.05907716478179821 0.06609849882043434 3.046712523733418 0.05307650627864359 0.07209929402802898 0.08701819586811116 0.0870181958674002 3.5319644999846256 2.3239066831390436
830.0 11.359196319579258 -6.054662251589658 60.30661256854083 -534131.6202117107 1.7211659140311263e-05 30.252041025679155 27.783806415477805 27.225910047609904 163.05042325901044 321.1414792048159 400.000000000001 -0.014984815561533946 3.4164753747227503 3.0261309780692525 -0.014430743600777854 -18.21469877102207 2.1340393459691627e-08 0.12664756207806488 0.05978804852686022 0.06685937680089188 3.0731811573604446 0.05370872217767529 0.07293883990038956 0.0880714338304679 0.08807143382975738 3.4824298709121138 2.3262403361665216
840.0 11.365073211373694 -6.060917615868307 60.66536515854372 -533830.7524743702 1.7270716223498165e-05 30.325540587668417 27.81601158056396 27.271986837048786 162.60229124764965 320.77641385440154 400.000000000001 -0.015348582380668541 3.4545322654181234 3.0535537506196304 -0.014611005749679957 -17.926661026077586 2.1286943465479123e-08 0.1281161241796776 0.060498732125918483 0.06761725525683496 3.099656084324988 0.0543418668910585 0.07377425728861908 0.08912317365303359 0.08912317365241512 3.434138832747764 2.328561285385904
850.0 11.37097334449635 -6.067213491634738 61.020679875241804 -533529.5406564043 1.733009665128258e-05 30.39924080260915 27.848104044933944 27.318207242963656 162.15183303732272 320.4094732660301 400.000000000001 -0.0157164991933262 3.4925045356589077 3.0810335596454985 -0.014788330446102494 -17.633325656283784 2.1235613300516495e-08 0.12958154226151264 0.06120925586191356 0.06837214955533563 3.126149683531273 0.05497600251822797 0.07460553974328467 0.09017343433724287 0.09017343433680963 3.387046052874877 2.330869845016835
860.0 11.376896864859077 -6.073549557060808 61.37263926332216 -533227.9858530915 1.7389815172438895e-05 30.473164166802114 27.88010178496545 27.364583643672134 161.69903090850073 320.0406423580963 400.000000000001 -0.016088560659770795 3.5303954101535 3.1085805231299743 -0.014962663962283289 -17.334785646263736 2.1186387788203547e-08 0.13104387399705264 0.0619196608586091 0.0691240762461237 3.1526739411613516 0.05561119169800421 0.07543268229904844 0.09122223636619792 0.09122223636573476 3.3411083143409552 2.3331663326514045
870.0 11.382843923785938 -6.079925498884771 61.721323255671436 -532926.0889567721 1.7449886533746714e-05 30.54733240715757 27.912021876565774 27.411128102092867 161.24386664493875 319.6699055841956 400.000000000001 -0.016464761801769884 3.5682081199662052 3.1362043050646995 -0.015133953490847658 -17.031130492462232 2.1139249447610913e-08 0.13250317891912944 0.06262998900920638 0.06987305296884062 3.179240443539898 0.05624749756987775 0.07625568134925169 0.09226960161506347 0.092269601614617 3.29628439111175 2.335451070207745
880.0 11.388814678033423 -6.086341012161366 62.06680928392601 -532623.8506660402 1.7510325503236706e-05 30.6217665098845 27.943880519023747 27.457852400570005 160.7863215319145 319.2972469297496 400.000000000001 -0.016845098003878265 3.605945897251098 3.1639141093144962 -0.015302147111195808 -16.722446621595317 2.1094178593417228e-08 0.1339595182614382 0.06334028290616678 0.07061909836473121 3.2058603712441203 0.05688498373295417 0.07707453452848403 0.09331555326514018 0.09331555326470514 3.252534934895258 2.337724383914666
890.0 11.394809289816491 -6.092795800023001 62.409172383077276 -532321.2714946592 1.75711468920052e-05 30.6964867480433 27.975693057861548 27.504768073244826 160.32637634619422 318.92264990811645 400.000000000001 -0.017229565014227576 3.643611970227286 3.191718674798474 -0.01546719375910962 -16.408817776982648 2.1051153435871627e-08 0.1354129548057306 0.0640505857716819 0.07136223199336642 3.232544494422979 0.05752371417816417 0.07788924062756641 0.09436011572008891 0.09436011571965996 3.209822370149686 2.339986604108836
900.0 11.40082792684484 -6.0992895734514665 62.748485290538284 -532018.3517802063 1.76323655810864e-05 30.771512710322213 28.007474006869664 27.551886438353545 159.8640113555174 318.54609755585454 400.000000000001 -0.017618158944837422 3.6812095583919318 3.2196262719686652 -0.015629043200242956 -16.09032537435737 2.101015018085266e-08 0.13686355273440431 0.0647609413892308 0.07210247425367608 3.2593031692970023 0.058163753145327755 0.07869979958907652 0.09540331452506462 0.0954033145246386 3.1681107931496904 2.342238065994954
910.0 11.406870762365944 -6.10582205105967 63.08481854001831 -531715.0916924617 1.7693996537265666e-05 30.84686332604189 28.039237069476275 27.59921862548636 159.39920630911251 318.1675724273906 400.000000000001 -0.018010876271474217 3.718741867968946 3.247644700555533 -0.015787646006930507 -15.76704882863353 2.0971143129983723e-08 0.1383113774883385 0.06547139403619029 0.07283984630917353 3.2861463357996974 0.05880516510094716 0.07950621238739129 0.0964451762884596 0.09644517628803467 3.1273658821964094 2.3444791088963255
920.0 11.412937975215083 -6.112392958882906 63.41824055054187 -531411.4912415559 1.775605483894593e-05 30.922556893216186 28.070995159581308 27.646775604670353 158.9319404297146 317.7870565890753 400.000000000001 -0.01840771383306887 3.7562120875912837 3.275781288545832 -0.01594295353806273 -15.439065853098558 2.0934104780738766e-08 0.13975649562983514 0.06618198841758849 0.07357437001714387 3.3130835163196117 0.05944801468740784 0.08030848094242728 0.09748572860622971 0.09748572860580369 3.087554809624866 2.3467100769630744
930.0 11.419029749874532 -6.1190020301792405 63.748817710932805 -531107.5502858689 1.7818555693312835e-05 30.998611103684 28.102760421966014 27.694568211329752 158.46219241099132 317.40453161247535 400.000000000001 -0.01880866883073496 3.793623384215114 3.3040428923542455 -0.016094917921760654 -15.10645273245847 2.089900592644024e-08 0.14119897471056486 0.0668927696010893 0.07430606786160499 3.3401238154995934 0.060092366666935765 0.0811066080436291 0.09852499998877326 0.0985249999883453 3.048646161952585 2.3489313188997762
940.0 11.4251462765372 -6.125649005238525 64.07661446003169 -530803.2685397082 1.788151445553544e-05 31.075043068699717 28.134544252368492 27.742607170555395 157.9899403942831 317.0199785672196 400.000000000001 -0.019213738826406177 3.830978899261848 3.3324358981443254 -0.016243492040606135 -14.769284571138801 2.0865815756027403e-08 0.14263888314434786 0.06760378295325883 0.07503496288982212 3.367275921045554 0.06073828586572691 0.08190059727862094 0.0995630197902854 0.09956301978985527 3.010609865367722 2.3511431877222173
950.0 11.43128775117951 -6.132333631199714 64.40169336293651 -530498.6455807503 1.7944946648678672e-05 31.15186934541027 28.16635731730198 27.790903121157566 157.51516198276542 316.6333780130647 400.000000000001 -0.01962292174110735 3.868281744986664 3.360966224252702 -0.016388629519173796 -14.427635518186861 2.0834501953449638e-08 0.144076290084726 0.06831507407720847 0.07576107865223713 3.3945481054967273 0.061385837118445766 0.08269045296628022 0.10059981814057548 0.10059981814016294 2.97341711385306 2.3533460412183893
960.0 11.437454375638657 -6.13905566187608 64.72411518349404 -530193.6808572691 1.8008867977540236e-05 31.229105960615275 28.198209573677193 27.839466635948614 157.03783421461236 316.2447099915362 400.000000000001 -0.02003621585289117 3.9055350010686998 3.389639324666655 -0.016530284713723285 -14.081578970105728 2.0805030796538332e-08 0.1455112653071621 0.06902668875168552 0.07648443914557679 3.421948228906981 0.062035085213222 0.0834761800939401 0.10163542587933755 0.10163542587889726 2.9370403054189227 2.355540241067166
970.0 11.443646357697189 -6.145814857587974 65.04393895328808 -529888.3736951426 1.807329434880735e-05 31.306768437031117 28.230110288276528 27.88830824352973 156.55793355427798 315.8539540169017 400.000000000001 -0.02045361979447413 3.9427417114208683 3.4184601935013896 -0.01666841270359961 -13.731187752860823 2.0777367255174842e-08 0.14694387909584553 0.06973867287160668 0.07720506875912506 3.4494837423839844 0.06268609483732596 0.08425778425851957 0.10266987449265787 0.10266987449219561 2.901452979194228 2.357726153101526
980.0 11.449863911173853 -6.15261098500282 65.36122203733443 -529582.7233046457 1.8138241888094923e-05 31.38487181892109 28.262068057120686 27.93743844849544 156.07543589061552 315.4610890665534 400.000000000001 -0.02087513255056176 3.979904881214469 3.447433370425654 -0.01680296928452011 -13.376534284330573 2.0751475088609712e-08 0.14837420213495983 0.0704510723902286 0.07792299222382025 3.477161692436667 0.06333893052364092 0.08503527161131894 0.10370319605203705 0.1037031960515581 2.866629757258244 2.3599041472805564
990.0 11.456107256021191 -6.15944381698206 65.67602019668686 -529276.728787028 1.820372695749782e-05 31.46343069762103 28.29409082475422 27.98686775064298 155.59031651549398 315.06609357081015 400.000000000001 -0.021300753454923427 4.017027474115457 3.47656294697805 -0.01693391096323117 -13.01769071834848 2.0727316941741924e-08 0.14980230540438758 0.07116393326289683 0.07863823456421073 3.5049887260757973 0.06399365659808659 0.085808648806301 0.10473542315561846 0.10473542315512732 2.8325462904171186 2.3620745974813624
1000.0 11.462376618428712 -6.166313132434722 65.98838764813499 -528970.3891408846 1.8269766167693e-05 31.54245923551823 28.326185903470403 28.03660666179998 155.10255011774285 314.66894540214594 400.000000000001 -0.02173048218722122 4.054112409727361 3.5058525737182498 -0.017061194953509832 -12.654729071496565 2.0704854440196563e-08 0.15122826007974238 0.07187730139247384 0.07935082105305921 3.532971096615475 0.06465033712810336 0.08657792295163906 0.10576658887170559 0.10576658887120777 2.799179208297663 2.3642378808242883
1010.0 11.46867223093125 -6.173218716177346 66.29837712116719 -528663.7032683218 1.8336376397343254e-05 31.621971192704017 28.358359992488452 28.08666572454795 154.61211076613608 314.2696218639085 400.000000000001 -0.022164318769602436 4.091162561236322 3.535305468156068 -0.017184779173319786 -12.287721333744518 2.0684048284033782e-08 0.15265213743665995 0.07259122257648468 0.08006077716848763 3.5611146701227607 0.06530903587231492 0.08734310156434508 0.10679672668451269 0.1067967266840139 2.766506070650605 2.3663943777885366
1020.0 11.474994332525643 -6.180160358800087 66.60603991237394 -528356.6699809071 1.8403574811829245e-05 31.701979953618153 28.390619197089922 28.137055530216628 154.11897190492556 313.86809967830595 400.000000000001 -0.022602263563100872 4.128180753254432 3.5649244234015285 -0.017304622242963162 -11.916739563983455 2.0664858339923928e-08 0.15407400875931762 0.07330574245604232 0.08076812855357196 3.5894249324635688 0.06596981623149185 0.08810419252782578 0.10782587044213937 0.10782587044164517 2.734505320946055 2.3685444724467546
1030.0 11.481343168792197 -6.187137856538662 66.91142593742825 -528049.2880054218 1.8471378873706276e-05 31.782498550584123 28.42296904771484 28.187786733105842 153.62310632651912 313.4643549738811 400.000000000001 -0.02304431726385129 4.165169759855319 3.5947118174782817 -0.01742068348408509 -11.541855971470223 2.0647243731636584e-08 0.15549394525307433 0.07402090646657097 0.08147290097825848 3.617906996892809 0.06663274120089782 0.08886120405217651 0.10885405430670708 0.10885405430622375 2.7031562464416714 2.370688551261766
1040.0 11.487718992021819 -6.194151011151995 67.21458378078677 -527741.5559894072 1.8539806363071425e-05 31.863539691452303 28.455414519014376 28.238870068208453 153.12448617065616 313.05836327241724 400.000000000001 -0.0234904808991453 4.202132302797044 3.6246696232438556 -0.017532922919397592 -11.163142984149205 2.0631162928696092e-08 0.15691201796117618 0.07473675979036917 0.08217512030350625 3.646565612138435 0.06729787332411084 0.08961414463706532 0.10988131270663383 0.1098813127061691 2.672438936271499 2.372827003578448
1050.0 11.49412206135123 -6.201199629805314 67.5155607432552 -527433.4725065052 1.860887539478585e-05 31.945115785917707 28.487960048853274 28.290316367056832 152.62308290506823 312.6500994751089 400.000000000001 -0.023940755823336962 4.2390710499277375 3.654799418860879 -0.017641301272992647 -10.780673304774247 2.0616573833062116e-08 0.15832829768549317 0.0754533473110553 0.08287481244757859 3.675405170930152 0.06796527464841703 0.09036302303707613 0.11090768029103135 0.1109076802906018 2.6423342437074413 2.374960221395102
1060.0 11.500552642903145 -6.208283524958549 67.81440288752556 -527125.0360615992 1.867860443166316e-05 32.02723897031126 28.520609557251458 28.342136571546867 152.11886729801762 312.2395378482123 400.000000000001 -0.024395143713636373 4.275988613767343 3.68510239876439 -0.017745779971201532 -10.394519955728493 2.0603433863714525e-08 0.15974285491117612 0.07617071356992892 0.08357200335433831 3.704429718924981 0.06863500668182851 0.09110784822934757 0.11193319188622541 0.11193319188574959 2.6128237522106685 2.3770885984707633
1070.0 11.507011009932977 -6.215402514259795 68.11115508180849 -526816.2450957547 1.8749012302895227e-05 32.109921134981036 28.553366465250132 28.394341749912 151.61180942118602 311.8266520080064 400.000000000001 -0.024853646565792458 4.3128875502608555 3.7155793850690375 -0.01784632114357904 -10.00475631335205 2.0591700039004236e-08 0.16115575973522522 0.07688890272416563 0.08426671896362178 3.7336429639807314 0.06930713035181445 0.09184862938341076 0.11295788245411982 0.11295788245361954 2.5838897406225527 2.379212530559502
1080.0 11.513497442982834 -6.2225564204437225 68.40586104166883 -526507.0979909583 1.8820118225094204e-05 32.19317395207712 28.58623371369137 28.446943112709278 151.10187862078226 311.41141490509665 400.000000000001 -0.025316266689687852 4.3497703576964195 3.746230839367838 -0.017942887624512883 -9.611456132647135 2.0581329056695912e-08 0.1625670817988401 0.077607958507082 0.08495898518332379 3.76304828573693 0.0699817059657794 0.0925853758330607 0.11398178705287429 0.11398178705236121 2.555515150798146 2.3813324154360234
1090.0 11.520012230042953 -6.229745071234777 68.69856337016724 -526197.593074654 1.889194181508362e-05 32.2770089006208 28.61921378189073 28.499952025753668 150.5890435052636 310.9937988079609 400.000000000001 -0.02578300670487072 4.386639475783614 3.777056874867131 -0.018035442954765293 -9.21469356306336 2.0572277371571648e-08 0.16397689022356282 0.07832792419026685 0.08564882786340922 3.7926487454554567 0.07065879317337068 0.09331809705019212 0.11500494079936342 0.11500494079883877 2.5276835589090547 2.383448652098141
1100.0 11.5265556667177 -6.2369682992549595 68.98930359638705 -525887.728624092 1.8964503108757776e-05 32.361437293740366 28.65230870618587 28.553380024931144 150.0732719217532 310.57377528596516 400.000000000001 -0.026253869536031586 4.423497284884423 3.8080572688092227 -0.018123951383145855 -8.814543156131524 2.0564501270526794e-08 0.16538525355107003 0.07904884254767117 0.08633627277161571 3.8224470960805403 0.07133845093062043 0.0940468026204496 0.11602737883359412 0.11602737883308212 2.500379147196479 2.3855616405090156
1110.0 11.533128056401374 -6.244225941936162 69.27812221245762 -525577.5028704705 1.9037822583473383e-05 32.44647030724317 28.685520098344384 28.60723883210697 149.55453093996036 310.15131519147883 400.000000000001 -0.02672885840844856 4.46034610539264 3.8392314751362058 -0.01820837786827552 -8.411079865633482 2.0557956945081442e-08 0.1667922396866129 0.07977075582170387 0.0870213455707972 3.8524457924797 0.07202073746599916 0.09477150222061372 0.11704913628511845 0.11704913628460573 2.4735866758454668 2.3876717818633515
1120.0 11.539729710460325 -6.251517841436822 69.56505870914044 -525266.9140028872 1.9111921175351822e-05 32.53211900643922 28.718849163808834 28.661540369092812 149.0327868358725 309.7263886413157 400.000000000001 -0.027207976843410153 4.4971881972547445 3.8705786373464046 -0.018288688080162648 -8.004379040955587 2.0552600561234e-08 0.16819791584600766 0.08049370569123893 0.08770407179790798 3.8826470018252133 0.07270571024838934 0.0954922055976183 0.11807024824121076 0.1180702482406991 2.4472914581686065 2.389779478136137
1130.0 11.546360948423242 -6.258843844562872 69.8501516100622 -524955.9601720944 1.9186820297974853e-05 32.61839437299514 28.752296719761937 28.716296771493962 148.5080050616666 309.2989649973492 400.000000000001 -0.02769122865364136 4.5340257596265126 3.9020976015011755 -0.018364848401761193 -7.594516414270366 2.054838832661338e-08 0.16960234850610678 0.08121773324162074 0.08838447684446799 3.9130526140821047 0.07339342595700674 0.09620892254910005 0.11909074971697381 0.11909074971646888 2.4214793372320718 2.391885131534387
1140.0 11.553022098178227 -6.2662038026927975 70.13343850466075 -524644.6394940675 1.92625418641901e-05 32.705307333422795 28.78586321299069 28.77152040408445 147.98015023548584 308.8690128464098 400.000000000001 -0.02817861793873049 4.570860930658975 3.933786929338342 -0.018436825930299897 -7.1815680821277095 2.0545276554879635e-08 0.17100560335867085 0.08194287893659674 0.08906258593850239 3.9436642525670456 0.07408394045328616 0.09692166290538469 0.12011067562720162 0.12011067562670763 2.3961366622956928 2.3939891445792205
1150.0 11.559713496179981 -6.27359757170678 70.41495607992555 -524332.9500533743 1.9339108310200092e-05 32.79286878801311 28.819548737531328 28.827223876560595 147.44918610969165 308.43649997921915 400.000000000001 -0.02867014908059829 4.607695787408761 3.965644911452518 -0.018504588478374072 -6.7656104820163705 2.0543221727337764e-08 0.17240774526760844 0.08266918259220266 0.08973842412789597 3.97448328454653 0.07477730875475949 0.09763043651284892 0.12113006076003094 0.1211300607595447 2.371250266881583 2.396091920051026
1160.0 11.566435487664593 -6.281025011919784 70.69474015098433 -524020.8899063622 1.9416542613516986e-05 32.881089637315924 28.853353052075477 28.88342005681231 146.91507554960685 308.0013933684879 400.000000000001 -0.029165826738994594 4.644532345865886 3.997669580503616 -0.018568104574754215 -6.346720364430185 2.0542180551743363e-08 0.1738088382294694 0.08339668335256639 0.09041201626508291 4.005510831843595 0.0754735850109183 0.0983352532185511 0.12214893975231614 0.1221489397518105 2.346807449311958 2.3981938602598687
1170.0 11.573188426872967 -6.28848598801852 70.97282569059927 -523708.45708415686 1.9494868319588243e-05 32.96998081222187 28.887275597119135 28.940122087805022 146.37778051589035 307.563659146132 400.000000000001 -0.029665655847054932 4.681372561093478 4.029858724416847 -0.018627343464812665 -5.9249747609334396 2.054211001828054e-08 0.1752089453371361 0.08412541966759977 0.09108338699304576 4.036747781424237 0.07617282248106805 0.09903612285606808 0.1231673470666572 0.12316734706613061 2.3227959521275423 2.4002953673462213
1180.0 11.579972677284989 -6.295980369002234 71.24924685763763 -523395.64959547203 1.957410956629328e-05 33.05955330272233 28.921315511837367 28.99734340318186 145.83726203460253 307.1232625794809 400.000000000001 -0.030169641606929254 4.7182183274739575 4.062209899540473 -0.018682275110614578 -5.500450948702383 2.0542967452708316e-08 0.17660812874664575 0.08485542927259629 0.09175256073254039 4.068194795937493 0.07687507351418854 0.09973305523245721 0.1241853169701254 0.12418531696965592 2.29920394367595 2.40239684304048
1190.0 11.58678861186234 -6.303508028127221 71.52403702455882 -523082.4654292412 1.9654291107385957e-05 33.14981818608489 28.955471650668983 29.055097742354675 145.29348016673404 306.68016804648084 400.000000000001 -0.03067778948547515 4.755071479055209 4.094720443730217 -0.018732870190769736 -5.07322641200583 2.0544710566685982e-08 0.17800644964702989 0.08558674916974628 0.09241956167042036 4.099852324185549 0.07758038953075816 0.10042606011627173 0.12520288351473946 0.12520288351424488 2.276020001208206 2.404498688150857
1200.0 11.593636613301765 -6.311068842855029 71.79722880397512 -522768.9025570663 1.9735438338507303e-05 33.24078665613258 28.989742599589768 29.113399166808065 144.74639399068687 306.2343390099069 400.000000000001 -0.03119010521006256 4.791933789991804 4.127387489324512 -0.01877910009940699 -4.6433788009741015 2.054729750525323e-08 0.1794039682331602 0.0863194156113259 0.09308441374929334 4.131720611495255 0.07828882100658442 0.10111514722657577 0.12622008051915806 0.12622008051862044 2.2532330937915734 2.4066013025030957
1210.0 11.600517074299258 -6.31866269480429 72.06885407433334 -522454.9589354887 1.981757733305776e-05 33.332470056271134 29.024126692067007 29.17226208028106 144.19596156160083 305.78573799042755 400.000000000001 -0.0317065947644749 4.828806975075196 4.1602079759900805 -0.018820936945109636 -4.210985888142195 2.0550686891528173e-08 0.18080074368144716 0.08705346408485189 0.09374714065806546 4.163799709977674 0.0790004174585798 0.10180032622286736 0.1272369415522771 0.12723694155168191 2.230832564977036 2.4087050855312766
1220.0 11.607430397826203 -6.326289469706174 72.33894400476541 -522140.63250807975 1.9900734847717916e-05 33.42487989916718 29.058622024675497 29.231701235761342 143.64213989434944 305.3343265384782 400.000000000001 -0.03222726438491828 4.865692690348153 4.193178663405839 -0.018858353549137178 -3.776125523063045 2.0554837868611074e-08 0.18219683412838178 0.08778892929993654 0.09440776582362781 4.196089488650278 0.07971522743250264 0.10248160669587916 0.12825349991815854 0.1282534999175257 2.2088081225433687 2.410810433515892
1230.0 11.614376997415825 -6.3339490573633475 72.6075290791403 -521825.9212073644 1.9984938433030927e-05 33.51802793365384 29.093226472364226 29.291731789891003 143.08488492303854 304.88006520502256 400.000000000001 -0.03275212055617158 4.902592533796895 4.226296143762842 -0.018891323443231182 -3.338875585369891 2.0559710138742574e-08 0.18359229665177404 0.08852584517690477 0.09506631240347788 4.22858964340608 0.08043329849261033 0.10315899815916371 0.12926978864248487 0.1292697886418325 2.1871498064779176 2.4129177488087747
1240.0 11.621357297463213 -6.341641351612504 72.87463911937047 -521510.82295656716 2.0070216167159526e-05 33.61192603759042 29.127937703361034 29.352369183533384 142.52415147304276 304.42291351098766 400.000000000001 -0.03328117000785847 4.939508046117025 4.259556854057034 -0.01891982086682403 -2.8993139365889506 2.0565263999741636e-08 0.18498718725466812 0.0892642448371053 0.09572280327932367 4.2612997068125615 0.08115467721323677 0.10383251004143138 0.13028584046040806 0.13028584045975136 2.165848040874774 2.4150274043781375
1250.0 11.628371733537602 -6.349366250290368 73.14030330800209 -521195.3356711931 2.0156597806579082e-05 33.706584908739686 29.16275319370468 29.413627820585347 141.95983987092842 303.962829915379 400.000000000001 -0.03381441971088171 4.976440711547262 4.292957088154339 -0.01894382076371936 -2.457518371011398 2.057146037877053e-08 0.18638156085181395 0.0900041605948903 0.09637726105157543 4.294219057725835 0.08187940917224534 0.10450215167956863 0.13130168780579501 0.13130168780514984 2.1448950740643813 2.4171389444299995
1260.0 11.63542075451219 -6.357123655249857 73.40455021827032 -520879.4572542773 2.024412610091656e-05 33.801994793851236 29.19767024180004 29.475501784888497 141.3911056186014 303.49977166254075 400.000000000001 -0.0343518768794675 5.013391959452224 4.326493008962739 -0.018963298777357914 -2.0135665628474895 2.0578260862208804e-08 0.18777547128587013 0.09074562396504718 0.0970297080481169 4.327346931060449 0.08260753895926176 0.10516793232660834 0.13231736282177745 0.13231736282116607 2.124304376826517 2.4192402710831487
1270.0 11.64250489498093 -6.364913474240895 73.66740816081507 -520563.1853517018 2.03334276079796e-05 33.898345367329874 29.232685998392 29.538184693174017 140.81493184968343 303.03368996420045 400.000000000001 -0.03489354918960382 5.050363192821422 4.3601606741558525 -0.018978231211157305 -1.5675358939208737 2.0585627673657072e-08 0.18916897241321995 0.09148866621402682 0.09768016685889272 4.360682441201875 0.0833391106932412 0.10582986171997873 0.13333289815482657 0.13333289815425595 2.104035889399589 2.421348883731907
1280.0 11.649624974732252 -6.372762165126097 73.92896713575368 -520248.9960965483 2.0425105314454743e-05 33.99588134855367 29.267801332799706 29.601925263159494 140.22995383276668 302.55548540134873 400.000000000001 -0.03543944541279005 5.087355866195519 4.393956085394171 -0.01898859491664439 -1.119503068950906 2.059352355260091e-08 0.19056212116569435 0.09223331991846542 0.09832866183910788 4.394224629215837 0.08407416948654385 0.10648795167915048 0.13434832920240558 0.13434832920192333 2.08400826363681 2.4235062697605336
1290.0 11.656781721674331 -6.380639073821774 74.18918483187505 -519934.0286616313 2.0517742971888816e-05 34.09423623029365 29.303008629064934 29.66636111082242 139.64486099933242 302.07547229949296 400.000000000001 -0.03598957429345973 5.124371343320426 4.427875119471229 -0.018994367452151936 -0.669544719616588 2.0601912013659108e-08 0.1919549718895992 0.09297961608966568 0.09897521632377737 4.427972391795794 0.08481275875780975 0.10714221313178945 0.13536368997437576 0.13536368997388296 2.064243890388108 2.4256962966211195
1300.0 11.663975059223468 -6.388515162023905 74.44801839408878 -519615.57926366397 2.060869757674568e-05 34.19268407740195 29.33830034240718 29.730770671236005 139.0747988673705 301.6034954192994 400.000000000001 -0.036543942279521124 5.16141062353735 4.461913406165943 -0.018995527458417403 -0.2177385424736314 2.06107579103035e-08 0.19334756537032138 0.09372757859577324 0.09961984723016012 4.461924356170027 0.08555491500814409 0.10779265036217725 0.13637900502808656 0.13637900502758774 2.044808713401185 2.427877603951619
1310.0 11.671204074025647 -6.396369331042759 74.70543885181544 -519291.6920725198 2.0695898951215415e-05 34.29070285076313 29.373669898836596 29.79463650809586 138.53296071026597 301.14677511694333 400.000000000001 -0.03710255329122669 5.198474326755122 4.496066342667273 -0.018992054722533798 0.2358367224237694 2.06200275357051e-08 0.19473992810340135 0.09447722378217734 0.10026256470843031 4.496078891588377 0.08630066745561853 0.10843926064778278 0.13739428889660343 0.13739428889611716 2.0257040647551654 2.4300454113743815
1320.0 11.678467256115944 -6.404188456009818 74.96143230287933 -518961.1607124692 2.0778018992921266e-05 34.38795355240243 29.40911173665772 29.85762439337082 138.02775864630246 300.70987406491366 400.000000000001 -0.03766540935601854 5.235562783776448 4.530329159031604 -0.018983930095596145 0.6911017673754897 2.0629688514595557e-08 0.19613207577109576 0.09522856222913753 0.10090337386061052 4.530434172184581 0.08705003967294461 0.10908203609815109 0.1384095486022444 0.1384095486017825 2.0069224466847553 2.4322001102250708
1330.0 11.685762757075366 -6.411967420683498 75.21600117840151 -518623.52967649576 2.0854474719558623e-05 34.48427187334747 29.444621349921892 29.91957488885417 137.56254769186035 300.2946626789067 400.000000000001 -0.038232511331980336 5.272676134836319 4.564696984493303 -0.018971135387003058 1.1479772160065917 2.063970966427484e-08 0.19752401706641867 0.09598160068803419 0.10154227662836014 4.564988240955828 0.08780305139591374 0.10972096567050488 0.1394247864301694 0.13942478642974404 1.9884574778853739 2.434341560996459
1340.0 11.693088654838816 -6.4197091531152815 75.469165538684 -518279.0957442663 2.09254498513811e-05 34.57967748988607 29.480195331109954 29.980512577703806 137.1355790242399 299.9002838092001 400.000000000001 -0.03880385968587351 5.309814431923734 4.59916491218226 -0.018953653240642996 1.6063841256436837 2.0650060832531547e-08 0.19891575769009812 0.09673634410790577 0.10217927376339257 4.5997390724257645 0.0885597204200034 0.11035603727009471 0.14044000283534017 0.14044000283496624 1.970303072353059 2.4364695707324278
1350.0 11.700443225360562 -6.427424662202016 75.72096440099449 -517928.90940380783 2.099191272868659e-05 34.67438152353348 29.515831412850684 30.040653461454045 136.73995282492865 299.5231166733704 400.000000000001 -0.03937945532774764 5.346977744886678 4.633728062079428 -0.01893146699236915 2.0662444929784733 2.0660712712160913e-08 0.2003073045218945 0.09749279775346335 0.10281436688077697 4.634684633844925 0.08932006458645612 0.11098723993543833 0.1414551994852939 0.1414551994849871 1.9524534308708659 2.43858389226859
1360.0 11.707825221363667 -6.435133075151391 75.97145710024562 -517574.7762769024 2.105563372449681e-05 34.76879851212934 29.551528508486047 30.100416870083528 136.3637051113389 299.15674000546073 400.000000000001 -0.03995930050416886 5.384166271323993 4.66838164204581 -0.01890456050805891 2.52748176294564 2.0671636631783662e-08 0.20169866996786961 0.09825096941583476 0.10344756059546165 4.669822944787952 0.09008410385925156 0.11161456610861806 0.14247038244127097 0.1424703824411923 1.9348990076015853 2.4406864480820123
1370.0 11.715234153840289 -6.442861675770413 76.22072466298103 -517219.2585638199 2.111917279196864e-05 34.8636110619 29.587286750276924 30.160490056026234 135.99176856493236 298.7918946984837 400.000000000001 -0.04054339973830807 5.421380448531282 4.70312100587377 -0.018872918004305267 2.9900213329734493 2.0682804325921947e-08 0.20308987641616477 0.09901087168253667 0.10407886470807859 4.705152134120545 0.09085186246167115 0.11223801395449365 0.14348556543027602 0.1434855654302606 1.9175696929480652 2.4428129285757865
1380.0 11.722670394512877 -6.450645938787446 76.468870373803 -516865.6771285255 2.118439326391836e-05 34.959334976500536 29.623107484101673 30.221393304096853 135.61353192086494 298.4164579938636 400.000000000001 -0.041131760259193254 5.458620997939199 4.7379416724036805 -0.01883652393872278 3.453790744314304 2.0694187811710095e-08 0.20448095803875832 0.09977252286320284 0.10470829508097279 4.740670458309825 0.09162336975959709 0.11285758827916123 0.14450077118379787 0.14450077118372037 1.9004106898437705 2.4449914076696255
1390.0 11.73013459665822 -6.458462462315985 76.71586298866652 -516511.8485106136 2.1251046745892893e-05 35.055843158499336 29.658983481381576 30.283003948756637 135.22882234355458 298.03829180034194 400.000000000001 -0.041724390314271206 5.49588870781235 4.772839209742697 -0.018795363240320023 3.918718715976007 2.0705759744275893e-08 0.20587195219311152 0.10053594262910699 0.10533586940033077 4.77637618444013 0.0923986561932543 0.11347329599985724 0.1455160251540832 0.14551602515385828 1.883479467047832 2.4471869722931143
1400.0 11.737627155005505 -6.466308667235184 76.96171749277708 -516157.5372148347 2.1318435535511426e-05 35.15291467696619 29.69491054064243 30.345105536767242 134.8408456540835 297.6582135768198 400.000000000001 -0.042321297481929795 5.5331842275111836 4.807809140198952 -0.018749421576454747 4.384734279401543 2.071749381801641e-08 0.20726289118165384 0.10130114783227576 0.10596160311655614 4.81226749340088 0.09317774936921439 0.11408514181243946 0.14653134946158194 0.14653134946115573 1.8668169568056423 2.4493732202206555
1410.0 11.745148364850142 -6.4741844654153216 77.20645371883825 -515802.7409181376 2.1386515788118672e-05 35.25056730290761 29.730884792234765 30.40772032245774 134.45068439163163 297.27620077225225 400.000000000001 -0.042922489125472904 5.570508128514746 4.842846980449871 -0.018698685277914573 4.851767090266197 2.0729364666579602e-08 0.2086538046215062 0.1020681537095437 0.10658551060993665 4.84834251862685 0.09396067518913226 0.11469312943237397 0.14754676461594535 0.14754676461530272 1.8503950763962131 2.451563110746942
1420.0 11.752698523071336 -6.482089771254877 77.45009108917486 -515447.457329829 2.1455308035404872e-05 35.348813158098494 29.766902365542407 30.47086489019803 134.0584073567793 296.89223060856796 400.000000000001 -0.04352797269931159 5.607860944262484 4.877948267900463 -0.018643141279354836 5.319747634789007 2.074134778958599e-08 0.2100447209916788 0.10283697467184141 0.10720760594855293 4.884599371286875 0.09474745859408962 0.1152972623975892 0.14856229064130205 0.148562290640461 1.8342045106444784 2.4537591608442737
1430.0 11.760277932829272 -6.490024501560671 77.69264864821979 -515091.68415507954 2.1524826417560137e-05 35.44765794731954 29.80295939709106 30.53454937953032 133.663991885135 296.5062798394554 400.000000000001 -0.04413775576076069 5.645243173255735 4.913108567789225 -0.01858277710588055 5.788607271225121 2.075341954551535e-08 0.21143566772165784 0.10360762435308266 0.10782790292797839 4.921036146274702 0.09553812361658692 0.11589754410507093 0.14957794713269673 0.14957794713168365 1.8182402830127402 2.4559614893621373
1440.0 11.76788690369462 -6.497988575523066 77.93414507450223 -514735.4190941623 2.1595087169230644e-05 35.54710851379552 29.83905203728084 30.598785034736572 133.26741465675394 296.1183247388353 400.000000000001 -0.04475184596777111 5.682655280401427 4.948323479058943 -0.018517580861441583 6.2582782618690285 2.076555714652892e-08 0.2128266712112143 0.10438011562427185 0.10844641507698022 4.957650927051037 0.09633269340028576 0.11649397781092855 0.1505937532618819 0.15059375326082308 1.8024972239025048 2.4581704149805055
1450.0 11.775525751783686 -6.505981914692634 78.17459869230926 -514378.65984158765 2.1666106365246996e-05 35.64717173645814 29.875176456751436 30.663583096556735 132.86865186971065 295.72834108892357 400.000000000001 -0.04537025107681983 5.720097698350728 4.983588639901408 -0.018447541217042535 6.728693803285751 2.077773865210456e-08 0.21421775685109157 0.10515446060835394 0.10906315566335723 4.9944417902491764 0.09713119022067501 0.1170865666304166 0.1516097277837949 0.15160972778280868 1.7869704097027095 2.4603861967819896
1460.0 11.78319479989936 -6.514004442958306 78.4140274830332 -514021.40408513916 2.173790054206524e-05 35.74785484860994 29.911328852383452 30.728955115632477 132.4676792484041 295.3363041677892 400.000000000001 -0.04599297894098496 5.757570828830374 5.0188997329774665 -0.018372647398369767 7.1997880547994715 2.078994296154239e-08 0.21560894904451766 0.10593067069560717 0.10967813770005917 5.031406810045011 0.0979336355066335 0.11767531353788416 0.1526258890433533 0.1526258890426154 1.7716550374051738 2.4626091050575236
1470.0 11.790894377676915 -6.522056086526968 78.65244909621246 -513663.6495048201 2.181048654277256e-05 35.84916536625025 29.947505452951336 30.79491287592453 132.06447202229464 294.9421887365778 400.000000000001 -0.046620037508163535 5.795075043965237 5.054252490325722 -0.018292889173538694 7.671496165169847 2.080214980544818e-08 0.21700027122944218 0.10670875655979149 0.11029137395127567 5.068544062303651 0.09874004986280494 0.11826022136663727 0.15364225498310216 0.15364225498228112 1.7565464523012775 2.4648394017746598
1480.0 11.798624821733899 -6.53013677390453 78.88988086027173 -513305.39377172454 2.1883881578620533e-05 35.9511111258673 29.983702524417133 30.86146842792027 131.65900491047668 294.5459690263031 400.000000000001 -0.047251434819488417 5.832610687588192 5.089642697947025 -0.018208256839207588 8.143754297631052 2.0814339736183396e-08 0.21839174590146632 0.1074887281743199 0.11090287693919434 5.1058516284892805 0.09955045309280033 0.11884129280866598 0.1546588431501879 0.15465884314947503 1.74164013403968 2.4670773460552757
1490.0 11.806386475828889 -6.538246435878389 79.12633979299692 -512946.63454679213 2.1958103234079585e-05 36.05370029404668 30.01991637491063 30.928634093938143 131.25125211941497 294.1476187241072 400.000000000001 -0.04788717900787241 5.870178076541498 5.125066200108526 -0.01811874120831716 8.616499653000588 2.082649411750492e-08 0.21978339463740526 0.10827059482970536 0.11151265895011672 5.143327599379739 0.10036486422310639 0.11941853041429887 0.15567567070540922 0.15567567070482408 1.7269316934613967 2.469323193340555
1500.0 11.814179691024023 -6.5463850055013335 79.3618426117284 -512587.3694794974 2.203316947808966e-05 36.15694137840202 30.05614335936618 30.996422475066204 130.8411873173331 293.7471109590015 400.000000000001 -0.04852727829674877 5.90777750196199 5.16051890333581 -0.018024333596057866 9.08967049118764 2.0838595113305257e-08 0.22117523811941098 0.1090543651508811 0.11212073204126043 5.180970078554104 0.10118330152773478 0.11999193659167617 0.15669275443140088 0.1566927544308615 1.7124168689286825 2.4715771948162013
1510.0 11.822004825853703 -6.554552418076851 79.59640574329478 -512227.59620645584 2.210909868366712e-05 36.260843244318515 30.092379883846576 31.064846464196744 130.42878363429105 293.34441828721936 400.000000000001 -0.0491717409989673 5.945409230552022 5.195996780121764 -0.017925025805919544 9.563206150953036 2.0850625675606074e-08 0.22256729615959708 0.10984004711508358 0.11272710804750133 5.218777185679723 0.10200578255352448 0.12056151360607262 0.1577101107414845 0.15771011074100905 1.6980915209119603 2.4738395981747465
1520.0 11.829862246501591 -6.562748611145841 79.83004533370628 -511867.3123499315 2.218590964504245e-05 36.3654151291088 30.128622409562865 31.133919256749163 130.01401363702854 292.9395126769032 400.000000000001 -0.04982057551585317 5.983073505836005 5.231495872359632 -0.017820810115735115 10.037047067958522 2.086256953186365e-08 0.22395958772515692 0.1106276480702455 0.11333179858809828 5.256747059604521 0.10283232414608506 0.1211272635790718 0.15872775568911138 0.15872775568867886 1.6839516280259814 2.476110647568636
1530.0 11.837752326983082 -6.570973524474726 80.06277725760319 -511506.5155162761 2.226362159015821e-05 36.47066665403925 30.1648674565927 31.203654359538042 129.59684932587646 292.53236549233856 400.000000000001 -0.050473790336444446 6.020770549399172 5.267012294501209 -0.017711679263144972 10.51113479118227 2.0874411171625314e-08 0.22535213096387013 0.11141717475360467 0.11393481507359116 5.294877861253964 0.10366294247632972 0.12168918848754037 0.15974570497734059 0.15974570497693624 1.6699932833169036 2.478390583409758
1540.0 11.84567544933483 -6.579227100044962 80.29461712747543 -511145.203294286 2.234225420286105e-05 36.57660784099336 30.20111160731205 31.2740656045395 129.17726211087586 292.12294747751787 400.000000000001 -0.05113139403688284 6.058500562109065 5.302542236453858 -0.01759762643093179 10.985411997695753 2.088613583261656e-08 0.22674494322997343 0.1122086333106794 0.11453616871269608 5.333167776344283 0.10449765306756563 0.12224729016240779 0.1607639739687159 0.16076397396834252 1.6562126899550353 2.480679642774261
1550.0 11.853632003813276 -6.5875092820439365 80.52558030267029 -510783.3732534707 2.2421827639883708e-05 36.68324912630048 30.237351509549462 31.345167160076528 128.75522279942126 291.7112287391128 400.000000000001 -0.051793395279978005 6.0962637253193455 5.338081966223955 -0.017478645232115453 11.459822505850557 2.0897729486311826e-08 0.22813804111037214 0.11300202931454423 0.11513587051924108 5.3716150179177 0.10533647082312175 0.12280157028725033 0.16178257769544144 0.16178257769507798 1.642606157588875 2.4829780593907387
1560.0 11.861622389099296 -6.595820016857267 80.75568189818321 -510421.0229422528 2.250236255052613e-05 36.79060137627438 30.27358387947129 31.416973543960253 128.3307015862702 291.29717872882117 400.000000000001 -0.05245980281494097 6.134060202054016 5.373627832314133 -0.01735472969474724 11.934311286917342 2.090917882304367e-08 0.22953144045110338 0.11379736778531996 0.11573393131913953 5.410217828704867 0.10617941005446109 0.12335203039664228 0.16280153086973165 0.16280153086935495 1.6291700985534823 2.4852860638836605
1570.0 11.869647012512537 -6.604159253062499 80.9849367932553 -510058.1498860789 2.2583880095362728e-05 36.89867590114423 30.30980550421025 31.489499635258674 127.90366802685199 290.88076622499074 400.000000000001 -0.05313062547727981 6.171890138172939 5.409176265885552 -0.01722587424656546 12.40882447520607 2.0920471236710794e-08 0.23092515638405736 0.11459465320993911 0.11633036175734571 5.448974483323676 0.1070264845097687 0.12389867187428866 0.1638208478944968 0.16382084789399928 1.61590102491793 2.4876038835119214
1580.0 11.877706290232139 -6.612526941424217 81.21335963976983 -509694.7515854703 2.2666401967684943e-05 37.00748447099333 30.346013244241604 31.562760688305133 127.47409102437115 290.46195931367674 400.000000000001 -0.05380587218885822 6.209753663515986 5.444723782688206 -0.017092073699078232 12.883309376748105 2.093159480911844e-08 0.23231920335385992 0.11539388956194933 0.11692517230493403 5.487883290315365 0.10787770740296904 0.1244414959508909 0.1648405428739178 0.16484054287352853 1.602795544907319 2.4899317424112475
1590.0 11.885800647529107 -6.6209230348905574 81.44096487048003 -509330.8255139706 2.2749950420716292e-05 37.11703933522342 30.382204035532432 31.636772350439458 127.04193881805372 290.04072536877925 400.000000000001 -0.0544855519581218 6.247650893029556 5.48026698478396 -0.016953323232353115 13.357714476475856 2.0942538294057198e-08 0.23371359514495416 0.11619508032187234 0.11751837326582175 5.526942594039882 0.10873309144314991 0.12498050370180425 0.16586062962502937 0.16586062962467188 1.589850358753035 2.4922698623846973
1600.0 11.893930519006632 -6.629347488591151 81.6677667070555 -508966.3691160311 2.2834548280952898e-05 37.22735323293177 30.418374891449197 31.71155067088548 126.60717895554025 289.61703103142946 400.000000000001 -0.05516967388050689 6.285581927870098 5.515802562046286 -0.0168096183784089 13.831989444134457 2.095329110107338e-08 0.23510834490879268 0.11699822849723229 0.11810997478393288 5.566150776413132 0.10959264886439876 0.1255156960443939 0.16688112168847485 0.1668811216880818 1.5770622573532234 2.4946184617696296
1610.0 11.902096348848321 -6.637800259836519 81.89377916795634 -508601.37980482826 2.2920218978868422e-05 37.33843941376499 30.454522904454443 31.787112120298147 126.16977827734215 289.1908421887754 400.000000000001 -0.055858247138993775 6.323546856487156 5.551327293466842 -0.01666095500510057 14.306085138800537 2.0963843279063284e-08 0.23650346519108473 0.11780333664295847 0.11869998685004246 5.60550625851307 0.11045639145596697 0.12604707373511775 0.16790203233998535 0.16790203233960196 1.5644281180927413 2.496977756365563
1620.0 11.910298591080842 -6.646281308118894 82.11901607616964 -508235.8549599704 2.3006986577412345e-05 37.450311657624354 30.490645247596767 31.863473609352365 125.72970289843138 288.7621239516313 400.000000000001 -0.056551281004840054 6.361545755687471 5.586838048271991 -0.016507329299844366 14.779953612128441 2.0974185499701227e-08 0.2378989679591775 0.11861040688194274 0.11928841930860051 5.645007502055843 0.11132433059281227 0.12657463736636523 0.16892337460210394 0.16892337460171292 1.5519449014844677 2.4993479599408386
1630.0 11.918537709844081 -6.65479059511453 82.343491066783 -507869.7919251498 2.3094875787178868e-05 37.562984286101255 30.52673917579779 31.940652499248994 125.28691818931532 288.3308406314283 400.000000000001 -0.05724878483848869 6.399578691676252 5.622331786852264 -0.016348737752836483 15.25354811039366 2.0984309040731082e-08 0.2392948646294189 0.11941944092552541 0.11987528186460893 5.684653010742743 0.11219647726644952 0.12709838736296938 0.16994516125575226 0.1699451612553562 1.539609649987749 2.5017292831784426
1640.0 11.926814179672773 -6.663328084687505 82.56721759441984 -507503.1880057101 2.3183912011745528e-05 37.67647219174087 30.56280202695273 32.01866663022028 124.84138874905032 287.89695571616454 400.000000000001 -0.057950768090623536 6.4376457210781215 5.657805561520595 -0.01618517714030912 15.726823075342562 2.0994205769182766e-08 0.24069116609453345 0.12023044009413339 0.12046058409035912 5.724441331491265 0.11307284211610613 0.12761832397842732 0.17096740485212328 0.17096740485170675 1.5274194829310535 2.5041219356159967
1650.0 11.935128485791761 -6.671893742895026 82.79020894055077 -507136.0404661184 2.3274121335319455e-05 37.79079083155948 30.598831222850357 32.09753431445522 124.39307838430648 287.4604318453086 400.000000000001 -0.05865724030342101 6.475746891937823 5.693256517104261 -0.01601664450746299 16.19973414393469 2.1003868124533654e-08 0.24208788275101456 0.12104340533792847 0.12104433543217621 5.764371055553147 0.11395343546019163 0.1281344472908229 0.1719901177246144 0.1719901177242081 1.515371599524071 2.5065261213984433
1660.0 11.943481124420812 -6.680487537994297 83.01247822066966 -506768.34652737196 2.3365530693625713e-05 37.90595633764436 30.63482426992369 32.177274446263 123.94195009613398 287.02123078385296 400.000000000001 -0.05936821111195356 6.513882244699456 5.72868189138136 -0.015843137151366055 16.672238146999618 2.1013289101865155e-08 0.24348502452643456 0.12185833725751632 0.12162654521701981 5.8044408195277395 0.11483826732802163 0.12864675719841295 0.17301331200096262 0.17301331200056988 1.5034632574113527 2.50894205455346
1670.0 11.951872603095394 -6.689109440450926 83.23403839136712 -506400.10336429696 2.3458167388259156e-05 38.021985203563666 30.670778759838726 32.257906188195335 123.48796603382135 286.57931339504694 400.000000000001 -0.060083690245783736 6.552051813166367 5.764079015368335 -0.015664652603524128 17.14429310689399 2.102246223503134e-08 0.24488260090674985 0.12267523612464495 0.12220722265909087 5.844649306275196 0.11572734749184285 0.12915525341490708 0.17403699961541536 0.17403699961502955 1.491691838630595 2.511369903965091
1680.0 11.960303440997734 -6.697759422948961 83.45490225728227 -506031.3081027824 2.355206104676232e-05 38.13889555721489 30.706692369930906 32.33945024374726 123.03108748909071 286.1346396122565 400.000000000001 -0.060803687530705995 6.590255625439706 5.799445313467629 -0.015481188612323192 17.615858234184387 2.103138157988263e-08 0.24628062096347847 0.12349410190289781 0.12278637686631587 5.884995245736188 0.11662068549909099 0.12965993546438748 0.17506119232100958 0.1750611923206305 1.480054597445144 2.5138099970315495
1690.0 11.968774182312227 -6.7064374626735015 83.6750823506892 -505661.95775688987 2.364724051738944e-05 38.2567052623054 30.7425629495224 32.42192686603481 122.57127389972726 285.6871673639295 400.00000000000006 -0.061528212995051366 6.628493702401075 5.834778396270603 -0.01529274327599667 18.08689509154613 2.104004215906475e-08 0.24767909306520305 0.12431493403601035 0.12336401676353324 5.925477465001965 0.11751829060082124 0.13016080246438186 0.17608590156677298 0.17608590156640008 1.468549244816526 2.516262388599166
1700.0 11.977285376662051 -6.715143537902995 83.89459112124764 -505292.0493193219 2.3743736340096223e-05 38.375433345060856 30.77838839080246 32.505357423717584 122.10848429420673 285.23685414622634 400.00000000000006 -0.062257276712889734 6.666766061209373 5.870075921343285 -0.015099314819455952 18.557365842057866 2.1048439272617503e-08 0.24907802534645088 0.1251377317930003 0.1239401512162432 5.966094814166496 0.11842017190253204 0.13065785344391886 0.1771111386985115 0.17711113869814474 1.4571733575848256 2.5187272720946847
1710.0 11.985837561897528 -6.7238776246924035 84.11344116834432 -504921.5798327378 2.3841578029228348e-05 38.49509804237418 30.814166500288074 32.589762589426776 121.64267857665106 284.7836583958978 400.00000000000006 -0.06299088866128544 6.705072724431778 5.90533545294742 -0.014900901256767402 19.02723146259944 2.1056567704100378e-08 0.2504774263471887 0.12596249474414078 0.12451478919413075 6.006846096056572 0.11932633872350597 0.13115108762368283 0.17813691523902248 0.17813691523866193 1.4459244712477162 2.5212048209003326
1720.0 11.994431275869017 -6.7326396990967075 84.33164509136616 -504550.5463397983 2.3940795099131558e-05 38.615717591138385 30.84989508449632 32.67516303579364 121.1738166511824 284.32753854969565 400.00000000000006 -0.06372905881730297 6.743413714635485 5.9405545553447645 -0.014697500601997421 19.49645293005071 2.1064422237072896e-08 0.2518773046073841 0.1267892224597053 0.1250879396668812 6.047730113499 0.12023680038302588 0.13164050422435825 0.17916324271110368 0.1791632427107495 1.4348001213028758 2.5236952083983444
1730.0 12.003067056426877 -6.741429737170886 84.54921548970009 -504178.9458831641 2.4041417064151595e-05 38.737310228246486 30.88557194994427 32.76157943544941 120.70185842192292 283.8684530443714 400.00000000000006 -0.0644717971580068 6.781789054387686 5.97573079279708 -0.014489110869212412 19.96499122129157 2.1071997655094587e-08 0.25327766866700435 0.1276179145099673 0.12565961160417977 6.088745669320586 0.12115156620037465 0.13212610246662976 0.18019013263755282 0.1801901326372052 1.423797843247982 2.5261986079709544
