#Found quasiharmonic mode : None
#T(K), volume, F(eV), S(J/K), H(J/K), a(-6/K), Cp(J/mol), Cv, Cpion, Bt(GPa), T_ph-D(K), T-D(K), F_el_atom, S_el_atom, C_el_atom, M_el, Seebeck_coefficients(10**-6 V/K), Lorenz_number(WOK^{-2}), Q_el, Q_p, Q_e, C_mu, W_p, W_e, Y_p, Y_e
0.0 10.991041709665994 -5.746555356857132 0.0 -554458.3021523255 0.0 0.0 0.0 0.0 191.66004125416435 400.0 400.0 0.0 0.0 0.0 0.0 0.0 2.443004551768e-08 0.0 0.0 0.0 0.0 0.0 0.0 0.0 0.0 0.0 0
10.0 10.991044197033709 -5.746557716153764 0.05370900031377903 -554457.9926998415 1.0654493759127166e-08 0.08313073909896783 0.08313072613825073 0.04377827221374824 191.65979796714646 354.1023497541722 400.0 -2.0393391904571515e-06 0.0393530958118356 0.03935246688521958 -3.570276652601622e-06 -0.7139416383006812 2.4429667424537434e-08 0.0014386859430126945 0.0007182799795059814 0.0007202708311217852 0.03935328735718684 0.0007168318593611843 0.00072185408365151 0.0009972239805796199 0.000997223980402275 5593.334245529837 0.0017065459829288627
20.0 10.99106394411986 -5.746568962134301 0.19739610212793032 -554455.6669399693 1.321836197911342e-07 0.43956990189709755 0.43956591215270824 0.360857917954468 191.6578664933892 350.57813675801896 400.0 -8.157326033399404e-06 0.07870652308775435 0.07871198394262954 -1.425572991357536e-05 -1.4201852016295435 2.4432184359427495e-08 0.0028773331878020865 0.0014345502161740517 0.0014426478408156112 0.07871847736429356 0.0014286433616806657 0.0014486898261214219 0.0019944311107045467 0.0019944311105256156 436.59637109970083 1.3940705228392667
30.0 10.991163934694681 -5.746604545368869 0.5268966388860905 -554447.2412230504 5.500152350920633e-07 1.3661205526621532 1.3660169401323294 1.2480182538644236 191.64808628337553 346.6440013127634 400.0 -1.8354512077485085e-05 0.11806898395523613 0.11810229879772953 -3.18898797582917e-05 -2.1017357192656845 2.4438540897629743e-08 0.004316131531057049 0.002148930812047008 0.002167065590230274 0.11812363352548134 0.002135665909626986 0.0021804656214300627 0.0029917256141091127 0.0029917256139304835 194.32157562591487 1.6772977665745608
40.0 10.991473685999342 -5.746693349872378 1.1297190753469426 -554426.4276912179 1.3956380469746111e-06 3.0163382598164623 3.0154488728714153 2.8588361072526647 191.61778775213347 344.00906806787515 400.0 -3.263265224315695e-05 0.1574450591011074 0.15750215256379738 -5.618353308651933e-05 -2.751462761438104 2.4441534444555642e-08 0.0057553218976835 0.0028616512287329113 0.0028935355415412364 0.15755091488168316 0.0028382494026080265 0.002917072495075476 0.0039892582554873724 0.003989258255308651 116.52298308056291 1.8581577273502572
50.0 10.992116630483125 -5.746868997568196 2.029144428702902 -554387.1066590638 2.5348890201014966e-06 5.183998537578561 5.180332002110245 4.987115278719693 191.55489131979965 343.038495654055 400.0 -5.0994165402077024e-05 0.19683196759416638 0.19688325885886812 -8.680330077352524e-05 -3.3671831798704908 2.4439463415726867e-08 0.007194965497449723 0.003572861430398996 0.003621968939264212 0.19697456309188166 0.003536682246949912 0.0036582832504998106 0.004987106981963791 0.004987106981785068 85.3338471477199 1.9349764577960609
60.0 10.993156587302346 -5.7471600698329 3.181138116472454 -554325.7797976414 3.7746054179813473e-06 7.531005429351471 7.521253901073405 7.294738090040208 191.4531385529141 342.7657196991788 400.0 -7.34417689342742e-05 0.23622905134199038 0.23626733931126298 -0.0001234147874378736 -3.9512752435680802 2.4437185969433204e-08 0.008635034748156032 0.004282663964272227 0.004352235653363552 0.23641824334072808 0.004231205436999021 0.004403829311157013 0.005985304306136743 0.005985304305957898 68.37456065667222 1.970152596862063
70.0 10.994602833417822 -5.747586855792968 4.5144614683508975 -554241.8143669466 4.982188523320847e-06 9.80294555572569 9.78313700942975 9.52720993312004 191.3115953983291 342.7188267028184 400.0 -9.997888690745026e-05 0.27564484537735384 0.2757356226056502 -0.00016572886185229 -4.5106578968259115 2.4441868061859388e-08 0.010075580428669824 0.00499117953767284 0.005084265755227729 0.2759651021762405 0.004922058912195704 0.005153521516474121 0.006983910362933756 0.0069839103627551405 57.25710959811755 1.9913670811146913
80.0 10.996432394735885 -5.748162023731063 5.960618276162019 -554136.47247717 6.090809847599149e-06 11.868031771114758 11.834223748324153 11.552623573616216 191.13247459369043 342.7199397504394 400.0 -0.00013061051268776737 0.3150984271911875 0.31540819749854065 -0.0002135404237489298 -5.055317124071579 2.445971498940934e-08 0.011516835856697797 0.005698583337325844 0.0058181173759637855 0.3157376977304525 0.005609501816096362 0.005907334040601436 0.00798306354975914 0.007983063549578968 49.212328545846724 2.00782411254137
90.0 10.998608022009027 -5.748892389443982 7.465317641533904 -554011.912929905 7.076619153671469e-06 13.68184512923163 13.630550096501334 13.326426237755298 190.91938130807904 342.7064755359918 400.0 -0.00016534408469911816 0.3546173001953255 0.35541889147633243 -0.0002667498242565582 -5.596340687962633 2.4494721137152375e-08 0.012959242040810292 0.006405109454937606 0.006553997432706915 0.3558732949640575 0.006293808089313891 0.006665433951496401 0.00898299612918234 0.00898299612900334 43.06765789711981 2.0223061445095
100.0 11.001088841684163 -5.749780621778385 8.98954873808877 -553870.5380356187 7.938821020083515e-06 15.247449396874213 15.175795838316954 14.851554657530958 190.67627461170102 342.6590312665553 400.0 -0.0002041901337032644 0.39423409525717834 0.39589473934325614 -0.0003253656810004199 -6.144170695752098 2.45485407507737e-08 0.014403420585132984 0.0071110371763174855 0.0072922482441048 0.3965035286008204 0.0069752516642771645 0.007428168920855819 0.009984025194548897 0.009984025194367845 38.21528506049636 2.035583726298446
110.0 11.003835708754247 -5.750826582903098 10.50691728281298 -553714.6519148208 8.687244657163032e-06 16.58886970814923 16.49459893096649 16.151928220389287 190.40694615742234 342.57424814390845 400.0 -0.00024716262358078633 0.43398324654961123 0.4369414877599414 -0.00038949270505696097 -6.707373146375962 2.462080684332237e-08 0.01585012147248792 0.007816670994746549 0.008033315300042311 0.43773989571505034 0.007654091614349889 0.008196029858138026 0.010986530980911754 0.010986530980730831 34.292405828862414 2.0478536006687094
120.0 11.006813466773169 -5.752028300904399 12.000379721230445 -553546.3154098527 9.33556128610691e-06 17.736660117024552 17.618046906641485 17.258025173854314 190.11480025665523 342.45446194215066 400.0 -0.0002942789930527418 0.47389813846264683 0.47863494317023914 -0.000459309934217435 -7.2919790381453184 2.470960355074834e-08 0.01730016386895187 0.00852232109295932 0.008777707584193103 0.4796649335357732 0.008330561757881846 0.008969602111070027 0.011990930784157937 0.011990930783976835 31.06234852315882 2.0591795091748266
130.0 11.009991589003628 -5.753382649444816 13.459457246044416 -553367.3063031429 9.897908127588421e-06 18.721028406661095 18.576779282884726 18.2000110256028 189.8027916067084 342.3036998417707 400.0 -0.00034555994600906097 0.5140089151839019 0.5210173810582932 -0.0005350446811919961 -7.901314428513914 2.4811960651086792e-08 0.018754380397650903 0.009228287240209765 0.009525957950735459 0.5223283511266447 0.00900486545589119 0.009749514941759713 0.012997653431591096 0.01299765343140803 28.3619643460832 2.069613931871636
140.0 11.013344047471266 -5.754885813046823 14.878140161723506 -553179.1293618577 1.0387376141048234e-05 19.569033130147947 19.398188746522095 19.00493527067088 189.47343812872936 342.1261503938574 400.0 -0.0004010290541884467 0.5543409818967819 0.5640978594770638 -0.0006169464073385124 -8.536178007802427 2.4924302847952344e-08 0.020213570102396324 0.009934846889480578 0.010278587990773075 0.5657469996006006 0.009677174636554766 0.010536395465841557 0.014007116976303063 0.01400711697611936 26.074639139991564 2.079222162769699
150.0 11.01684886031409 -5.756533601336095 16.25339989231637 -552983.0464010054 1.081545717439279e-05 20.303780622368144 20.10563264546781 19.695925422803544 189.1288649972561 341.92562022603073 400.0 -0.00046071223693079947 0.5949141341957538 0.6078551995645995 -0.0007052633109739424 -9.195223206667395 2.504282165787043e-08 0.021678462030526677 0.010642247222674856 0.011036079569982963 0.6099074768588266 0.010347631631736067 0.011330830398790613 0.015019710803897761 0.015019710803711077 24.11482540997652 2.0880800202461933
160.0 11.020487543352859 -5.758321658803602 17.584162897638006 -552780.1116398328 1.1191956099989682e-05 20.944518613368402 20.71854322154458 20.292276069952006 188.7708579465376 341.70538667414587 400.0 -0.0005246371760782494 0.6357422079944364 0.6522425434163973 -0.0008002231251616662 -9.875429857815178 2.516376069856984e-08 0.023149689439027007 0.011350700499100379 0.01179885368625004 0.6547703059149962 0.011016352557533596 0.012133336881493404 0.016035782410014427 0.01603578240982909 22.418475716745842 2.09626699808771
170.0 11.024244571581269 -5.760245602957748 18.870614082587135 -552571.2057001082 1.1525108836663776e-05 21.507077008772306 21.25288361910502 20.809884370604365 188.40091566593253 341.4682025608932 400.0 -0.0005928327129385421 0.6768331302279084 0.6971926381679415 -0.000902018643085306 -10.572585800928705 2.5283618734260004e-08 0.024627773611769353 0.01206038199262716 0.012567256349750878 0.7002748617720926 0.011683431316999759 0.012944342294769599 0.01705562856663226 0.01705562856644345 20.936817321997715 2.1038606019959203
180.0 11.028106894554899 -5.762301113640619 20.11372811141046 -552357.0656650071 1.182177816618557e-05 22.004398142177244 21.721690707707886 21.261774908859167 188.02029695494497 341.21635694294946 400.0 -0.0006653282628878108 0.7181892572969999 0.7426232333180818 -0.0010107978454482452 -11.281730001172425 2.5399281417473762e-08 0.02611311582516062 0.012771429868990094 0.013341550671300125 0.7463444568271775 0.012348943607792096 0.01376417221736852 0.018079490318510746 0.01807949031832096 19.63214764696507 2.110933170168863
190.0 11.032063519048796 -5.76448398914983 21.314955983761777 -552138.3105566291 1.2087656564999933e-05 22.447044632243227 22.135592991293308 21.658602452195833 187.63015282398644 340.9517403023134 400.0 -0.0007421532726183712 0.7598079035530864 0.7884421800473934 -0.0011266581337462877 -11.997532116276052 2.5508094904286087e-08 0.027605995877454072 0.013483946461795713 0.014121914115657214 0.7928911915098136 0.013012950611973485 0.014593045265480591 0.019107551142760457 0.019107551142569852 18.474927491001782 2.117550309010928
200.0 11.036105158260641 -5.7667901798742465 22.47601663479198 -551915.4624445629 1.2327479236264107e-05 22.84364573263534 22.503262618293135 22.009093752376565 187.23205786217105 340.67592398613453 400.0 -0.0008233367357700378 0.8016819802485242 0.8345519802587754 -0.0012496439984456208 -12.7145992877637 2.5607894414041586e-08 0.029106575655248754 0.014198000512813457 0.014908439827736333 0.83982032923302 0.01367550221020989 0.015431073445038862 0.020139937597008353 0.020139937596818997 17.441568612408833 2.1237794166910495
210.0 11.040223940050188 -5.769215806756832 23.598759367042494 -551688.9637198078 1.2545114765696242e-05 23.201267925202 22.831792825209018 22.320414271865314 186.82943855013858 340.39020733761544 400.0 -0.0009089067756469168 0.8438006830798731 0.8808536533366867 -0.0013797474055905433 -13.427710840884545 2.5696999575564186e-08 0.030614906358275868 0.014913630033948926 0.015701140995421886 0.8870340677970923 0.014336639676122214 0.016278266682153646 0.021176721828694168 0.021176721828502474 16.512962295281213 2.1296923991644787
220.0 11.044413107367768 -5.771757168759041 24.685073768288884 -551459.1911146835 1.2743461032192794e-05 23.525707686873595 23.127005652198136 22.598457815109942 186.42962504312453 340.09567707501134 400.0 -0.0009988902928431116 0.8861501781265089 0.9272498717636515 -0.0015169102267576155 -14.13198727788467 2.577418670178577e-08 0.03213093803986656 0.01563084544755517 0.016499957249727734 0.9344346558341126 0.014996397793052276 0.017134540246814278 0.022217925286469698 0.022217925286277845 15.673717648817915 2.1353492871697464
230.0 11.048666662190282 -5.774410741979998 25.736831345372607 -551226.4670278 1.2924197080043225e-05 23.821708512406612 23.393699544952746 22.848061135236048 186.04354465938 339.7932581019346 400.0 -0.0010933126698690395 0.9287142491673205 0.9736473771705636 -0.001661028110828236 -14.823002668051187 2.5838646315671945e-08 0.03365453031091318 0.01634963272044133 0.017304762234753513 0.9819268578850977 0.015654806365500335 0.017999723945412844 0.023263523054975 0.023263523054779665 14.912246528273675 2.140738337960402
240.0 11.052978994539847 -5.777049644384534 26.754696233403948 -550979.4265161527 1.3088244134627732e-05 24.092623916872597 23.635311349024345 23.07266518366846 185.6805287003003 339.52569412387044 400.0 -0.0011921975250019352 0.9714748844298593 1.0199587332041367 -0.001811955219892218 -15.496850103529253 2.588993252879856e-08 0.03518546339384435 0.0170699563450541 0.018115371680482436 1.029419812465684 0.016311891222044718 0.018873572171799628 0.024313448425472624 0.024313448425273713 14.219109151863517 2.1458328499276673
250.0 11.057344904020656 -5.779722754146727 27.74083981479737 -550723.2595416688 1.3237598077339332e-05 24.34205590287417 23.855454908550236 23.275952384714333 185.34050135660033 339.2770949438289 400.0 -0.0012955665244672582 1.0144128032042494 1.0661035181598368 -0.001969508750399622 -16.15016720038898 2.592790952374784e-08 0.03672344935700659 0.017791762424991035 0.018931551551651916 1.0768283689025897 0.01696767539018722 0.01975577396681937 0.025367597744777527 0.025367597744578908 13.585713173256963 2.150654132794908
260.0 11.06176006930044 -5.7824963169304295 28.69755878759191 -550464.7123369355 1.3375144377495085e-05 24.57313854468255 24.057204815880322 23.46112944260614 185.01458631717622 339.0246334960823 400.0 -0.0014034393279186061 1.0575079825230935 1.112009102076411 -0.0021334742523895344 -16.78013801381785 2.5952698339973055e-08 0.03826814546521623 0.018514982607318972 0.019753027465984428 1.1240740426959457 0.017622180740545907 0.02064596472467032 0.026425836869329235 0.02642583686912848 13.003712343767038 2.155306668871096
270.0 11.066221020426457 -5.785367630979227 29.626426801583165 -550203.9820749009 1.3503110111183396e-05 24.788225654958563 24.242876398170115 23.630614658196983 184.6930662502729 338.7686041150004 400.0 -0.0015158335640870488 1.1007400928585835 1.1576109967615775 -0.0023036113610667435 -17.384476325906782 2.596462625004758e-08 0.039819166132262086 0.01923953730850016 0.02057949342076501 1.1710855632209933 0.018275428775861687 0.02154373735640041 0.027488006882465138 0.02748800688226309 12.466760480147672 2.1598372437892763
280.0 11.070724889592173 -5.788334118780197 30.528924058652986 -549941.2411356121 1.3622936968187654e-05 24.98928228517785 24.414424904416627 23.786429426692706 184.37036508261468 338.5092517033163 400.0 -0.0016327648031916814 1.144088829725931 1.2028528584851408 -0.0024796589350098023 -17.961392762172313 2.5964180599469084e-08 0.04137609269299861 0.01996533813189338 0.021410619147436794 1.2177990768807634 0.018927440880038483 0.02244865181296014 0.028553928620547692 0.02855392862034222 11.970061319848138 2.1642405190900744
290.0 11.075269193201127 -5.791393325965704 31.406438477931424 -549676.6413347523 1.3735623433391728e-05 25.177967550906843 24.573509766001337 23.930281297122235 184.04478784196928 338.246786386715 400.0 -0.0017542465551929239 1.1875341797514969 1.2476862537846056 -0.0026613398228768972 -18.50955305359733 2.5951967901742096e-08 0.042938482096727466 0.020692289973059858 0.022246056699679963 1.2641581091806318 0.01957823841566002 0.023360243681067434 0.029623406757766774 0.02962340675755877 11.5094973143787 2.1685096610838075
300.0 11.079851753101645 -5.79454291603838 32.26026900419391 -549410.3170362982 1.3842031351743402e-05 25.35570160102657 24.72154633978256 24.06363133245248 183.71614617284735 337.9813906239087 400.0 -0.0018802903056445181 1.231056639567505 1.2920702685740906 -0.0028483651787618094 -19.0280315282247 2.5928678514693707e-08 0.04450587491560849 0.02142029302696767 0.023085446454620445 1.310113359013884 0.02022784290563954 0.024278032009968954 0.030696233716744112 0.03069623371653326 11.081314020673096 2.1726545773544976
310.0 11.084470653398725 -5.797780664222586 33.09162998383902 -549142.3876514403 1.394290049338309e-05 25.523703346475326 24.859747673632654 24.187732338807596 183.38455950907587 337.7132232613774 400.0 -0.002010905574997109 1.2746373865613962 1.335971007667732 -0.003040438308534678 -19.516262940088588 2.5895056822155278e-08 0.04607780239751164 0.022149244568872312 0.023928422384802712 1.3556223673158672 0.02087627618485488 0.02520152621265676 0.03177219320102541 0.03177219320081257 10.682227021082149 2.1766868912753883
320.0 11.089124204265389 -5.80110445137727 33.90165603872526 -548872.9597215543 1.4038870229889495e-05 25.683023409375924 24.98915833864639 24.30366238222805 183.05014128753461 337.4424229930967 400.0 -0.002146099993557719 1.3182584058790994 1.3793610271478718 -0.0032372580440425836 -19.973994844807194 2.585187660993113e-08 0.04765379251823157 0.02287904048248994 0.02477461658223287 1.40064909939573 0.021523560499161216 0.02613023201907036 0.0328510632964079 0.03285106329619744 10.309379907366182 2.180616903310721
330.0 11.093810911500633 -5.804512258070801 34.69140712871511 -548602.1286620965 1.413049469041052e-05 25.83457143867311 25.11068194862704 24.41235270364454 182.71299136229973 337.1691112408662 400.0 -0.002285879387960783 1.3619025801875604 1.422218735028568 -0.003438521656540735 -20.4012420391217 2.5799921181362407e-08 0.049233375095155914 0.02360957655434816 0.025623663077697256 1.4451634748430717 0.02216971856609921 0.027063656529056703 0.0339326191585375 0.033932619158324184 9.960278738803327 2.184453596719304
340.0 11.098529450802816 -5.808002158882184 35.46187360100697 -548329.9802290822 1.4218256035614558e-05 25.979138530408008 25.22510364011682 24.514610743131726 182.37319771219447 336.8933945630024 400.0 -0.0024302478754246216 1.4055537482764793 1.4645277872762792 -0.0036439273334576195 -20.798244047337132 2.5739967682450217e-08 0.050816086039031615 0.02434074955538336 0.026475201010932644 1.4891408717608177 0.022814773608340274 0.028001312430691355 0.035016635312520666 0.03501663531229961 9.632736087846089 2.188204856823771
350.0 11.103278645983902 -5.8115723169657745 36.21398109818145 -548056.5917574773 1.4302575284971947e-05 26.117415618846294 25.333108515513892 24.611139119732073 182.0308379740545 336.6153666744008 400.0 -0.0025792079631213123 1.449196738037183 1.5062764991142221 -0.003853176250678473 -21.16542622768684 2.5672775082476712e-08 0.052401470828204004 0.025072458131903837 0.02732887721390302 1.532561625875315 0.023458749368461478 0.02894272145974252 0.036102887595598876 0.036102887595376436 9.324825371456711 2.1918776276259804
360.0 11.108057450424132 -5.815220978900534 36.94859524687246 -547782.0332115355 1.438382134026877e-05 26.250008642638534 25.435296840606842 24.702551357028682 181.68598075409886 336.33511014903644 400.0 -0.002732760650049192 1.4928173787389918 1.547457285609854 -0.004065974276930762 -21.50336476599959 2.5599075267025096e-08 0.05398908729158508 0.02580460352778157 0.028184348271577127 1.5754105398062763 0.024101670111471983 0.029887417180113087 0.03719115477622829 0.03719115477600766 9.034843078217367 2.195478045683529
370.0 11.112864931245342 -5.818946469830854 37.66652608338412 -547506.3680792794 1.4462318508953692e-05 26.37745110400639 25.532196622964214 24.789384963253088 181.33868674053335 336.05269785942716 400.0 -0.002890905529459309 1.5364024969075594 1.5880661407533023 -0.004282033348574914 -21.81275560339381 2.55195667333459e-08 0.05557850778529354 0.02653709015904621 0.02904128212397483 1.617676413412559 0.024743560620036402 0.03083494716525713 0.038281219883715474 0.038281219883488524 8.761277385282112 2.199011550815841
380.0 11.11770025574226 -5.82274718889846 38.3685321954437 -547229.6541373958 1.4538352857134166e-05 26.50021452100559 25.624274068553916 24.8721123605583 180.98900954166734 335.76819419917547 400.0 -0.0030536408905128313 1.5799398995013314 1.6281021604472843 -0.004501072553010034 -22.09438719144728 2.5434910424123237e-08 0.05716932084366974 0.02726982606074052 0.029899359270327403 1.6593516025776742 0.025384446186032004 0.031784874657637734 0.03937287128183769 0.03937287128161223 8.50278187668404 2.202482985325972
390.0 11.12256267973791 -5.82662160495777 39.05532457475229 -546951.9441077645 1.4612177484856905e-05 26.61871715390136 25.711942312770802 24.951150041993007 180.63699666787318 335.48165612348026 400.0 -0.003220963817713697 1.623418347522218 1.6675671119083582 -0.004722818957539413 -22.349116867386734 2.534572728771147e-08 0.05876113237991918 0.02800272322449358 0.03075827363214805 1.7004316109672506 0.026024352601216653 0.03273677977870253 0.04046590351854612 0.04046590351831384 8.258153529599966 2.2058966706136562
400.0 11.12745153751195 -5.830568252565595 39.7275701845817 -546673.2862232868 1.4684017026658243e-05 26.733331331751838 25.79556874242006 25.026866281977636 180.282690070842 335.1931340406039 400.0 -0.0033928702874945365 1.6668275226701188 1.7064650497742004 -0.0049470082180914 -22.577850580624112 2.525259720642379e-08 0.060353566504725224 0.028735697843321584 0.031617733127044106 1.740914717066285 0.02666330614886812 0.0336902603558571 0.04156011798130469 0.04156011798107004 8.026314096594113 2.209256475786918
410.0 11.132366233117608 -5.83458572823078 40.38589525335828 -546393.7247170821 1.4754071435202813e-05 26.84438962432865 25.8754811625016 25.099587646693315 179.92612680483478 334.9026725749705 400.0 -0.003569355261228074 1.7101579892041867 1.744801977635336 -0.005173384999684539 -22.781525669940983 2.5156058986367858e-08 0.06194626602478009 0.029468670478798267 0.03247746000007795 1.780801637133177 0.027301333597921924 0.03464493242685816 0.04265532338577085 0.04265532338553218 7.806294331232016 2.2125658740875673
420.0 11.137306232810285 -5.838672686911502 41.03088830829836 -546113.3002471437 1.4822519194274963e-05 26.952190064819977 25.951973011945874 25.169604512241246 179.56733960924532 334.61031122629726 400.0 -0.003750412774182493 1.7534011527504878 1.7825855525787295 -0.0054017032373169524 -22.961096379830707 2.5056611150605657e-08 0.06353889267561894 0.030201566163611176 0.033337190954044776 1.8200952234328607 0.027938462200387263 0.03560043047523167 0.04375133612227328 0.043751336122035196 7.597220550215188 2.2158279908594887
430.0 11.142271058488962 -5.842827838743964 41.663102965703324 -545832.0502659408 1.4889520097402772e-05 27.057000592250343 26.025307793158785 25.237175762621778 179.20635726940924 334.31608493701316 400.0 -0.003936036020292921 1.796549217464419 1.8198248296285626 -0.0056317262630997175 -23.11752180821629 2.4954713321229717e-08 0.06513112713716762 0.03093431445130322 0.03419667711527892 1.8588001962378253 0.028574719692791496 0.036556407444376125 0.04484798048259295 0.044847980482352084 7.398303106986915 2.219045648730162
440.0 11.14726028194487 -5.847049945989253 42.28306049474967 -545550.0093433114 1.4955217552029044e-05 27.159062832577153 26.09572284886846 25.302532790048605 178.8432050916782 334.020024585456 400.0 -0.004126217432501711 1.83959514263754 1.856530042528549 -0.005863226822360981 -23.25175599129524 2.4850788014770217e-08 0.06672266887344985 0.03166684942307109 0.0350556838665626 1.8969229074604428 0.029210134301816973 0.0375125345716329 0.04594508878641848 0.04594508878617782 7.208826558673667 2.2222213975167464
450.0 11.152273519839571 -5.851337820183148 42.89125217205838 -545267.2094492617 1.5019740629944194e-05 27.258595345872816 26.16343259483326 25.365882928744888 178.4779051899902 333.7221574137536 400.0 -0.004320948758773924 1.882532599599938 1.8927124171279295 -0.006095986998763562 -23.364739850779856 2.4745222709075264e-08 0.06831323583263967 0.032399109660389655 0.035913990574553856 1.9344711334128566 0.029844734754317426 0.03846850107832223 0.04704250142493229 0.04704250142468369 7.028141117434962 2.225357549456686
460.0 11.157310429290275 -5.8556903194754435 43.48814144359024 -544983.6802024056 1.5083205775541795e-05 27.355796410111253 26.22863129696292 25.427412396506863 178.11047682696562 333.42250740111837 400.0 -0.004520221133637249 1.9253559295492988 1.9283840136043897 -0.006329798065733865 -23.457394751672375 2.463837206880973e-08 0.06990256403807517 0.0331310381907316 0.03677139023508079 1.9714538939831745 0.03047855029158482 0.03942401374649035 0.04814006683639941 0.04814006683615081 6.855655307331575 2.2284562023494523
470.0 11.162370703983266 -5.860106346145522 44.07416590974541 -544699.4490887901 1.5145718299848087e-05 27.450846424647448 26.29149546537923 25.487288830784596 177.7409367025853 333.12109559023605 400.0 -0.004724025145597769 1.9680601027669222 1.9635575938628493 -0.006564460279301041 -23.53061744294478 2.4530560241244776e-08 0.07149040709626052 0.03386258241263452 0.03762768905607605 2.007881295455648 0.031111610687660204 0.0403787964086003 0.04923764142683563 0.049237641426583136 6.690829566899628 2.231519262473822
480.0 11.167454070745501 -5.864584844281591 44.649739148580885 -544414.541655109 1.5207373710778813e-05 27.54390999515981 26.35218592503206 25.545663484524034 177.3692991183111 332.81794037331247 400.0 -0.004932350900416275 2.0106406795391805 1.9982465106357745 -0.006799782625089936 -23.585276177815647 2.4422083154495817e-08 0.07307653564372807 0.03459369400525764 0.038482705994882446 2.0437643942372894 0.0317439462713778 0.04133258937235028 0.05033508944679297 0.05033508944653875 6.533170648963696 2.234548468858402
490.0 11.172560286522769 -5.869124797611809 45.21525239105626 -544128.9816796856 1.5268258799019047e-05 27.635137733849298 26.410849612069722 25.602673118790893 176.99557625443634 332.513057742724 400.0 -0.0051451880804538825 2.053093772989244 2.032464615058407 -0.007035582530518844 -23.62220783373002 2.4313210767363617e-08 0.07466073675098982 0.03532432882677445 0.039336272263811166 2.079115078865009 0.03237558795176459 0.04228514879922524 0.05143228283386099 0.05143228283360231 6.3822267838741835 2.2375454059377744
500.0 11.177689135678605 -5.873725227476798 45.7710760609815 -543842.7913242307 1.5328452613928006e-05 27.72466783041952 26.467621136707972 25.658441650654808 176.61977836734593 332.2064615132129 400.0 -0.005362526000396646 2.095416013926344 2.0662261797647075 -0.007271685551403917 -23.642215874211956 2.420418923382041e-08 0.07624281329836838 0.036054446804971 0.04018823081537484 2.1139459678200563 0.03300656724065287 0.04323624605771551 0.05252910102868525 0.05252910102842297 6.237583411888072 2.240511518663942
510.0 11.182840427615899 -5.878385190932649 46.31756119163803 -543555.9912686909 1.5388027355539846e-05 27.812627429266342 26.522624146519643 25.713081594406482 176.241913891212 331.89816351671743 400.0 -0.005584353659346246 2.137604517762643 2.0995458348598635 -0.0075079250408050914 -23.646069014996026 2.4095242956433727e-08 0.07782258333623482 0.036784011823024966 0.04103843581674575 2.148270320882796 0.03363690834514693 0.04418567499108792 0.05362543077145966 0.05362543077119656 6.0988594027221135 2.243448130756417
520.0 11.188013994652401 -5.883103778975366 46.85504072972253 -543268.6008314096 1.5447049097509342e-05 27.899133825483414 26.575972518450506 25.766695311073477 175.86198958090503 331.58817377523326 400.0 -0.0058106597896742775 2.17965685348068 2.132438514409941 -0.007744141806608725 -23.634500475303305 2.3986576511997303e-08 0.07939987943934376 0.03751299160260931 0.04188675212098715 2.182101961956457 0.03426663801512611 0.04513324142421764 0.05472116588433972 0.05472116588407376 5.965703772609833 2.246356452962929
530.0 11.193209690128295 -5.887880114877872 47.38383073649578 -542980.6380763925 1.5505578445822618e-05 27.984295518127176 26.62777140332007 25.81937610673578 175.48001075879426 331.2765006539079 400.0 -0.0060414329028739425 2.221571014601361 2.164919411391398 -0.007980183763239512 -23.608207711582796 2.3878376439766554e-08 0.08097454806320213 0.03824135758609945 0.04273305474121486 2.215455211515182 0.03489579357266703 0.0460787544905351 0.05581620704443867 0.055816207044167385 5.837792751370222 2.2492375955379496
540.0 11.198427386712305 -5.892713352631448 47.90423149507101 -542692.1199092657 1.556367111643872e-05 28.068213133083525 26.678118142813208 25.87120919376572 175.09598125364315 330.963150997198 400.0 -0.006276661332321034 2.2633453920704536 2.197003939317805 -0.008215905581961806 -23.56785254569637 2.3770812888195848e-08 0.08254644890859696 0.03896908481920614 0.0435772283324918 2.2483448270431725 0.035524410021539034 0.0470220388870579 0.056910461551172714 0.05691046155090154 5.714827206603758 2.252092575496098
550.0 11.20366697489139 -5.89760267548399 48.41652853202822 -542403.0621632579 1.5621378457468596e-05 28.150980240044873 26.727103075896757 25.922272541014014 174.7099036865832 330.6481302497285 400.0 -0.006516333273533945 2.3049787489647855 2.2287076990308607 -0.00845116834341038 -23.514061612372007 2.3664041120352035e-08 0.08411545429907749 0.039696151835059645 0.04441916668522594 2.28078595004889 0.03615252287336624 0.04796293142571125 0.05800384309107551 0.05800384309079652 5.5965303213249395 2.25492232928902
560.0 11.208928361616673 -5.902547294568199 48.92099356072727 -542113.4796764129 1.5678747886872866e-05 28.232684066068074 26.774810249035504 25.972637616695707 174.32177942544016 330.33144256392956 400.0 -0.00676043682178436 2.346470196903956 2.260046449372368 -0.008685839195215483 -23.447427062054622 2.355820288122991e-08 0.08568144857489655 0.0404225405404042 0.04525877223291684 2.3127940584251467 0.036780168471073314 0.04890128010382323 0.059096271502450115 0.059096271502167945 5.482645568253137 2.2577277168137257
570.0 11.214211469088829 -5.907546447613313 49.41788535304553 -541823.3863610608 1.573582332104413e-05 28.31340613406729 26.82131804248469 26.022370053381696 173.93160871715958 330.0130908962043 400.0 -0.007008960007417747 2.387819174048002 2.2910360806855916 -0.008919791017150916 -23.36850746501381 2.345342763260912e-08 0.0872443275059569 0.04114823610441398 0.046095955576286096 2.3443849231225506 0.037407384065384366 0.049836943440572545 0.06018767254188066 0.06018767254159504 5.372934858519683 2.2605095331432588
580.0 11.219516233674504 -5.9125993977343345 49.90745054567115 -541532.79526642 1.5792645491953647e-05 28.39322281543898 26.866699723173845 26.071530225155577 173.539390812727 329.69307709222045 400.0 -0.0072618908289813575 2.4290254245609435 2.3216925902834022 -0.00915290209554893 -23.277828871058453 2.3349833662573785e-08 0.08880399772556892 0.04187322685040689 0.04693063502532088 2.375574568265248 0.03803420782053574 0.05076978990503319 0.0612779776540704 0.06127797765377516 5.267176935563243 2.263268509980951
590.0 11.224842604914967 -5.917705432293647 50.389924386382184 -541241.7186352153 1.5849252291070505e-05 28.472205828958398 26.911023933221887 26.120173769764623 173.14512394001758 329.37140196434785 400.0 -0.007519217284252944 2.470088979414557 2.3520320591937782 -0.009385055808419685 -23.17588598649373 2.3247529077909425e-08 0.0903603761859026 0.04259750415051175 0.04776273616005881 2.4063792339889907 0.038660678755479926 0.05169969743042268 0.06236712374603935 0.06236712374574455 5.165165898284281 2.2660053241164615
600.0 11.23019054465993 -5.92286386182935 50.8655314255305 -540950.1679548323 1.590567905960503e-05 28.550422681025545 26.95435512191396 26.168352051368938 172.7488054365523 329.04806535933795 400.0 -0.007780927399398022 2.5110101384248087 2.382070629656605 -0.009616140322369147 -23.063143436161404 2.3146612688150832e-08 0.09191338963601302 0.043321062323484254 0.048592191410797084 2.436815341428234 0.03928683683932131 0.0526265527966917 0.06345505296679509 0.0634550529664981 5.066709879003935 2.268720604671636
610.0 11.235560026265645 -5.928074019046362 51.334486157082196 -540658.1540038113 1.596195881198083e-05 28.627937047098225 26.996753927901253 26.216112564136886 172.35043170948725 328.72306622027344 400.0 -0.00804700925632278 2.5517894534000134 2.411824482961339 -0.00984604830197281 -22.940037083810797 2.3047174790325422e-08 0.0934629741221944 0.04404389853538511 0.04941893965776852 2.4668994593818034 0.0399127230277317 0.05355025109446268 0.06454171249272303 0.06454171249242331 4.971629890078107 2.2714149324299866
620.0 11.24095103388805 -5.9333352578655125 51.79699361353465 -540365.6868940684 1.601812250693119e-05 28.70480912610168 27.038277517535555 26.26349930875789 171.94999843833264 328.396402641115 400.0 -0.008317451018383796 2.5924277123046893 2.4413098173437864 -0.01007467663219304 -22.806975388537808 2.2949297863410585e-08 0.09500907451074919 0.044766012703162814 0.05024292585032762 2.4966482723062406 0.040538379243464664 0.054470695267284534 0.0656270543193739 0.06562705431907384 4.879758720020972 2.2740888525523526
630.0 11.246363561842605 -5.938646952526813 52.253249918397266 -540072.7761093852 1.607419921221173e-05 28.781095936963226 27.078979884483687 26.310553111218468 171.54750051334733 328.06807438282675 400.0 -0.008592240954420271 2.632925924338688 2.4705428257447566 -0.010301926154101903 -22.66434077895156 2.2853057181326415e-08 0.09655164403256272 0.04548740740087453 0.0510641006453042 2.526078549364108 0.04116384841252079 0.05538779562004193 0.06671103505974108 0.06671103505943915 4.790940007698511 2.276742871631626
640.0 11.251797614022964 -5.944008496743355 52.703442799666085 -539779.4305405983 1.6130216320803623e-05 28.856851596158357 27.11891211513663 26.35731192284063 171.1429320540389 327.73807289478304 400.0 -0.008871367461355093 2.673285305843179 2.4995396733177278 -0.010527701414033416 -22.512491029989864 2.2758521352949803e-08 0.09809064384882525 0.04620808776833241 0.051882420064079 2.5552071143348565 0.04178917448072589 0.05630146936809938 0.06779361574912271 0.06779361574880664 4.705027354014291 2.279377465738883
650.0 11.257253203390551 -5.949419302902227 53.147752067498466 -539485.6585177863 1.6186199701483595e-05 28.932127556120605 27.15812262378468 26.403811081481244 170.73628651383936 327.40639663140513 400.0 -0.00915481908541469 2.7135072669575533 2.5283164746393627 -0.010751910426143655 -22.3517606300794 2.266575279716574e-08 0.09962604263727415 0.046928061422018365 0.05269784516791114 2.584050816260597 0.04241440242446295 0.05721164021281118 0.068874761656663 0.06887476165634124 4.621883542341777 2.2819930825880514
660.0 11.262730351499611 -5.954878801309589 53.5863500588079 -539191.46783989 1.6242173849729373e-05 29.006972818593194 27.19665736104478 26.450083547971634 170.32755662885518 327.07304073164636 400.0 -0.009442584541962817 2.753593398948372 2.5568892706215602 -0.010974464448307204 -22.18246212873383 2.2574808160491015e-08 0.10115781619781641 0.047647338367945144 0.05351034175069941 2.6126265007433 0.043039578255757036 0.05811823794205941 0.06995444210338393 0.069954442103064 4.541379830079873 2.2845901437184124
670.0 11.268229088085652 -5.960386439476772 54.01940205152057 -538896.8658019418 1.6298162033059823e-05 29.08143412822819 27.23455999863476 26.496160123053635 169.91673455774793 326.7379996842757 400.0 -0.009734652734029469 2.7935454621538685 2.5852740051745564 -0.011195277771067859 -22.004887456602866 2.2485738684215893e-08 0.10268594707689081 0.04836593091633795 0.05431988004866258 2.6409509818615575 0.0436647490298536 0.05902119804703722 0.07103263028669242 0.07103263028637193 4.463395288955515 2.28716905022532
680.0 11.273749450684377 -5.96594168144491 54.44706665074253 -538601.8592202585 1.635418641138482e-05 29.155556140232726 27.27187209322085 26.542069638537466 169.50381179483503 326.40126735603485 400.0 -0.010031012769789476 2.8333653744807945 2.6134865016952626 -0.011414267519368668 -21.819309211704976 2.2398590527507495e-08 0.10421042420935869 0.04908385359781624 0.05512643446604846 2.669041014701129 0.04428996284396034 0.05992046136539833 0.07210930311104667 0.07210930311072263 4.38781622481681 2.289730183511915
690.0 11.279291484301911 -5.971544007145475 54.86949614911253 -538306.4544557392 1.641026815320161e-05 29.229381573286165 27.308633231763523 26.58783913380491 169.0887792908755 326.0628370162096 400.0 -0.010331653978690084 2.8730552004093823 2.6415424394812552 -0.011631353466739122 -21.625981906952777 2.231340505227591e-08 0.10573124257716697 0.0498011230809815 0.055929983316209055 2.6969132685223407 0.04491526883227141 0.060815973744895536 0.07318444102473971 0.0731844410244109 4.314535633328766 2.2922739096439897
700.0 11.284855241107651 -5.977192911794617 55.28683686321324 -538010.6574355643 1.6466427521081705e-05 29.302951338550663 27.344881160507214 26.633494008367467 168.67162732787608 325.72270135897327 400.0 -0.010636565926622396 2.912617140457205 2.669457330183195 -0.011846457861547914 -21.425143175283342 2.223021907511616e-08 0.10724840288360278 0.05051775809112019 0.05673050857715214 2.7245843006024364 0.045540717157847986 0.06170768572575475 0.07425802786242472 0.07425802786205511 4.243452728307885 2.29480057733023
710.0 11.290440780168131 -5.982887905319003 55.69922944794872 -537714.4736733915 1.6522683991193768e-05 29.376304668279214 27.380651899529887 26.679058173856056 168.2523457517208 325.38085252277006 400.0 -0.010945738430006192 2.952053521069923 2.6972464944231587 -0.012059505264797007 -21.217014929647963 2.2149065091051022e-08 0.10876191124241731 0.05123377932990972 0.05752799566095912 2.7520705308090956 0.046166359000673056 0.06259555224174426 0.07533005069319208 0.0753300506927904 4.174472467658797 2.297310526607167
720.0 11.296048167211502 -5.988628511811225 56.10680919051684 -537417.9082882353 1.6579056336463938e-05 29.449479219960143 27.415979844551913 26.724554181252522 167.83092373534365 325.03728210733254 400.0 -0.011259161568811304 2.9913667849045193 2.7249250387076227 -0.01227042239914657 -21.001804475980165 2.2069971473326275e-08 0.11027177888083108 0.05194920939600361 0.05832243319620498 2.779388216966192 0.046792246541899604 0.06347953233893144 0.07640049967403786 0.0764004996737484 4.107505160168189 2.2998040870322543
730.0 11.301677474417263 -5.994414269013064 56.50970628548647 -537120.9660221874 1.663556267930205e-05 29.522511169284375 27.450897857518527 26.77000333651875 167.40735004794817 324.69198118858185 400.0 -0.011576825698730852 3.030559481476268 2.7525078327656263 -0.01247913800891208 -20.779705577947283 2.1992962653033707e-08 0.11177802185549965 0.052664072706443875 0.059113812822511755 2.806553431078508 0.04741843294435188 0.06435958891114775 0.0774693679086617 0.0774693679083499 4.042466091042178 2.302281579419533
740.0 11.307328780223003 -6.000244727824814 56.9080460923553 -536823.6512571133 1.6692220580769225e-05 29.59543529789858 27.485437347298355 26.815425810465253 166.9816128485335 324.34494033211536 400.0 -0.011898721462235522 3.0696342581485405 2.780009487433323 -0.01268558272953353 -20.550899472771373 2.1918059281799038e-08 0.11328066078076335 0.05337839541836767 0.059902128997091436 2.833582036476236 0.04804497232941551 0.06523568845134785 0.0785366513103891 0.0785366513101858 3.97927518037114 2.304743316935319
750.0 11.313002169168216 -6.006119451839064 57.301949376961446 -536525.9680303634 1.674904711764353e-05 29.668285075017483 27.5196283417134 26.86084074179899 166.55369979499037 323.99614960406325 400.0 -0.01222483979895128 3.1085938514453524 2.8074443332184935 -0.012889688967764386 -20.315555838043633 2.1845278380552296e-08 0.11477972056831472 0.05409220535170191 0.06068737881171861 2.8604896659572794 0.04867191706515264 0.06610780350316209 0.07960234847070395 0.07960234847065797 3.917856656907985 2.307189609489379
760.0 11.318697731749912 -6.012038016897573 57.69153253783101 -536227.9200496769 1.68060589236326e-05 29.741092722616145 27.55349955195815 26.90626632296738 166.1235980573634 323.6455985808032 400.0 -0.012555171954951807 3.1474410786691585 2.8348263996487657 -0.013091390790910021 -20.073833709689417 2.177463347681541e-08 0.11627523017757797 0.054805531912211776 0.061469561820061795 2.8872917009786 0.04929931755091495 0.06697591262666298 0.0806664605319402 0.08066646053122893 3.858138778359503 2.309620762485678
770.0 11.324415564300741 -6.018000010669841 58.07690781860635 -535929.5107073163 1.6863272256345453e-05 29.813889281680606 27.58707843035674 26.951719886177063 165.691294337087 323.2932763569884 400.0 -0.012889709491485183 3.186178829820129 2.8621693955035425 -0.01329062382275334 -19.82588235142731 2.1706134732566247e-08 0.11776722237657959 0.05551840601423366 0.06224867987582067 2.9140032519474994 0.04992723009622535 0.06783999228035424 0.08172899106242568 0.08172899106194487 3.800053558445578 2.3120370797752905
780.0 11.330155768884062 -6.024005032252034 58.45818350751277 -535630.7430935289 1.692070304131203e-05 29.886704666632475 27.620391222331836 26.99721797658183 165.2567747897361 322.9391715522263 400.0 -0.013228444292625962 3.224810059781662 2.889486690050647 -0.013487325152457808 -19.571842077062367 2.1639789064970464e-08 0.1192557335115034 0.056230860005550484 0.06302473697740595 2.9406391396917275 0.05055571202018222 0.06870002149132118 0.08278994593966565 0.0827899459395085 3.7435365292633223 2.3144388625898884
790.0 11.335918453205489 -6.030052691785235 58.8354641248182 -535331.620009392 1.697836692774473e-05 29.959567720856683 27.653463013301334 27.042776425522646 164.8200251068318 322.5832723164361 400.0 -0.013571368572300652 3.2633377807951955 2.916791295334038 -0.013681433246887831 -19.311845025868042 2.1575600260974814e-08 0.12074080328595654 0.05694292759103411 0.0637977391235629 2.9672138781107225 0.051184821469963324 0.06955598181599323 0.08384933323357044 0.08384933323351067 3.6885265069374262 2.3168264127397276
800.0 11.341703730541388 -6.036142610091806 59.208850599117255 -535032.1439790978 1.703627931923773e-05 30.03250626057692 27.686317771201736 27.088410410962265 164.3810304807058 322.2255663339142 400.0 -0.01391847488057348 3.301765055193752 2.9440958496146545 -0.013872887872788947 -19.04601589275714 2.1513569087542895e-08 0.12222247454826432 0.05765464375763108 0.06456769417568048 2.9937416580750473 0.05181461738083604 0.07040785716742826 0.08490716309552167 0.08490716309400764 3.634965390902262 2.3192000311495353
810.0 11.347511719677854 -6.042274418328879 59.57844043322061 -534732.3172617331 1.7094455439116643e-05 30.10554712643704 27.718978385204192 27.134134524438313 163.93977565902154 321.8660408264833 400.0 -0.014269756109264559 3.340094988409895 2.971412601998725 -0.014061630021589989 -18.7744726139587 2.1453693398243247e-08 0.12370079308742028 0.05836604469823606 0.06533461172986794 3.020236332571963 0.05244515943387828 0.071255633653542 0.08596344764738811 0.08596344764664907 3.5827979567784833 2.321560022733293
820.0 11.353342544873746 -6.0484477576580336 59.94432786038662 -534432.1418625877 1.7152910344133844e-05 30.17871621628106 27.751466701199536 27.179962817927688 163.49624483562184 321.5046825549277 400.0 -0.014625205496666962 3.378330722209332 2.998753398353372 -0.014247601851092412 -18.497327010804778 2.1395968237863354e-08 0.12517580743501422 0.05907716773972157 0.06609850299085296 3.0467114031717224 0.053076508010957854 0.07209929942405637 0.08701820088248595 0.08701820088184263 3.5319716944862645 2.3239066922284666
830.0 11.359196335816629 -6.0546622789302695 60.30660399150505 -534131.6195440739 1.721165895425896e-05 30.252038523446362 27.783803554434762 27.22590885497721 163.05042178763608 321.14147782067 400.0 -0.01498481663184891 3.416475428214066 3.026129668469153 -0.014430746620471427 -18.214685391174758 2.1340385944593783e-08 0.12664756867622742 0.05978805126693067 0.06685938065898424 3.073180007738232 0.053708724032068667 0.07293884464415867 0.08807143855930769 0.08807143855872981 3.482436638431796 2.3262403460078622
840.0 11.36507322760935 -6.060917642385451 60.665356953947644 -533830.7518362118 1.7270716126952415e-05 30.325538182608796 27.8160087997878 27.271985768036398 162.6022897641527 320.7764124652388 400.0 -0.015348583458189928 3.4545323016532197 3.053552414572401 -0.014611008639424267 -17.926649111805432 2.1286936251452623e-08 0.12811613026649502 0.06049873465025866 0.06761725881931242 3.099654909469884 0.054341868644494376 0.07377426162200064 0.08912317810538165 0.08912317810485552 3.43414520116127 2.328561296640283
850.0 11.370973360760669 -6.067213517365437 61.02067202257864 -533529.5400467658 1.7330096634756412e-05 30.39923848926294 27.848101339995672 27.318206288099702 162.15183154971177 320.40947186936705 400.0 -0.01571650027639017 3.4925045553687477 3.0810322011632385 -0.014788333219831475 -17.633315102117002 2.1235606386815892e-08 0.12958154785509118 0.06120925817286272 0.06837215283796523 3.126148487220693 0.05497600403301923 0.07460554382207198 0.09017343852190335 0.09017343852141362 3.3870520517151004 2.3308698570665105
860.0 11.37689688117741 -6.073549582040192 61.37263174343288 -533227.9852710828 1.7389815228463754e-05 30.473161940528787 27.880099152162607 27.364582794329912 161.69902940466903 320.0406409517957 400.0 -0.016088561746787217 3.530395414062953 3.108579146198871 -0.014962666632735183 -17.334776351364212 2.1186381174565342e-08 0.1310438791148194 0.06191966295864187 0.0691240792638579 3.152672727103237 0.055611192950832576 0.07543268616398681 0.09122224029157057 0.09122224029110383 3.3411139710361106 2.333166344804694
870.0 11.382843940184543 -6.0799255231461995 61.721316050668975 -532926.0884015439 1.744988666366092e-05 30.54733026691869 27.912019312828292 27.411127353293768 161.24386514168106 319.66990416603346 400.0 -0.016464762891221823 3.5682081087946753 3.1362029136249183 -0.015133956069937022 -17.03112236060695 2.1139243134053674e-08 0.13250318357791135 0.06262999090108418 0.06987305573574497 3.1792392153592774 0.05624749860363351 0.07625568497427791 0.09226960528947449 0.09226960528902664 3.2962897262580415 2.3354510833210043
880.0 11.388814694537254 -6.086341035736545 62.06680237709328 -532623.8501367833 1.751032570384181e-05 30.621764452786365 27.94387802182571 27.45785174554771 160.78631998696048 319.29724549763773 400.0 -0.016845099094325012 3.6059458717122395 3.163912707238654 -0.015302149609882236 -16.722439561109873 2.1094172580051883e-08 0.13395952247752765 0.06334028459286878 0.07061910089411882 3.2058591324676677 0.056884984595406016 0.07707453788212164 0.09331555669670116 0.09331555669626496 3.2525399719487535 2.337724397325631
890.0 11.394809306450247 -6.092795822942087 62.409165758786344 -532321.2709905962 1.7571147159325438e-05 30.696484772416863 27.975690625143933 27.50476750654336 160.32637478553698 318.92264845995527 400.0 -0.01722956610431114 3.6436119310288233 3.191717265873499 -0.015467196187469166 -16.408811700667517 2.105114772275225e-08 0.13541295859494676 0.06405058725642064 0.07136223429784398 3.2325432484666203 0.05752371487346955 0.07788924372147718 0.09436011891674204 0.094360118916314 3.209827128263001 2.3399866180001667
900.0 11.400827943630368 -6.0992895957431585 62.748478934160126 -532018.3513005951 1.763236590524702e-05 30.771510812548286 28.007471636970877 27.551885952668776 159.86400978072865 318.54609608973544 400.0 -0.017618160033248523 3.681209506234323 3.219624859879507 -0.015629045567517763 -16.090320199402818 2.1010144767859197e-08 0.13686355611210996 0.06476094267543805 0.0721024763451746 3.25930191945495 0.0581637536729426 0.07869980243916734 0.09540331749458035 0.09540331749415257 3.16811529343158 2.3422380793713313
910.0 11.406870779323562 -6.1058220727513115 63.08481243785595 -531715.0912365882 1.7693996921744664e-05 30.84686150656184 28.039234761069896 27.599218217691547 159.39920470040835 318.1675709415296 400.0 -0.01801087735700292 3.7187418035450954 3.247643288870294 -0.015787648321562722 -15.767044476518743 2.0971138016717867e-08 0.13831138046949779 0.06547139512751711 0.0728398481990061 3.286145085234539 0.0588051654608745 0.07950621500862326 0.09644517903845115 0.09644517903802624 3.1273701401691536 2.3444791221866677
920.0 11.412937992366938 -6.112392980000582 63.41823468977818 -531411.4908087167 1.775605528071679e-05 30.92255515140132 28.07099291162287 27.6467752706966 158.9319388123585 317.7870550815097 400.0 -0.01840771491456237 3.756212011586801 3.2757798807047194 -0.015942955807744567 -15.439062249475771 2.0934099966450325e-08 0.13975649822908717 0.06618198931792152 0.07357437171606301 3.3130822680558114 0.05944801488019141 0.08030848334889569 0.09748573114419794 0.09748573114377196 3.0875588402009613 2.3467100903620697
930.0 11.419029767240097 -6.1190020507478335 63.74881207954864 -531107.5498753857 1.7818556192001104e-05 30.998609438955164 28.102758233642753 27.694567947297383 158.46219075461357 317.4045300814533 400.0 -0.018808669907108635 3.793623297306145 3.3040414916577805 -0.016094920153472223 -15.10644980704441 2.0899001409968808e-08 0.14119897694220276 0.06689277031451646 0.07430606937981582 3.340122572415941 0.060092366693611954 0.08110661024859081 0.0985250023220752 0.09852500232164489 3.0486499803621663 2.3489313320998364
940.0 11.425146294138084 -6.125649025281819 64.07660904677013 -530803.2681509068 1.7881515009463173e-05 31.07504148104992 28.134542123057567 27.742606973304483 157.9899387156764 317.0199770108293 400.0 -0.019213739896661093 3.8309788021157307 3.332434507745435 -0.016243494240649924 -14.769282257584079 2.0865811535757503e-08 0.14263888502240268 0.0676037834840867 0.07503496423704924 3.3672746858711147 0.06073828572782507 0.08190059929457764 0.09956302192617798 0.09956302192574755 3.0106134843872407 2.351143200907933
950.0 11.431287769033547 -6.132333650740432 64.40168815722367 -530498.6452129802 1.794494724901699e-05 31.15186783197099 28.16635524653136 27.79090298482225 157.51516026863726 316.63337642963745 400.0 -0.019622922804306213 3.8682816382592327 3.3609648471487414 -0.016388631693231626 -14.427633753960992 2.0834498027287983e-08 0.14407629162291655 0.0683150744299243 0.07576107983771196 3.3945468808064363 0.06138583681793057 0.08269045480498598 0.10059982008618633 0.10059982008575483 2.9734205491440058 2.353346053163823
960.0 11.437454393764398 -6.13905568093597 64.7241101754102 -530193.6805098861 1.800886863293447e-05 31.22910452467421 28.19820756109257 27.839466560980508 157.0378324682712 316.24470837935144 400.0 -0.02003621690815895 3.9055348854049017 3.3896379636936977 -0.016530286866843602 -14.081577696357218 2.0805027161888486e-08 0.14551126651897262 0.06902668893095376 0.07648444017811915 3.421947017119149 0.06203508475249212 0.08347618176648051 0.10163542764166528 0.10163542764122892 2.937043564810299 2.355540253063041
970.0 11.443646376114684 -6.145814876187881 65.04393413352585 -529888.3733675043 1.807329505144217e-05 31.30676707632919 28.230108333613106 27.888308224998262 156.55793177240452 315.85395237413155 400.0 -0.020453620841005406 3.942741587454085 3.418458851330931 -0.016668414840292085 -13.731186914291351 2.077736390893626e-08 0.14694387999454278 0.06973867288228351 0.07720506964714556 3.449482545759949 0.06268609421919036 0.08425778577535241 0.10266987607863282 0.10266987607819521 2.901456075955587 2.3577261641544696
980.0 11.44986392989951 -6.1526110031627095 65.36121739713415 -529582.722996129 1.8138242640365863e-05 31.38487053465202 28.26206616017611 27.937438485091732 156.07543406976328 315.46108739156705 400.0 -0.020875133587626958 3.9799047495641675 3.447432049560291 -0.016802971408768422 -13.376533829070297 2.075147202717983e-08 0.148374202733546 0.07045107223731055 0.07792299297532458 3.4771605130791507 0.06333892975126318 0.08503527298228288 0.10370319746846048 0.10370319746802042 2.8666327003624748 2.359904157709156
990.0 11.456107275075961 -6.15944383472112 65.67601572783408 -529276.728496998 1.8203727763889356e-05 31.46342949203635 28.294088985368248 27.986867842285328 155.59031466786945 315.06609186167896 400.0 -0.021300754481840885 4.017027335388986 3.4765616497510203 -0.01693391307852317 -13.017690597812676 2.0727314161019053e-08 0.14980230571570918 0.07116393295155526 0.07863823518687402 3.504987565930788 0.06399365567500545 0.08580865004070375 0.10473542440923335 0.10473542440878797 2.8325490868938212 2.362074608088498
1000.0 11.462376637830658 -6.1663131497713755 65.98838334289145 -528970.3888687231 1.8269767020772774e-05 31.542458106163547 28.326184121505214 28.036606803871024 155.10254822611117 314.66894365715683 400.0 -0.021730483203387586 4.054112264516664 3.505851302292524 -0.017061197062999252 -12.65472924028126 2.0704851935608378e-08 0.15122826011638937 0.07187730092804437 0.07935082155413571 3.532969957473538 0.06465033605815688 0.08657792405823247 0.10576658996924282 0.10576658996855773 2.7991818698387942 2.364237890395706
1010.0 11.468672250698415 -6.173218733129306 66.2983729722512 -528663.703013413 1.8336377295360514e-05 31.621970139395017 28.358358267809276 28.086665914873706 154.61210883253435 314.2696200812862 400.0 -0.022164319774475843 4.0911624101192725 3.5353042245213118 -0.017184781279330593 -12.287721749434727 2.0684046050522696e-08 0.15265213721107568 0.07259122196427711 0.08006077755511103 3.5611135536176324 0.06530903465965818 0.08734310255141754 0.10679672763226893 0.1067967276318173 2.766508605639725 2.3663943861250387
1020.0 11.474994352675331 -6.180160375384388 66.60603591292491 -528356.6697426431 1.840357576107272e-05 31.701978978860847 28.39061752955608 28.13705576948053 154.1189699236351 313.86809785630385 400.0 -0.022602264556178482 4.128180596792326 3.5649232093803147 -0.01730462434781269 -11.916740187116837 2.0664856372016064e-08 0.1540740082836862 0.07330574170161315 0.0807681288323698 3.5894238400803733 0.06596981488052645 0.08810419340315977 0.10782587124664494 0.10782587124618803 2.734507734988276 2.368544480245
1030.0 11.481343189345639 -6.187137872771772 66.91142208099974 -528049.287783185 1.8471379876913905e-05 31.78249765595398 28.422967437166164 28.187787021228107 153.62310430749193 313.46435311050215 400.0 -0.023044318244713407 4.1651695985949875 3.5947106347258724 -0.017420685589578384 -11.54185676534361 2.06472420234374e-08 0.15549394453945262 0.07402090557554292 0.0814729011556649 3.617905929969005 0.06663273971630024 0.08886120482315239 0.10885405497431522 0.10885405497385431 2.703158545290007 2.3706885589809428
1040.0 11.487719012997497 -6.194151027049768 67.21458006129009 -527741.5557825944 1.853980741149057e-05 31.863538873733283 28.455412965260233 28.238870400483435 153.1244840986824 313.0583613658078 400.0 -0.023490481867426794 4.2021321372679035 3.62466847324985 -0.01753292502698969 -11.163143914723586 2.0631161473926958e-08 0.15691201702139113 0.07473675876842442 0.08217512038566607 3.6465645718667723 0.06729787171076214 0.08961414531062897 0.10988131324357274 0.10988131324311026 2.672441129852643 2.372827009795564
1050.0 11.494122082767765 -6.201199645383062 67.51555715494759 -527433.472314516 1.8608876496323108e-05 31.94511504830736 28.487958551665617 28.290316745353927 152.62308078160774 312.6500975233955 400.0 -0.023940756778713105 4.239070880642322 3.6547983029534334 -0.017641303383819716 -10.780674340549572 2.061657262509115e-08 0.15832829653117675 0.07545334616394185 0.0828748124403757 3.675404158363891 0.06796527291139727 0.09036302361977945 0.1109076807034344 0.11090768070296965 2.642336335710174 2.3749602270600745
1060.0 11.500552664781969 -6.208283540231109 67.81439942499944 -527125.0358838286 1.867860558731182e-05 32.027238313665606 28.520608116358595 28.34213699555161 152.11886513449826 312.2395358493013 400.0 -0.02439514465585655 4.2759884412219336 3.6851013181140004 -0.017745782086040468 -10.394521067615818 2.0603432895582184e-08 0.15974285355380535 0.0761707123034404 0.0835720032634562 3.7044287349824714 0.06863500482640927 0.09110784872739607 0.1119331921801014 0.11193319217963471 2.612825747785375 2.377088603786912
1070.0 11.507011032294132 -6.215402529241512 68.11115173995113 -526816.2449316076 1.8749013511236044e-05 32.1099205583553 28.553365080331353 28.394342217662672 151.61180719367735 311.82664995986886 400.0 -0.02485364749464608 4.312887374933573 3.7155783406926317 -0.017846323262988753 -10.004757474579158 2.059169930346323e-08 0.16115575818605052 0.07688890134414314 0.08426671879446972 3.7336420094502123 0.06930712838341001 0.09184862980264051 0.11295788263540928 0.11295788263493867 2.583891646622614 2.379212534852528
1080.0 11.513497465847504 -6.222556435148514 68.40585781565417 -526507.0978398412 1.8820119486820336e-05 32.193173456312685 28.586232384373805 28.44694362417866 151.1018763513883 311.4114128056153 400.0 -0.025316267605020856 4.349770180047981 3.746229832134019 -0.017942889748790384 -9.611457318634656 2.0581328546241045e-08 0.16256708006892295 0.07760795701939337 0.08495898494109541 3.7630473612822244 0.06998170388994089 0.09258537617898209 0.11398178712741677 0.11398178712693888 2.5555169714216457 2.3813324190045546
1090.0 11.520012253431968 -6.229745085676136 68.69856025543086 -526197.5929359803 1.889194313372372e-05 32.27700848670914 28.619212507745768 28.499952581208817 150.58904117706916 310.9937966549931 400.0 -0.02578300760657472 4.386639296256601 3.7770559055003257 -0.018035445083976875 -9.2146947513217 2.0572277078469873e-08 0.16397688832375065 0.07832792260078728 0.08564882755307678 3.79264785162046 0.07065879099575531 0.09331809732799537 0.11500494077288956 0.11500494077238174 2.527685298736712 2.3834486549647314
1100.0 11.526555690654444 -6.23696831344604 68.98930058862199 -525887.7284972733 1.8964504486461876e-05 32.361436961950716 28.652307486729207 28.55338062405412 150.07326951400853 310.5737730771922 400.0 -0.026253870424050457 4.423497103904043 3.8080563378965984 -0.018123953517225684 -8.81454432615838 2.0564501186853998e-08 0.16538525149202163 0.07904884086231775 0.08633627239792081 3.8224462332963225 0.071338448656988 0.0940468028350336 0.11602737871181557 0.11602737871113461 2.5003808110696775 2.3855616424397454
1110.0 11.533128080908444 -6.244225955889739 69.27811930758425 -525577.5027549275 1.9037824021349603e-05 32.44647005866229 28.685518933031226 28.607239475532815 149.55452848300075 310.1513129245684 400.0 -0.026728859282775647 4.460345923366155 3.839230583129477 -0.018208380006632687 -8.411080998775796 2.0557957062733345e-08 0.16679223747879615 0.07977075404625751 0.08702134513842698 3.8524449610662423 0.07202073510218801 0.09477150237660811 0.11704913607336291 0.1170491360728776 2.4735882668631026 2.387671783283839
1120.0 11.539729735562794 -6.251517855165379 69.56505590330535 -525266.9138980397 1.911192267927697e-05 32.532118842882205 28.71884805203932 28.661541058309293 149.03278431482786 309.7263863137899 400.0 -0.027207977704086166 4.497188014571571 3.8705777845729155 -0.018288690222346856 -8.004380120371097 2.05526008719893e-08 0.16819791349966473 0.0804937038315806 0.08770407131122351 3.8826462020026073 0.07270570780029341 0.09549220569937131 0.11807024794497223 0.11807024794452528 2.4472929795263223 2.3897794793322977
1130.0 11.546360974146198 -6.258843858078591 69.85014889961404 -524955.9600773711 1.918682186261748e-05 32.61839429209953 28.75229566087812 28.716297503933113 148.50800247617983 309.2989626066344 400.0 -0.027691229500732384 4.534025576657974 3.902096788166411 -0.018364850547109107 -7.594517424799011 2.054838882214407e-08 0.16960234603125823 0.0812177313035738 0.08838447630766652 3.9130518459727384 0.07339342343056096 0.09620892260069726 0.11909074934158778 0.11909074934111037 2.4214807945139216 2.391885131600336
1140.0 11.553022124546073 -6.266203816007544 70.13343588613448 -524644.639408906 1.9262543496705184e-05 32.705307337681525 28.78586220627742 28.771521182149865 147.98014758120127 308.86901038996433 400.0 -0.028178618772357056 4.57086074775821 3.9337861555316587 -0.018436828077907016 -7.18156901019665 2.0545277226778985e-08 0.17100560076510657 0.08194287692589833 0.08906258535563664 3.943663516201028 0.07408393785443548 0.09692166291067113 0.12011067517780583 0.12011067517737663 2.396138057622435 2.393989144084464
1150.0 11.55971352322105 -6.273597584832252 70.41495355005081 -524332.9499772113 1.9339110012860904e-05 32.79286887771539 28.819547782220663 28.827224700559505 147.44918337518735 308.43649745418963 400.0 -0.028670149900935776 4.607695604912051 3.9656441771558897 -0.018504590627375868 -6.7656113155676545 2.054322256715801e-08 0.17240774256491612 0.08266918051461382 0.08973842350279262 3.974482579870075 0.07477730608947997 0.0976304364754361 0.1211300602418135 0.12113006024122362 2.371251603800569 2.396091918819468
1160.0 11.566435515406114 -6.281025024867397 70.69473770665246 -524020.8898386452 1.9416544391900877e-05 32.88108981460674 28.85335214734413 28.883420929013347 146.91507274312391 308.00139077206995 400.0 -0.029165827546231256 4.644532164091696 3.9976688855933906 -0.01856810672387966 -6.346721092800719 2.054218155100185e-08 0.1738088354270109 0.08339668121367258 0.09041201560151836 4.005510158720175 0.0754735822851797 0.09833525314183118 0.12214893917010776 0.12214893916959069 2.346808729692948 2.398193858815662
1170.0 11.573188455346514 -6.288486000799562 70.97282332887694 -523708.45702433033 1.9494870174311635e-05 32.96998107680303 28.887274742095506 28.9401230081287 146.37777763190806 307.5636564751656 400.0 -0.02966565664144468 4.681372380343916 4.029858068674331 -0.01862734561287606 -5.924975374807522 2.0542111168505573e-08 0.1752089424440667 0.08412541747300253 0.09108338629457373 4.036747139644694 0.07617281970083263 0.09903612274323408 0.12316734642535829 0.12316734642485665 2.322797179505463 2.4002953653558747
1180.0 11.579972706519294 -6.295980381627737 71.24924457572514 -523395.6495430009 1.957411149943163e-05 33.059553654785425 28.9213147056012 28.99734437213009 145.8372590653133 307.12325983095815 400.0 -0.03016964238872799 4.718218148032732 4.062209282655335 -0.018682277256359785 -5.500451440028838 2.0542968745458467e-08 0.1766081257718296 0.08485542702779823 0.09175256000252245 4.068194185222749 0.07687507068536781 0.0997330550864618 0.12418531627450191 0.12418531627399486 2.2992051211674376 2.4023968402854483
1190.0 11.58678864189136 -6.303508040608137 71.52403481981752 -523082.4653835838 1.965429312746577e-05 33.149818628779904 28.955470892254823 29.0550987634731 145.29347711423773 306.6801652170223 400.0 -0.030677790255013 4.75507130119081 4.094719865306803 -0.018732872332748396 -5.073226773892985 2.054471199356009e-08 0.17800644659915968 0.08558674688015054 0.09241956091214601 4.0998517441921605 0.0775803866592523 0.10042605993990733 0.12520288276939304 0.12520288276888528 2.276021129831205 2.40449868534586
1200.0 11.593636644158513 -6.311068855202137 71.7972266738913 -522768.9025176969 1.9735440443047522e-05 33.240787187769556 28.98974188798964 29.11340023888189 144.74639085090428 306.23433609604444 400.0 -0.031190105967677493 4.7919336139555035 4.127386948887661 -0.018779102236123613 -4.643379027640292 2.0547299057922215e-08 0.17940396512065498 0.08631941328223364 0.09308441296588059 4.131720061820484 0.07828881809823049 0.10111514702242455 0.1262200797285719 0.12622007972809024 2.253234177504157 2.406601298879211
1210.0 11.600517106018685 -6.3186627070282695 72.06885201652348 -522454.9589018875 1.9817579528676214e-05 33.332470678721975 29.024126026234697 29.172263205729987 144.19595832345274 305.78573498854644 400.0 -0.03170659551054183 4.8288068011023855 4.160207472991988 -0.018820939075069747 -4.210985974844907 2.0550688561755476e-08 0.18080074051248723 0.08705346172149275 0.09374713985246483 4.163799190165493 0.07900041451915385 0.10180032599333338 0.12723694072088235 0.1272369407203371 2.230833605540034 2.4087050812967687
1220.0 11.607430430446268 -6.326289481817635 72.3389420169738 -522140.63247972925 1.9900737149490665e-05 33.42488061897014 29.058621403527507 29.23170242174064 143.64213656882265 305.33432344477865 400.0 -0.03222726511986032 4.865692518659195 4.193178197229503 -0.018858355670625417 -3.776125466004414 2.0554839648256026e-08 0.18219683091094038 0.08778892690738367 0.09440776499873949 4.1960889981939244 0.07971522446774136 0.10248160644319906 0.1282534990501501 0.1282534990497697 2.2088091191457195 2.4108104302100095
1230.0 11.614377030975767 -6.333949069372837 72.6075271592241 -521825.9211837575 1.9984940807209082e-05 33.518028733847714 29.09322589478988 29.29173302011326 143.0848814883516 304.88006201545033 400.0 -0.032752121280414756 4.902592364596367 4.226295713734453 -0.0188913255550983 -3.3388753817144607 2.0559712019821042e-08 0.18359229339352354 0.08852584276034126 0.09506631156179104 4.228589181759636 0.0804332955081295 0.10315899788539401 0.12926978774244674 0.129269787741406 2.1871507702000264 2.4129177415857295
1240.0 11.621357332004234 -6.34164136353052 72.87463726529738 -521510.82293720316 2.0070218757521665e-05 33.61192698504969 29.127937168210963 29.35237052561316 142.52414794707903 304.42291022135515 400.0 -0.03328117072188367 4.939507879595249 4.259556459436533 -0.018919822966864352 -2.899313584224725 2.0565265974352482e-08 0.18498718396312477 0.08926424240122018 0.0957228024236656 4.2612992733803265 0.08115467421463743 0.10383250974848732 0.13028583953195488 0.13028583953120446 2.165848942603106 2.415027410046276
1250.0 11.628371769101296 -6.34936626212735 73.14030151783668 -521195.3356555845 2.015660008810851e-05 33.706587617159194 29.162752699808607 29.413630889003997 141.95988959010737 303.96282652136017 400.0 -0.03381442041519038 4.976440547879274 4.292956728155197 -0.018943822850282344 -2.4575178686705508 2.057146243919839e-08 0.18638155753417934 0.09000415814446486 0.0963772601843664 4.294218651881364 0.08187940616499849 0.10450215136918084 0.13130168685291807 0.13130168685236385 2.144894333749026 2.417139831563305
1260.0 11.635420789343684 -6.357123666969721 73.40454848205927 -520879.4572480911 2.0244114638763707e-05 33.80202314238825 29.197669787560628 29.47553045998877 141.3920589579824 303.49976827870313 400.0 -0.034351877569125604 5.013391798115203 4.326492682399483 -0.018963300849670985 -2.0135659130250585 2.057826300216376e-08 0.18777546792193633 0.09074562149097452 0.09702970715825592 4.3273465517927665 0.08260753593586853 0.10516793198606779 0.1323173618285026 0.1323173618279838 2.124277963747495 2.419255392049345
1270.0 11.642504851639506 -6.364913483806359 73.66740612695783 -520563.1856188864 2.033279333725422e-05 33.89824650436153 29.232685565164093 29.53808613943761 140.82060732372335 303.03369172735046 400.0 -0.034893549627093234 5.050363004362431 4.36016036492392 -0.01897823330528363 -1.5675352279787176 2.0585629940105927e-08 0.18916896783356194 0.09148866312335502 0.09768016536990731 4.360682072556316 0.0833391070998143 0.10582986073374763 0.1333328962629255 0.13333289626241113 2.1039910995000173 2.4213745008491427
1280.0 11.64962442710467 -6.372735622305283 73.92890184606014 -520246.51866812323 2.0422667267255043e-05 33.995270668927624 29.267797015401065 29.60131495891837 140.2454847509085 302.5645519342579 400.0 -0.03543944426404019 5.087355487089832 4.393955710009256 -0.01898859724845348 -1.1195031065501266 2.0593526244964893e-08 0.19056210886213484 0.09223331290289156 0.09832865655112662 4.394224187515969 0.08407416222441205 0.1064879466377228 0.13434832163502827 0.1343483216345122 2.0840254578791804 2.4234974765937984
1290.0 11.656779999413672 -6.380589996033338 74.18906247742541 -519929.4542929473 2.0513771255809382e-05 34.093110296982054 29.303000983088 29.665235742541867 139.66664000206836 302.0923027627487 400.0 -0.03598956938356099 5.124370514226586 4.4278745544401845 -0.018994370395935167 -0.6695465737923427 2.060191564734868e-08 0.19195494148229839 0.09297959986763797 0.09897520213851616 4.4279717526683475 0.0848127428728161 0.10714219860948229 0.13536366909245956 0.13536366909194844 2.064372413167839 2.4256249671539165
1300.0 11.663972065208405 -6.38847652244011 74.4479143232807 -519611.99038819177 2.0606130708962868e-05 34.19179780300667 29.338294187623955 29.729885154820618 139.08465636986287 301.616896831767 400.0 -0.03654393311524206 5.161409302273339 4.461912648186052 -0.018995531143692547 -0.21774233668577037 2.0610762637691873e-08 0.193347515048689 0.09372755223230027 0.09961982327201918 4.461923515183507 0.08555488960634744 0.10779262544234151 0.13637896944756234 0.13637896944706038 2.045005645558788 2.427767486902155
1310.0 11.671201112999103 -6.396395122288872 74.70548307199508 -519294.12492047634 2.069962687398339e-05 34.29161878230274 29.373673230283018 29.79555312175658 138.50913656071842 301.1382868984982 400.0 -0.037102543747016034 5.198473009270709 4.496065660546156 -0.018992058570291365 0.23583322911785803 2.0620032500146762e-08 0.19473987747140914 0.09447719722462981 0.10026254063400003 4.49607811745857 0.08630064183462915 0.10843923563677994 0.1373942529364048 0.13739425293591503 2.0256448414510135 2.4300770058445758
1320.0 11.67846675931579 -6.404345696773479 74.96178991422589 -518975.85887770384 2.0787150397297168e-05 34.3905730157469 29.409134411486633 29.860243995456752 137.97858715593827 300.6564831704353 400.0 -0.037665407064903 5.235562405713609 4.530329020290153 -0.018983932851826094 0.6911026641783252 2.0629691935376843e-08 0.1961320620951433 0.0952285544209686 0.10090336799282072 4.530433934793551 0.0870500315812596 0.10908203051388368 0.13840953959862778 0.13840953959816613 2.0065649542144826 2.432400673254007
1330.0 11.685765133997913 -6.412011802264517 75.21611245094425 -518627.6587390959 2.0859944482249945e-05 34.485782075421135 29.444627774151165 29.921084649874594 137.53128095957706 300.27935036680947 400.0 -0.038232518018117743 5.272676866619985 4.564697425546539 -0.018971136644619958 1.147983078865123 2.0639711001042438e-08 0.19752404746545038 0.09598161527090938 0.10154229244449095 4.564988579909495 0.0878030642837038 0.10972098318174653 0.1394248097156631 0.1394248097152465 1.988329050284732 2.4344159596682036
1340.0 11.693091627240591 -6.419678512604055 75.46910706038324 -518276.2099313164 2.0924072745932818e-05 34.5791699107545 29.480190959280083 29.980004446870893 137.13970587518708 299.91042885330523 400.0 -0.038803868603478134 5.309815410067623 4.599165463883608 -0.018953654003691298 1.6063910408157576 2.0650061567004665e-08 0.19891579802540546 0.0967363637650087 0.1021792944415705 4.599739519419433 0.08855973810849306 0.11035605991691239 0.1404400334631623 0.14044003346278086 1.9704873700769785 2.4363667765148045
1350.0 11.700445170334365 -6.427375380864443 75.72085844407195 -517924.28938312014 2.0988160604974008e-05 34.673328692656995 29.515824295628555 30.039600282197352 136.76068995506677 299.53969745774674 400.0 -0.03937946141676213 5.346978345978828 4.63372841045964 -0.01893146808543792 2.0662497261416948 2.06607140219305e-08 0.20030732997448505 0.09749280987876961 0.10281438020804506 4.634684874058061 0.08932007527283482 0.11098725470165022 0.14145521925857704 0.14145521925826238 1.9525980780015755 2.4385027264995407
1360.0 11.707825970498503 -6.4351023075001255 75.9713883237644 -517571.8952450084 2.1052921100830403e-05 34.76811111866447 29.551524020834368 30.09972935147573 136.38077645252125 299.1671387279952 400.0 -0.03995930306870048 5.3841664247866925 4.668381767188737 -0.01890456208982031 2.5274850636429353 2.0671638718873565e-08 0.2016986776168758 0.09825097251678018 0.10344756514351616 4.669822957458208 0.09008410613030571 0.11161457148657006 0.14247038918126553 0.1424703891810373 1.9349316333620623 2.4406680420429008
1370.0 11.715234295011928 -6.4428591944413665 76.22071820373586 -517219.02523895283 2.111830574315938e-05 34.86345128318419 29.587286343021397 30.160330250990395 135.99885748663758 298.7927320654003 400.0 -0.04054340045946976 5.42138037482347 4.703121032193799 -0.018872919840513994 2.9900237191046326 2.068280683305666e-08 0.20308987494105443 0.09901087016067003 0.10407886475483327 4.7051520434630145 0.0908518604252975 0.11223801451575693 0.1434855654682175 0.1434855654680912 1.9175281147951824 2.44283644638364
1380.0 11.722670416844654 -6.450645946174244 76.46886914494284 -516865.6770851325 2.1184345425262225e-05 34.959362648289606 29.623107438000254 30.221420951292952 135.61491000968581 298.4164564561138 400.0 -0.04113176060591576 5.458620882752869 4.737941696996649 -0.018836525803165288 3.4537930448419996 2.0694190403779525e-08 0.2044809548022964 0.09977252045586794 0.10470829425184505 4.740670361702248 0.09162336691038646 0.11285758789190996 0.14450076990692 0.14450076990691402 1.9003781301600948 2.4450101359266654
1390.0 11.730134614770629 -6.4584624697078725 76.71586177889752 -516511.848501652 2.1251050111009337e-05 35.05584847057644 29.658983457952246 30.283009216482707 135.22891285366168 298.038290460989 400.0 -0.04172439063850033 5.495888594910724 4.772839254093741 -0.018795365075962633 3.9187211200950993 2.0705762336390275e-08 0.2058719489371566 0.10053594022177074 0.10533586855171136 4.7763761036885795 0.09239865336077165 0.11347329557638497 0.145516023838185 0.14551602383830073 1.8834766221800765 2.447188887365162
1400.0 11.737627173481627 -6.466308674543379 76.96171632112583 -516157.5372041788 2.13184357070112e-05 35.15291505141362 29.694910539711916 30.345105847228087 134.84084453124547 297.65821220487635 400.0 -0.04232129779837877 5.533184118650433 4.807809204185533 -0.018749423379717335 4.384736789827507 2.071749640267283e-08 0.20726288797913212 0.10130114546276878 0.10596160228354068 4.812267428657168 0.09317774658987311 0.11408514138925901 0.14653134815959173 0.14653134815984342 1.8668175950827606 2.4493731323894696
1410.0 11.74514838370452 -6.474184472644426 77.2064525842357 -515802.7409054722 2.138651685553449e-05 35.25056813521762 29.730884812662897 30.407721072146266 134.45068304030156 297.2761993666255 400.0 -0.042922489434604354 5.570508023692153 4.842847063071351 -0.018698687048579354 4.85176970176891 2.0729367239772585e-08 0.2086538014754252 0.10206815138052044 0.10658550979287817 4.848342469160671 0.09396067246596276 0.1146931290094625 0.14754676333046327 0.14754676332913436 1.8503955294256007 2.451563119587249
1420.0 11.752698542316438 -6.482089778409474 77.4500899905808 -515447.45731487055 2.1455308906894212e-05 35.3488139166622 29.76690240618826 30.47086554851444 134.05840596807576 296.89222916818363 400.0 -0.04352797300164616 5.607860843466406 4.877948368147761 -0.0186431430152575 5.3197503422602646 2.0741350347447862e-08 0.2100447179048748 0.1028369723850404 0.10720760514854916 4.884599336359183 0.09474745593003933 0.11529726197483547 0.14856228937313856 0.14856228937194882 1.8342049923096895 2.4537591428662546
1430.0 11.760277952481292 -6.490024508645228 77.692647584649 -515091.68413752667 2.152482738598468e-05 35.447658777456624 29.802959456847656 30.534550092776723 133.6639904754713 296.5062783631233 400.0 -0.044137756056794535 5.645243076470538 4.913108684679907 -0.01858277880591037 5.788610069415271 2.0753422084458174e-08 0.21143566469677563 0.10360762211051984 0.10782790214565818 4.921036125171535 0.09553812101444553 0.11589754368233006 0.14957794588345374 0.14957794588239773 1.8182407357753583 2.4559614786703508
1440.0 11.76788692376674 -6.497988582542043 77.93414404499221 -514735.41907374834 2.1595088158821632e-05 35.54710937578216 29.83905211506462 30.5987857641549 133.26741320173699 296.1183232254259 400.0 -0.04475184625800364 5.682655187604555 4.948323611627265 -0.018517582524601596 6.258281145490565 2.0765559663196907e-08 0.21282666825064414 0.1043801134278288 0.10844641431285229 4.957650919073072 0.09633269086267773 0.11649397738796637 0.15059375203308614 0.15059375203214245 1.8024976642478097 2.4581704022306057
1450.0 11.775525772294339 -6.505981921650378 78.17459769595534 -514378.6598180173 2.1666107403839924e-05 35.64717264467484 29.87517655150479 30.663583857473746 132.8686503910098 295.72833953699217 400.0 -0.04537025136174916 5.720097609516343 4.983588787201091 -0.018447542842366157 6.7286967670555695 2.077774114336181e-08 0.21421775395710896 0.1051544584598194 0.1090631549179083 4.994441794713973 0.09713118775012235 0.11708656620698665 0.15160972657693328 0.15160972657608876 1.7869708325993103 2.4603861854325566
1460.0 11.783194820864889 -6.514004449859161 78.41402651895457 -514021.4040581454 2.1737901619253174e-05 35.74785579604611 29.911328963074432 30.72895590196414 132.46767772613444 295.33630257600066 400.0 -0.04599297922110018 5.7575707439268715 5.018899894081971 -0.018372648984985775 7.199791093437696 2.0789945424474883e-08 0.2156089462191706 0.1059306685966441 0.10967813697367433 5.031406826286656 0.0979336331055079 0.11767531311366272 0.15262588785984238 0.15262588785904888 1.7716554462294436 2.462609093402286
1470.0 11.790894399114825 -6.522056093375227 78.65244816356483 -513663.6494741383 2.1810487662646185e-05 35.84916635486985 29.947505578571548 30.794913690543453 132.06447046861823 294.9421871035712 400.0 -0.04662003778397179 5.795074962956528 5.054252664326395 -0.018292890720310553 7.6714992734578855 2.080215223733976e-08 0.217000268474618 0.10670875451182821 0.11029137324441389 5.068544089670533 0.098740047533365 0.11826022094125305 0.1536422538240266 0.1536422538232525 1.7565468468040402 2.4648393903494066
1480.0 11.79862484366133 -6.530136780704463 78.88987995823976 -513305.39373710286 2.1883882740150555e-05 35.95111215417559 29.98370266398691 30.861469270216908 131.65900331931903 294.54596735067486 400.0 -0.04725143509149337 5.832610610434012 5.089642883958677 -0.018208258345170487 8.143757470380038 2.081434213453212e-08 0.21839174321886434 0.10748872617871373 0.11090287625219777 5.105851666349015 0.099550450837171 0.11884129238169343 0.15465884201666016 0.15465884201615793 1.7416405154145227 2.467077334464399
1490.0 11.806386498264454 -6.53824644263424 79.12633892080133 -512946.63450797927 2.1958104444797468e-05 36.05370136488034 30.019916527482252 30.928634967607426 131.25125047799844 294.1476170042862 400.0 -0.047887179276553435 5.870178003198616 5.125066397272914 -0.018118742672878593 8.616502885055194 2.082649648002577e-08 0.21978339202856417 0.10827059288783128 0.11151265828314881 5.143327647122207 0.10036486204328716 0.11941852998527702 0.1556756695987461 0.15567566959804613 1.7269320615736639 2.4693231820226447
1500.0 11.814179713988912 -6.546385012217305 79.36184176862872 -512587.3694362339 2.2033170741255092e-05 36.15694249351427 30.056143524016207 30.996423382700065 130.84118563785466 293.7471091932947 400.0 -0.04852727856262619 5.907777432384046 5.160519110814205 -0.01802433501822424 9.08967377751079 2.08385974378872e-08 0.22117523558574773 0.1090543632638504 0.11212073139462694 5.180970135583909 0.10118329942563915 0.11999193616010857 0.15669275335250268 0.1566927533517788 1.712417223689594 2.471577184182499
1510.0 11.822004849368543 -6.554552424757138 79.59640492857542 -512227.5961584949 2.2109099993611086e-05 36.26084440027496 30.092380059683826 31.064847403171623 130.4287819215989 293.34441647394164 400.0 -0.04917174126253552 5.94540916468969 5.195996997103336 -0.017925027185039882 9.563209486559742 2.0850627960342625e-08 0.22256729370235445 0.10984004528401473 0.11272710742132651 5.218777251423869 0.10200578053093678 0.12056151317141758 0.15771010969143312 0.15771010969042082 1.6980918639503932 2.473839587487733
1520.0 11.829862270586133 -6.562748617794666 79.83004454667163 -511867.31229704845 2.2185911006765205e-05 36.36541632746715 30.12862259571107 31.13392022942284 130.01401187742664 292.9395108143866 400.0 -0.04982057577762626 5.983073443634626 5.231496098044312 -0.0178208114499498 10.037050448074819 2.0862571774975257e-08 0.22395958534541266 0.11062764629565215 0.11333179798294638 5.256747133495686 0.1028323222047093 0.12112726314070334 0.15872775466785302 0.15872775466837416 1.6839519596658492 2.4761106369276544
1530.0 11.837752351661551 -6.570973531096257 80.06277649760635 -511506.5154582138 2.2263623017450848e-05 36.47066790227435 30.164867652234918 31.203655374130054 129.59684752239954 292.532363578742 400.0 -0.05047379059689618 6.020770490807322 5.267012528144297 -0.01771168055315482 10.511138210912994 2.087441337162348e-08 0.22535212866260484 0.11141717303692325 0.1139348144890063 5.294877942773173 0.10366294061772108 0.12168918804488375 0.1597457039869243 0.1597457039865106 1.6699936020141484 2.4783905741946617
1540.0 11.845675474632612 -6.579227106643377 80.29461639389584 -511145.20323079336 2.2342255680709186e-05 36.57660912967436 30.201111811640914 31.274066652357845 129.1772602543166 292.1229455106933 400.0 -0.05113139429652036 6.058500507070614 5.302542477316516 -0.01759762767565798 10.985415452425658 2.088613798809996e-08 0.22674494100805603 0.11220863165255368 0.11453616814890334 5.3331678649730625 0.10449765129324046 0.12224728971481558 0.16076397300962855 0.16076397300888287 1.6562129991642627 2.4806796329134095
1550.0 11.853632029750274 -6.5875092886234885 80.5255795948858 -510783.3731843493 2.2421829175568384e-05 36.68325045922987 30.237351721784673 31.345168245638863 128.75522089242875 291.71122671729444 400.0 -0.05179339553930813 6.096263673773485 5.338082213591004 -0.017478646430408144 11.45982599108615 2.0897731596042057e-08 0.22813803896843604 0.11300202771542973 0.11513586997641845 5.371615113154871 0.10533646913445704 0.12280156983397898 0.1617825767679413 0.16178257676762803 1.642606456819612 2.4829780495062908
1560.0 11.861622415704362 -6.5958200234221485 80.75568121563495 -510421.02286724164 2.2502364156547235e-05 36.790602760183894 30.2735840988734 31.416974674676027 128.3306996269789 291.2971766497265 400.0 -0.05245980307445805 6.134060153943229 5.373628085507865 -0.01735473084626229 11.934314798237812 2.090918088596966e-08 0.2295314383897951 0.11379736624596552 0.11573393079718457 5.410217930079903 0.10617940845279296 0.12335202993700213 0.16280152997478065 0.1628015299743325 1.6291703866553238 2.4852860550703975
1570.0 11.869647039811557 -6.604159259616967 80.98493613539183 -510058.1498049513 2.2583881762076963e-05 36.89867733016308 30.30980573006322 31.489500805914485 127.90366601685494 290.8807640865134 400.0 -0.05313062573749013 6.171890093435983 5.409176524248595 -0.017225875350493004 12.408828008363477 2.0920473251912588e-08 0.23092515440384442 0.11459465173078616 0.11633036125628461 5.448974590379923 0.10702648299633279 0.12389867140751164 0.16382084703254587 0.16382084703214245 1.615901304112259 2.487603874474048
1580.0 11.877706318252846 -6.612526947972556 81.21335900606918 -509694.7514979928 2.2666403708785073e-05 37.007485952586904 30.346013475863593 31.562761906992428 127.47408895938648 290.46195711341545 400.0 -0.05380587245025039 6.209753622091664 5.444724045594476 -0.017092074755005213 12.883312927602947 2.093159677583628e-08 0.23231920145511553 0.11539388814351688 0.11692517182462088 5.4878834026205165 0.10787770597892318 0.12444149547619232 0.16484054204569318 0.16484054204521797 1.6027958139610017 2.489931734296051
1590.0 11.885800676302527 -6.620923041437079 81.44096426045414 -509330.82541989506 2.2749952231273686e-05 37.11704086632436 30.3822042722669 31.636773614694505 127.04193669937041 290.0407231042737 400.0 -0.05448555222121408 6.247650854856207 5.4802672516298525 -0.016953324239462476 13.357718041071577 2.094254021164815e-08 0.23371359332798952 0.11619507896446755 0.11751837280626079 5.526942711177497 0.1087330901096129 0.12498050321837662 0.16586062883090036 0.16586062883062005 1.5898506191685582 2.4922698543803934
1600.0 11.89393054856102 -6.629347495140239 81.66776612022379 -508966.369015138 2.2834550168207e-05 37.22735481750357 30.41837513267176 31.71155198524578 126.6071767821583 289.61702870018416 400.0 -0.05516967414579256 6.2855818928845295 5.515802832257786 -0.016809619336230243 13.831993018630946 2.0953292969042094e-08 0.23510834317375962 0.1169982272011842 0.11810997434494669 5.566150897989264 0.10959264762238483 0.12551569555137476 0.1668811209289817 0.16688112092864327 1.5770625088253862 2.4946184543417442
1610.0 11.902096379218627 -6.637800266392574 81.89377860388646 -508601.3796968548 2.2920220948415655e-05 37.33844105369199 30.454523149570218 31.787113487195068 126.16977602592415 289.1908397879722 400.0 -0.05585824740699248 6.323546824628144 5.55132756649692 -0.01666095591309999 14.306088719525091 2.0963845097032043e-08 0.23650346353813934 0.11780333540855545 0.11869998643149884 5.605506384153997 0.11045639030648172 0.12604707323165765 0.16790203161564204 0.16790203161522024 1.564428361195784 2.496977749337437
1620.0 11.910298622298699 -6.646281314686404 82.11901553443224 -508235.85484468774 2.3006988624329048e-05 37.45031335056611 30.49064549603706 31.863475026968615 125.72970058394489 288.76212147867386 400.0 -0.056551281276039145 6.361545726891594 5.5868383235975 -0.016507330157389997 14.77995719556129 2.0974187267407676e-08 0.23789896638831634 0.11861040570933196 0.11928841891034886 5.645007631404809 0.11132432953677089 0.12657463685154544 0.16892337391324316 0.1689233739128273 1.5519451373227582 2.499347952726719
1630.0 11.918537741945032 -6.6547906016980525 82.34349054698365 -507869.79180230794 2.309487792686012e-05 37.56298604162122 30.52673942702368 31.940653977643617 125.2869158185892 288.330838083285 400.0 -0.057248785113406045 6.399578665881504 5.622332063977607 -0.016348738559371724 15.253551693170522 2.0984310758026077e-08 0.23929486314060686 0.11941943981484986 0.1198752814864711 5.684653143463708 0.11219647630474229 0.1270983868358646 0.16994516060276296 0.16994516060234888 1.539609876933335 2.501729277222622
1640.0 11.92681421269491 -6.663328091291669 82.56721709619214 -507503.1878750473 2.318391423784171e-05 37.67647400494575 30.562802280453194 32.0186681649698 124.84138630736103 287.89695308961507 400.0 -0.05795076836978731 6.437645698223322 5.657805839975944 -0.01618517789526167 15.726826654259657 2.099420743602082e-08 0.2406911646876851 0.12023043904548994 0.12046058373215289 5.724441467267219 0.11307284124959399 0.1276183234380911 0.1709674042353648 0.17096740423495957 1.5274197030600478 2.5041219295594606
1650.0 11.93512851977239 -6.671893749524557 82.79020846354116 -507136.0403273861 2.327412366840849e-05 37.7907927150407 30.59883147814148 32.097535918595725 124.39307586503442 287.4604291371917 400.0 -0.05865724058733384 6.475746871961433 5.693256796444975 -0.016016645210296665 16.199737715939225 2.1003869740971136e-08 0.24208788142594215 0.12104340435136075 0.12104433509367013 5.764371194085514 0.11395343468967967 0.1281344467362625 0.1719901171444174 0.17199011714401932 1.515371811056969 2.5065261168947623
1660.0 11.94348115940109 -6.680487544654007 83.01247776455739 -506768.34638029995 2.336553307913815e-05 37.90595825586659 30.634824526548833 32.17727608467843 123.94194749783739 287.02122799076034 400.0 -0.0593682114011473 6.5138822275416155 5.728682171188155 -0.015843137801523344 16.672241709202464 2.1013290668049625e-08 0.24348502328293137 0.12185833633304168 0.12162654489798985 5.804440960536758 0.11483826665430755 0.12864675662862382 0.17301331145764998 0.17301331145725632 1.503463468277026 2.508942045388744
1670.0 11.951872639119092 -6.689109447145734 83.23403795585827 -506400.1032086025 2.3458170073291572e-05 38.02198731681011 30.67077901736761 32.25790802156361 123.48796336117138 286.5793105133837 400.0 -0.06008369054079702 6.552051798768516 5.764079295246503 -0.01566465320042977 17.14429665656645 2.1022463751196417e-08 0.24488259974457385 0.12267523526224923 0.12220722235930909 5.844649449499251 0.115727346915711 0.12915525282886287 0.17403699910929382 0.1740369991089073 1.491692017495991 2.511369915847042
1680.0 11.960303478107752 -6.697759429683918 83.45490184209369 -506031.30793819734 2.355206310783509e-05 38.13889726266144 30.706692627958535 32.33945166961534 123.03108473085912 286.13463663833437 400.0 -0.06080368783205373 6.590255613743208 5.799445593046094 -0.015481189155398905 17.615861768750463 2.1031383046345988e-08 0.2462806198822953 0.12349410110251159 0.1227863765855175 5.884995390930926 0.11662068502128549 0.12965993486100988 0.17506119185233676 0.17506119185195976 1.4800548638836364 2.5138099321348837
1690.0 11.968774207549366 -6.7064374671828375 83.67508208285348 -505661.95764312526 2.364724138290421e-05 38.25670606729825 30.74256312164657 32.421927484881365 122.57127201533517 285.68716533902625 400.0 -0.061528213198925034 6.628493695787388 5.834778582416884 -0.015292743613949517 18.086897440471386 2.1040043114722254e-08 0.24767909238032923 0.12431493352996731 0.12336401658470139 5.925477562604832 0.11751829032621565 0.1301608020541136 0.17608590127106075 0.17608590127068918 1.4685494916457213 2.516262286557559
1700.0 11.977285370977194 -6.715143536800243 83.89459119938256 -505292.0493426926 2.3743735317076667e-05 38.37543261612342 30.778388347876827 32.50535674164032 122.1084847284969 285.23685459942743 400.0 -0.06225727666568052 6.666766064338407 5.870075874483101 -0.015099314704803109 18.557365245340762 2.104843900625617e-08 0.24907802556252562 0.1251377319539337 0.12394015127138469 5.966094790757886 0.11842017202614769 0.1306578535363779 0.17711113879337298 0.17711113879300314 1.4571734029756702 2.5187272067173074
1710.0 11.985837524661552 -6.723877617952408 84.11344158130402 -504921.5799983427 2.3841574960880912e-05 38.49509568396814 30.81416624224943 32.589760510525146 121.64268134100118 284.7836613805423 400.0 -0.0629908883591788 6.705072735834416 5.905335173442989 -0.014900900719734211 19.02722792999543 2.1056566243122777e-08 0.25047742741940227 0.12596249553763983 0.12451478947284668 6.006845950669609 0.1193263391903 0.13115108822910232 0.17813691570349727 0.17813691570313928 1.4459243344962673 2.521204780793453
1720.0 11.99443123799754 -6.732639692330958 84.3316454932006 -504550.5465105421 2.394079614267664e-05 38.61571790672331 30.849894826432692 32.67516363048586 121.17381946064141 284.3275415883162 400.0 -0.06372905851130475 6.743413724574713 5.9405542762374495 -0.01469750009526764 19.49644940744433 2.1064420803444087e-08 0.25187730563481603 0.12678922321880115 0.12508793993521872 6.047729967167537 0.12023680079468571 0.13164050484013035 0.17916324315458562 0.17916324315422966 1.4347994499283214 2.5236956077700277
1730.0 12.003067093920336 -6.7414297439215325 84.54921508117488 -504178.9457154831 2.404141769283382e-05 38.737311000755064 30.885572207968554 32.76157992863466 120.70185563829672 283.8684500378572 400.0 -0.06447179746170885 6.781789043566717 5.975731072120399 -0.014489111394083225 19.964994749741454 2.10719991051615e-08 0.25327766761268083 0.12761791373022377 0.12565961132959824 6.088745815070909 0.12115156575568498 0.1321261018569959 0.18019013218149324 0.18019013218114618 1.4237982966015543 2.5261983884724786
