#Found quasiharmonic mode : None
#T(K), volume, F(eV), S(J/K), H(J/K), a(-6/K), Cp(J/mol), Cv, Cpion, Bt(GPa), T_ph-D(K), T-D(K), F_el_atom, S_el_atom, C_el_atom, M_el, Seebeck_coefficients(10**-6 V/K), Lorenz_number(WOK^{-2}), Q_el, Q_p, Q_e, C_mu, W_p, W_e, Y_p, Y_e
0.0 12.717129995734096 -5.019756467033737 0.0 -484332.86988326797 0.0 0.0 0.0 0.0 137.46734906670855 400.0 400.0 0.0 0.0 0.0 0.0 0.0 2.443004551768e-08 0.0 0.0 0.0 0.0 0.0 0.0 0.0 0.0 0.0 0
10.0 12.717168961801265 -5.019758719059151 0.01990622139139457 -484332.88810847414 3.699635037389275e-07 0.037363095583193756 0.03735012689962182 0.025075782004894336 137.46567631074862 426.4535149049603 400.0 -6.368214891627674e-07 0.012288444652754716 0.01228731357829942 7.085146831372271e-07 0.1431671026576463 2.4427462248632856e-08 0.00044925217035262537 0.00022468226174269094 0.00022454945984287173 0.012287325696898554 0.00022478168541982462 0.00022447048493280073 0.00031140088371859226 0.0003114008837093146 1339.450639232328 0.04921229600712838
20.0 12.717517463219044 -5.01977786104451 0.11929861119417051 -484332.54811927886 1.5947642732088113e-06 0.3900246169612731 0.3895427071712067 0.3654624890673472 137.45071503050045 349.2511528716038 400.0 -2.5471628795669688e-06 0.02457385197004527 0.024562127893925912 2.8078769273908063e-06 0.27046476709321515 2.4416891503386398e-08 0.000898436128636031 0.00044945959746742523 0.00044895608204045367 0.024562213293173055 0.000449831883118524 0.0004486042455175071 0.0006227664609719569 0.0006227664609531055 0.7484670335559985 13.799020023136853
30.0 12.718460493014625 -5.019838611289723 0.4621089532020999 -484326.9323304924 3.406266269094113e-06 1.5109171797092322 1.5076201303306989 1.474124982121014 137.41022533324573 327.5924441226757 400.0 -5.730610300669747e-06 0.03684936773961479 0.03679219758821853 5.939539808410164e-06 0.350195331289389 2.4387106333694085e-08 0.00134743259780016 0.0006742206599593032 0.0006731914877198075 0.03679241416412311 0.0006750000780345993 0.0006724325197655608 0.0009340460251289382 0.0009340460251084174 1.834106553115427 7.312106008859268
40.0 12.72013790080731 -5.019969132278634 1.1247329835182331 -484308.39964071155 5.382997022317245e-06 3.256868766111349 3.245894264450728 3.207902241053351 137.3381859540991 329.56017079612826 400.0 -1.0186116487354263e-05 0.049107303055113245 0.04896652505799741 9.644484497951195e-06 0.3935477289654635 2.4349900732975432e-08 0.0017960303980149189 0.0008988089781102717 0.0008972009680060833 0.04896689354241252 0.00090007006835825 0.0008959603296566689 0.0012451416344201967 0.0012451416343711437 2.6689651524684552 5.3143065544173655
50.0 12.722556463714138 -5.0201940250465045 2.062760871152083 -484271.949769894 7.2614925677983265e-06 5.25245713362545 5.227508188485592 5.191342402482624 137.2342744409306 337.5662608059174 400.0 -1.5912414390684425e-05 0.061348283045708545 0.06111473114282629 1.3651009278929627e-05 0.4214355135356584 2.4322513696509398e-08 0.002244135323525197 0.001123155575052846 0.0011209592940043132 0.06111525975427431 0.001124937561296146 0.0011191977622290515 0.0015560071377066212 0.001556007137662452 3.1217630449609852 4.433508588565479
60.0 12.725655755978266 -5.02053153421536 3.195618757095749 -484215.9153722764 8.94052597486075e-06 7.2413289866199175 7.195977478613977 7.168054200873433 137.10104371153847 346.8593962189051 400.0 -2.2908803538093412e-05 0.0735797142752801 0.07327478574648444 1.7870435992143416e-05 0.44884960745233 2.431179315134315e-08 0.002691839477512988 0.001347307806834852 0.0013445112129153137 0.07327549516273894 0.0013496384842225544 0.0013422009932904334 0.0018666839482625386 0.0018666839482554382 3.307493507285062 3.956501559735436
70.0 12.729355868057002 -5.02099397334246 4.451485345825573 -484140.6671162579 1.0405825960164697e-05 9.104636519696603 9.03302427645994 9.019164258988964 136.94187893749674 355.91616045188414 400.0 -3.117555484304434e-05 0.08581092738016075 0.08547226070764007 2.234420515062589e-05 0.48673389731116595 2.4316252712468626e-08 0.0031393528811263036 0.0015713856970015847 0.0015679467224301905 0.08547320719849821 0.0015742984252917504 0.0015650544558345537 0.0021772719645652937 0.0021772719645626517 3.3387572308697973 3.662580624733977
80.0 12.733578444133705 -5.02158901379324 5.777269549398604 -484047.5022020322 1.1674401926421728e-05 10.80176359219254 10.698852413192913 10.70404703089012 136.76009839283054 364.18069686611875 400.0 -4.07139088430071e-05 0.09805004282738997 0.09771656130241979 2.7215473920390554e-05 0.5441804883448488 2.4330903490082305e-08 0.0035869186923101893 0.0017955356840161077 0.0017913625421179767 0.0977178669050725 0.0017990826787886865 0.0017878360135215035 0.002487891208895731 0.002487891208893612 3.2875975776379125 3.464689109164434
90.0 12.738253632154386 -5.022320922096565 7.136261491796495 -483938.0386474501 1.2771711241984764e-05 12.327306864326244 12.188898214267407 12.217302204298818 136.5586572619315 371.47586336017736 400.0 -5.1525864610431175e-05 0.11030277227039227 0.11000466002742866 3.271219837594331e-05 0.6286861633418436 2.4350350191056654e-08 0.00403475775186021 0.002019901354041765 0.002014835926688931 0.11000655575767733 0.0020241647781551885 0.002010592973705022 0.002798655367347438 0.0027986553673452126 3.1944696198301665 3.322945540552537
100.0 12.743321348382322 -5.023191533478633 8.503678697955936 -483813.9355402624 1.3722978405235377e-05 13.689971366287395 13.512635574953334 13.567645030416406 136.34009451763185 377.795435308868 400.0 -6.361391302479729e-05 0.12257236013484069 0.12232633587099004 3.912821877146764e-05 0.7456504971555651 2.4370176789327586e-08 0.004483042750232424 0.0022446087540740137 0.002238413519671242 0.12232922260706314 0.002249709353251823 0.0022333333969806 0.0031096583696913244 0.0031096583696911422 3.0813460102199306 3.2168895933936668
110.0 12.748730600378236 -5.024200970241643 9.862964409155357 -483676.77316638414 1.4550643227414369e-05 14.903561666329468 14.684535253410004 14.768893132792059 136.1065623959266 383.21015058857347 400.0 -7.69807942628526e-05 0.13486002144278464 0.13466853353740996 4.6799972985208676e-05 0.8980402258227534 2.4387325712001826e-08 0.004931891856717847 0.002469760664155652 0.0024621107103709786 0.1346730610842799 0.00247586337712509 0.0024560284795927573 0.0034209700195925404 0.0034209700195926007 2.960164424219271 3.1350274181389097
120.0 12.75443830030611 -5.025348161104034 11.203176883242689 -483528.0051167649 1.527389461168624e-05 15.983262289665866 15.720340371192696 15.836243975381116 135.85987731762668 387.8202849470075 400.0 -9.162930963944576e-05 0.14716551079017318 0.14701831428475104 5.6082170637728376e-05 1.0864891918446395 2.4400006868997582e-08 0.005381372846694274 0.0026954357747796926 0.0026859165837223252 0.14702547277509875 0.0027027521794781924 0.002678620667216081 0.0037326367856223377 0.003732636785621945 2.8374994247777745 3.070387838371248
130.0 12.760408061419835 -5.026631215070383 12.517225908573444 -483368.94286271057 1.5908902512636403e-05 16.944056048641198 16.63549117133298 16.784691449536176 135.60157146951747 391.7315839008357 400.0 -0.00010756219161504714 0.15948765426973252 0.159364599105018 6.732638621328893e-05 1.3097394877189608 2.4407443100781817e-08 0.005831511841651152 0.0029216904066363325 0.00290980094056681 0.15937581242164423 0.0029304783785722216 0.0029010334630789306 0.004044685060583234 0.004044685060584087 2.717003975813806 3.018467772556935
140.0 12.766609124106575 -5.028047690903216 13.800683895545118 -483200.7556266196 1.646921904557742e-05 17.800019707002406 17.44443216851611 17.628320636863872 135.33293851374958 395.04377578457195 400.0 -0.0001247820249753215 0.17182478578807778 0.17169907013853183 8.086498774071541e-05 1.5652326859249495 2.4409598543761164e-08 0.006282303294007546 0.0031485614755611363 0.003133721317524261 0.17171628090620022 0.003159122749726889 0.0031231805442806576 0.004357125284249165 0.004357125284256301 2.6006891051134966 2.976207277327705
150.0 12.773015439036934 -5.029594791718112 15.050974605735172 -483024.477717084 1.696618518447165e-05 18.564015023554074 18.160316264173957 18.379998484090926 135.05507263632188 397.845846096114 400.0 -0.0001432912089156673 0.18417508060747534 0.18401653946314536 9.70010447163446e-05 1.8496927188437267 2.440694545275904e-08 0.006733719501967057 0.003376069985866292 0.0033576290085174407 0.18404227870101109 0.003388746398780316 0.0033449731031867406 0.0046699560735863465 0.004669956073597943 2.489611569604727 2.9414427322518084
160.0 12.779604897633023 -5.031269505582733 16.26681141073762 -482841.0194056602 1.740929325135605e-05 19.247581662589837 18.794910539311697 19.051266669987665 134.7689012667669 400.2148098379368 400.0 -0.00016309194999277601 0.19653679830691503 0.19631499260217414 0.00011600361980624319 2.1596086639349865 2.440028148132122e-08 0.007185718908592327 0.0036042246368316517 0.00358147375735632 0.19635243206069197 0.0036193937491793104 0.003566325159413016 0.00498316795717449 0.004983167957161734 2.384258393528906 2.912596092691185
170.0 12.786358690609509 -5.033068706920199 17.447803380072074 -482651.1791953621 1.7806496772571997e-05 19.86094273047879 19.3586135286466 19.652347296714577 134.47521226527672 402.21617401259317 400.0 -0.00018418627759838907 0.20890845189939095 0.2085954337642136 0.0001381072398112071 2.49158349365621 2.4390592657813717e-08 0.007638252958543346 0.0038330252878065497 0.003805207149375209 0.20864842318631738 0.0038510959324343863 0.0037871570261089615 0.005296746560659754 0.0052967465606488405 2.284771035068729 2.888488052813746
180.0 12.793260774817218 -5.034989229296309 18.594176462272276 -482455.6562460683 1.8164470667904e-05 20.41307402934871 19.860534670289866 20.19221241864914 134.17467653509675 403.9051178117787 400.0 -0.00020657607490977785 0.22128891879580526 0.22086161069956786 0.00016351420353184938 2.842552205683014 2.437895309046423e-08 0.00809127154036405 0.00406246612228862 0.004028784889641073 0.2209347046858001 0.004083874248188687 0.004007397292175359 0.005610675218379733 0.005610675218371007 2.1910811402380084 2.868219996944999
190.0 12.80029743054208 -5.0370279172268795 19.706574933453446 -482255.0622539912 1.8488828046376275e-05 20.911806886690254 20.308605705505972 20.678687216778364 133.8678667343195 405.32788956505976 400.0 -0.0002302631201131349 0.23367750679221078 0.2331196699118904 0.00019239852404590976 3.209891580373762 2.436645293201548e-08 0.008544727152973325 0.004292538415415371 0.004252168201953416 0.23321814967585663 0.004317743442038501 0.004226983710934826 0.0059249370461322655 0.005924937046122513 2.102995223583932 2.8510962294277755
200.0 12.807456893984918 -5.039181662562713 20.785919564364693 -482049.9324125043 1.878430012508263e-05 21.363945251141047 20.709704809705283 21.118567473551334 133.55527282447076 406.52317543183926 400.0 -0.0002552491333806065 0.24607398576386696 0.24537777758971221 0.0002249105593309029 3.591449844025662 2.4354147799442035e-08 0.008998577973056391 0.004523232857763588 0.004475324572436601 0.2455076721714315 0.004552714630759102 0.004445863342297288 0.006239516535442867 0.006239516535434482 2.020248540783147 2.8365709433211888
210.0 12.814729051985566 -5.041447429526381 21.83330625402662 -481840.7352900277 1.9054885099747506e-05 21.775384890924894 21.069781473453403 21.51773915921917 133.23731500803373 407.52333720289374 400.0 -0.0002815358265997573 0.2584785936417022 0.25764573170572735 0.0002611816647276807 3.9855232023707132 2.434302442980198e-08 0.009452790003224467 0.004754541425195848 0.004698228027853345 0.2578138418136461 0.004788797777653593 0.0046639922255708715 0.006554400736601472 0.006554400736594369 1.942539722488891 2.824211011320857
220.0 12.822105188204656 -5.043822271402468 22.84993373300005 -481627.8815892599 1.9303971190769e-05 22.15122745496101 21.393975094581048 21.88129287156422 132.91435441897355 408.3554836048654 400.0 -0.00030912495336670457 0.2708920235295458 0.26993458339678783 0.00030132844769248975 4.3908015147224235 2.4333978585911084e-08 0.009907338468447702 0.0049864588118418846 0.004920859099056541 0.27014850950864766 0.005026003680152696 0.004881334788295009 0.006869580096435409 0.006869580096427742 1.8695530404338574 2.8136692721937795
230.0 12.829577771789989 -5.046303341101992 23.837052246889087 -481411.73182770686 1.9534438201944257e-05 22.495885481288713 21.686723570722915 22.213629201336097 132.58670206119743 409.0423684278898 400.0 -0.00033801835734488224 0.283315397418649 0.28225627995261315 0.000345456399975328 4.806299762038953 2.4327802142622644e-08 0.010362208609668385 0.005218983461934449 0.005143204582766816 0.2825244549555566 0.005264345475762663 0.005097863133905721 0.007185049011557779 0.0071850490115490315 1.80097259044906 2.8046649751506827
240.0 12.83714028109698 -5.048887897248396 24.795927426800052 -481192.6030202279 1.9748741383437766e-05 22.81317662695315 21.951860342436312 22.51855328975717 132.25462622687212 409.6031530396483 400.0 -0.00036821801789083597 0.2957502308059507 0.29462333719598294 0.0003936628227570636 5.231286730250224 2.43251769764049e-08 0.010817396003201333 0.005452118247323451 0.005365257183459019 0.2949550628379461 0.005503839701877431 0.005313556301323902 0.00750080615099514 0.0075008061509863255 1.7364911147261142 2.796969238836842
250.0 12.844787056360403 -5.051573307009212 25.727815170352084 -480970.7744627226 1.9948980681390105e-05 23.106406747428892 22.192699671252157 22.799358201846676 131.91835876054043 410.05401576793065 400.0 -0.00039972609182948525 0.3081983915798976 0.3070485455822148 0.0004460390529862827 5.665218040520499 2.4326673816534783e-08 0.011272906514733148 0.005685870842580217 0.005587015092257327 0.3074540313626006 0.005744506962188952 0.005528399552544194 0.007816854594930768 0.007816854594923749 1.6758152614509971 2.7903940885812295
260.0 12.852513176261589 -5.054357046584412 26.63394450721433 -480746.4927208837 2.0136957964677238e-05 23.378442249566483 22.412110706263896 23.05889753774018 131.5781002311195 410.40866668067525 400.0 -0.0004325449511342135 0.320662055767828 0.3195447118263028 0.0005026720543189857 6.10767743347533 2.433275463836565e-08 0.011728755978419408 0.005920253850177914 0.005808481540852217 0.32003511462678097 0.00598637226025293 0.0057423837181664805 0.008133201829362105 0.00813320182935342 1.6186684805309166 2.7847840894261564
270.0 12.860314354267203 -5.0572367000288905 27.51550624857187 -480519.97592462593 2.0314224392668857e-05 23.631772567566905 22.61258129089765 23.2996481314606 131.23402426494874 410.678764056448 400.0 -0.0004666772159708409 0.33314366211799584 0.33212443610630327 0.0005636454639654537 6.558327959043602 2.43437775133326e-08 0.012184969675318038 0.0061552847257411595 0.006029664354684288 0.33271189877806945 0.006229464974009188 0.005955504701308847 0.008449859630106518 0.008449859630097962 1.564792353363133 2.780009896069915
280.0 12.868186851332627 -5.060209956913099 28.37364581547556 -480291.4174613581 2.048211969305957e-05 23.86856379591989 22.7962726254239 23.5237638722092 130.88628131407495 410.87425658338316 400.0 -0.0005021257830649365 0.34564586699106614 0.34479992371068746 0.0006290401958536404 7.016873256052454 2.4360003093613147e-08 0.01264158167124045 0.00639098554897573 0.006250575519865854 0.3454976109174536 0.0064738186904072835 0.006167762980833165 0.008766843863951598 0.00876684386394071 1.5139468982014401 2.775963237241816
290.0 12.876127402197223 -5.063274609195714 29.209459073143456 -480060.9891518001 2.064180478030444e-05 24.090704548937083 22.965065924217974 23.73312171968806 130.5350017260074 411.00366407006055 400.0 -0.0005388938494801345 0.3581715006413834 0.35758282924902246 0.0006989346983355993 7.483028231333264 2.438160211520283e-08 0.013098634062087333 0.006627382680480809 0.006471230771704517 0.35840495905196246 0.00671947108983734 0.006379162972249995 0.009084174229754298 0.009084174229744056 1.4659102311521344 2.7725529760997696
300.0 12.8841331529633 -5.066428547585276 30.023990312719384 -479828.8439821988 2.0794288906718577e-05 24.299845079577878 23.120602151253603 23.929360948472773 130.18029831684612 411.0743081248894 400.0 -0.0005769849318599062 0.37072352565661215 0.3704841311051068 0.0007734049552920351 7.956497993608763 2.4408663462556817e-08 0.013556176164628633 0.006864506338954328 0.006691649208277882 0.3714460010188255 0.00696646341614514 0.0065897127484834915 0.009401873958118688 0.009401873958106788 1.4204778294129399 2.7697019932617506
310.0 12.892201608095283 -5.069669757594792 30.818231751981035 -479595.11845713935 2.0940452334585396e-05 24.497430609027088 23.264315822105956 24.113916575438175 129.8222686966451 411.0925021628025 400.0 -0.0006164028814160229 0.38330499808210916 0.3835140335889148 0.0008525243075232202 8.436963722994427 2.444120246018193e-08 0.014014263682383555 0.007102390127663347 0.006911852929843278 0.38463204010263835 0.007214839975941143 0.006799423706442416 0.009719969484641064 0.009719969484628454 1.3774615596637076 2.7673447086718017
320.0 12.900330585279209 -5.072996315438727 31.593124094765525 -479359.93462831696 2.1081065299009486e-05 24.684729707487453 23.397463749790845 24.288047813315185 129.4609970579923 411.06370833699975 400.0 -0.0006571518948880192 0.3959190315674794 0.39668189417226823 0.0009363631578908231 8.924074157874216 2.4479169149823153e-08 0.01447295786941915 0.0073410705338408655 0.007131866703239519 0.39797354499599064 0.007464647596978081 0.007008310272441061 0.010038490108765294 0.01003849010875235 1.3366885973843463 2.7654250896354875
330.0 12.908518176874757 -5.076406383880922 32.349557812638984 -479123.40184666816 2.1216803907630167e-05 24.862858470393284 23.52114949923073 24.452862297170928 129.0965559541012 410.9926674104315 400.0 -0.0006992365217373225 0.40856876472840936 0.40999617322235526 0.0010249886112262223 9.41744148203911 2.4522456382322184e-08 0.01493232470937929 0.007580586419934162 0.007351717649667631 0.4114800917703305 0.007715935071199771 0.00721638963817952 0.010357467647743816 0.010357467647730377 1.2980003008707508 2.7638950476827153
340.0 12.916762716894986 -5.079898208111288 33.08837490326437 -478885.6182783007 2.134826353842563e-05 25.032801127642347 23.636344208675727 24.609336723904057 128.72900751084293 410.8835073111677 400.0 -0.0007426616680263643 0.42125733180613767 0.42346440373828953 0.001118464088468917 9.916640545617215 2.4570907605960725e-08 0.015392434122597234 0.007820978521508785 0.0075714349538994075 0.42516032559466543 0.007968752660367489 0.00742368146222974 0.010676936093153464 0.010676936093139201 1.2612510978892237 2.762713133924206
350.0 12.925062752661965 -5.083470111706023 33.81037094712389 -478646.6722185558 2.147597013349359e-05 25.195427635139477 23.743904339838323 24.75833445641074 128.35840475873215 410.73983239198014 400.0 -0.0007874325971332516 0.43398783662486934 0.4370931787287345 0.0012168489446701288 10.421210520648406 2.462432427244346e-08 0.015853359210627724 0.00806228896308238 0.00779104959297574 0.43902194004879175 0.008223151483615444 0.00763020772701228 0.010996931275724039 0.01099693127571073 1.2263074057548204 2.7618434793273603
360.0 12.933417020388516 -5.0871204927091895 34.516297333533046 -478406.6432334323 2.160038973226299e-05 25.35150870629643 23.844586833137363 24.900620552284423 127.98479257016255 410.56479930881017 400.0 -0.0008335549278158376 0.4467633297842845 0.4508881540120081 0.0013201981122620895 10.930658256283445 2.468247281027737e-08 0.016315175544665828 0.008304560800164135 0.008010594082586017 0.4530716719962371 0.008479182997448384 0.007835992547217448 0.011317490542817598 0.011317490542803505 1.1930466159083084 2.7612549183312827
370.0 12.941824424102874 -5.090847819860396 35.206863563587596 -478165.60315308085 2.172193659779658e-05 25.501728689196305 23.939062070418 25.036874624820054 127.6082086045985 410.36118010198896 400.0 -0.0008810346297979719 0.45958678898047856 0.4648540643762525 0.001428561784394456 11.444462748563613 2.4745091136308198e-08 0.016777960502136445 0.008547837593320758 0.008230102239591648 0.4673153101136522 0.008736898552918202 0.008041061949218246 0.011638652451770856 0.01163865245175574 1.161356136602269 2.7609202741163736
380.0 12.950284017413008 -5.094650628984065 35.88273956454308 -477923.6169383681 2.184098012504941e-05 25.646696612253738 24.027924984026185 25.1677018610708 127.22868401529912 410.1314154245111 400.0 -0.0009298780172834847 0.47246110231569927 0.47899475118293955 0.0015419851477588818 11.962080270404329 2.481189469090844e-08 0.017241792653967334 0.008792163018083938 0.00844960895939169 0.48175771529545164 0.008996348967574444 0.008245443686392889 0.01196045648140524 0.011960456481389234 1.1311325100868517 2.7608157635331207
390.0 12.958794987689238 -5.098527519548661 36.54455796998332 -477680.7434383189 2.1957850707144614e-05 25.786955676844684 24.111704597181713 25.293642477205513 126.84624414647925 409.8776595039805 400.0 -0.000980091740716597 0.48538905443459024 0.49331319963917264 0.0016605081703757439 12.482949817429187 2.488258199287394e-08 0.01770675120368502 0.009037580512879237 0.008669150007089838 0.49640285127249717 0.00925758414268192 0.0084491670610031 0.012282942763227927 0.012282942763210937 1.1022806022964864 2.760920500247273
400.0 12.967356642301889 -5.102477151399207 37.19291633469933 -477437.03605358436 2.2072844775469228e-05 25.922991438131543 24.190872235033076 25.415179854040357 126.46090911223622 409.6018182442094 400.0 -0.0010316827769802843 0.4983733153090271 0.5078115840911868 0.0017841654467020132 13.00649861526164 2.4956839717170992e-08 0.018172915478394693 0.009284132965874771 0.008888761821625636 0.5112538238898519 0.009520652726948093 0.008652262751446602 0.012606151833245918 0.012606151833228399 1.074712859356712 2.7612160816585685
410.0 12.975968396642207 -5.106498241662653 37.82837926406304 -477192.54331875127 2.2186229155142677e-05 26.055238874356846 24.265848607482187 25.532747554539643 126.0726943214754 409.3055816133424 400.0 -0.001084658418422875 0.5114164314854489 0.5224913198172041 0.0019129861001549013 13.532147505853644 2.503434730386342e-08 0.01864036447092842 0.009531862440669784 0.00910848133223416 0.5263129275952788 0.009785601826723514 0.008854762644204905 0.012930124404856608 0.012930124404838574 1.0483486263882578 2.7616862466537566
420.0 12.98462976366664 -5.110589561823111 38.45148044534632 -476947.3094144627 2.2298244770923388e-05 26.18408849659299 24.337009932714754 25.64673537668794 125.68161077603614 408.9904512601609 400.0 -0.0011390262609112598 0.5245208196020851 0.5373531199050501 0.0020469937415767596 14.059316086696855 2.5114781109777558e-08 0.019109176431776863 0.009780809939955712 0.009328345786716648 0.5415816977797466 0.010052476761639539 0.009056699670137324 0.013254901162852871 0.013254901162834353 1.023113535884418 2.762316578680552
430.0 12.993340344745523 -5.114749934962111 39.06272457410899 -476701.3746187008 2.2409109846122722e-05 26.309891653671244 24.404693243475133 25.757494597763444 125.28766569190452 408.6577641325492 400.0 -0.001194794191095777 0.5376887619816276 0.5523970559077994 0.002186206481034402 14.587427519971452 2.5197818116977318e-08 0.01957942850894947 0.01003101520571531 0.009548392591101594 0.5570609677028548 0.010321320863927348 0.009258107645022124 0.013580522578276412 0.013580522578256345 0.9989389456806231 2.76309426274477
440.0 13.002099821649603 -5.118978233157835 39.66258917293115 -476454.7757051948 2.2519022724684807e-05 26.43296514729487 24.469200995635045 25.865342526221607 124.89086258423336 408.3087127351078 400.0 -0.001251970373243746 0.5509224041062504 0.5676226210732617 0.0023306369896433092 15.115912961127563 2.5283139213892446e-08 0.020051196433586393 0.010282516554120885 0.009768659160358404 0.5727509288237186 0.010592175319161403 0.009459021114424992 0.01390702874361692 0.013907028743597198 0.975761432614366 2.7640078760510085
450.0 13.010907949531317 -5.123273375036507 40.25152630262966 -476207.54629576736 2.2628164249459524e-05 26.553595247932325 24.53080507979414 25.970566452891813 124.49120172519157 407.9443625527909 400.0 -0.0013105632356806437 0.5642237537844744 0.5830287950405135 0.0024802926076147136 15.644215580271817 2.537043206624048e-08 0.020524554248897247 0.010535350743015027 0.00998918277985546 0.5886511934415838 0.0108650790458232 0.00965947520307405 0.014234459227678029 0.014234459227656817 0.9535223342461191 2.76504720946334
460.0 13.01976455073933 -5.127634323468658 40.82996416791994 -475959.71717254183 2.2736699884279662e-05 26.672041208152642 24.58975032091734 26.073427099158014 124.08868032463923 407.5656670798823 400.0 -0.001370581457150751 0.5775946818219116 0.5986141089946292 0.0026351754946275 16.1717941670212 2.545939359611436e-08 0.020999574079771037 0.010789552869627182 0.01021000047725345 0.604760858635932 0.011140068610834502 0.009859505468936531 0.014562852949211154 0.01456285294918817 0.9321673327354414 2.766203116769478
470.0 13.028669509408012 -5.132060083402927 41.39830862120044 -475711.31655496213 2.284478155819716e-05 26.788538338965726 24.64625753789279 26.17416162859494 123.68329279297457 407.1734808152275 400.0 -0.001432033953146151 0.5910369240170384 0.6143767103707857 0.0027952828183652697 16.698126321438316 2.5549732088560105e-08 0.021476325940423348 0.011045156296157998 0.010431148904568267 0.6210785705844909 0.011417178178151039 0.010059147762272314 0.014892248068431532 0.014892248068407719 0.9116460774107797 2.7674673869776436
480.0 13.037622766673667 -5.136549699829805 41.9569445685493 -475462.3703460614 2.2952549240744577e-05 26.903300700389813 24.700526223856148 26.272986274097846 123.27503089446812 406.76857053058757 400.0 -0.0014949298624124384 0.6045520843053798 0.6303144262919665 0.0029606069772592333 17.222711241977592 2.56411689458734e-08 0.021954877577237873 0.011302192600730634 0.010652664230061165 0.6376025884204082 0.01169643948739579 0.010258438089842082 0.015222681895313148 0.015222681895289868 0.8919118478235621 2.7688326283109115
490.0 13.046624316477065 -5.141102255868091 42.50623728295642 -475212.90235166537 2.306013237856518e-05 27.016523477820165 24.752736898943244 26.37009865279369 122.86388393835406 406.3516250638313 400.0 -0.0015592785337458824 0.6181416388870973 0.6464248250264768 0.0031311358534738226 17.745072126619075 2.573344011067978e-08 0.02243529434408913 0.011560691551294624 0.010874582039657677 0.6543308468826762 0.01197788185959648 0.010457412484492647 0.015554190813615119 0.015554190813590376 0.8729212428611394 2.7702921761334154
500.0 13.055674201863859 -5.14571687096691 43.04653362982552 -474962.9344758168 2.3167651128725584e-05 27.128385069637883 24.803053179385376 26.465679794792276 122.4498389227823 405.9232638515546 400.0 -0.0016250895131642092 0.6318069411788133 0.6627052748456042 0.003306853092401249 18.264758206702105 2.5826297179557486e-08 0.02291763910736817 0.011820681100065174 0.011096937247534001 0.671261017100004 0.012261532227115061 0.010656106880253102 0.015886810219486368 0.01588681021946275 0.8546339024073267 2.7718400092416844
510.0 13.064772511731565 -5.150392699216408 43.578163209988524 -474712.4868952243 2.3275217437545623e-05 27.239048928429156 24.85162360038215 26.559895928671818 122.03288069025568 405.48404438000216 400.0 -0.0016923725315848267 0.6455492274407691 0.6791529997573403 0.0034877384049752744 18.781346434752372 2.591950822949144e-08 0.0234019721780284 0.012082187396194544 0.011319764015491465 0.6883905649369257 0.012547415184975146 0.010854556993053254 0.016220574473540635 0.016220574473514566 0.8370122552974175 2.773470676961143
520.0 13.073919377958802 -5.155128927760534 44.10143942534226 -474461.5782152167 2.3382936024523513e-05 27.348665193997572 24.898583224726362 26.65290006231242 121.61299200805942 405.03446870674543 400.0 -0.0017611374929506287 0.6593696229387412 0.6957651316851502 0.003673767889541278 19.294442848437132 2.60128583799119e-08 0.023888351268000346 0.012345234814418975 0.011543095680724343 0.7057168064181821 0.01283555306089428 0.011052798207106066 0.01655551686520985 0.01655551686518345 0.8200212892088786 2.775179238129356
530.0 13.083114972896702 -5.159924775305797 44.61666047225202 -474210.22560930264 2.3490905227784764e-05 27.45737213577326 24.944055064572073 26.744833377021628 121.19015369932995 404.5749891798098 400.0 -0.0018313944631303618 0.6732691485120741 0.7125387587516291 0.0038649143699139407 19.803683632901254 2.6106150113270305e-08 0.024376831468485703 0.012609845997611422 0.011766964691561226 0.7232369598334932 0.013125966001499553 0.011250865466986148 0.016891669588319343 0.016891669588292135 0.8036283431464422 2.7769612061253626
540.0 13.092359507151244 -5.164779490719883 45.124110267428755 -473958.4449442609 2.3599217774386203e-05 27.565297434832623 24.98815133984497 26.835826465424336 120.76434467584333 404.1060134651308 400.0 -0.0019031536592859276 0.6872487274261462 0.7294709694082868 0.004061147746780751 20.308735903487577 2.6199203377115268e-08 0.024867465247637284 0.012876041911198488 0.01199140255072801 0.7409481942025403 0.013418672072300705 0.011448793175336579 0.017229063726702763 0.017229063726675035 0.7878029187409851 2.778812501201633
550.0 13.101653227659947 -5.16969235171487 45.62405931106725 -473706.25089234614 2.3707961450014108e-05 27.672559321666082 25.030974593539444 26.926000429428676 120.33554206289047 403.62790897261425 400.0 -0.001976425440056392 0.7013091924015595 0.7465588922374057 0.004262435359553609 20.80929823026525 2.6291855490502875e-08 0.02536030246537331 0.013143841907623497 0.01221643976569912 0.7588476738620771 0.013713687369211051 0.011646615096162258 0.01756772924885217 0.017567729248822106 0.7725165086197817 2.7807294089451706
560.0 13.110996415991844 -5.174662663609423 46.11676549143985 -473453.65703211277 2.3817219710158096e-05 27.779267590416005 25.07261868135203 27.01546785909505 119.90372125413556 403.1410067623583 400.0 -0.00205122029635817 0.7154512927182644 0.7637997313209558 0.004468742356161184 21.305100925160342 2.6383960877177272e-08 0.025855390403048482 0.013413263799073993 0.012442105805641118 0.7769325990045298 0.014011026139491907 0.011844364263556577 0.017907695010497833 0.017907695010468107 0.7577424401626133 2.782708544037733
570.0 13.120389386892523 -5.179689758165538 46.602474835275906 -473200.6759390572 2.3927072231802685e-05 27.885524503373038 25.1131696507685 27.104333706230577 119.46885593566323 402.6456049957068 400.0 -0.0021275488429336313 0.7296757013077674 0.7811907971424622 0.0046800320682949745 21.7959061116343 2.6475390647341055e-08 0.02635277380599815 0.01368432393692631 0.012668429064512297 0.7952002420677006 0.01431070091023513 0.012042072895763025 0.01824898876420454 0.0182489887641746 0.743455733343734 2.7847468182440527
580.0 13.129832487005382 -5.184772992494784 47.08142220758561 -472947.31926726585 2.4037595386622352e-05 27.99142559471749 25.152706522698917 27.192696061672358 119.03091817586449 402.1419719917673 400.0 -0.0022054218106318515 0.7439830217512484 0.7987295330451334 0.004896266390020421 22.281507596171725 2.656603204916841e-08 0.026852494936918256 0.013957037296376668 0.01289543682981155 0.8136479799329613 0.014612722622564427 0.012239772314353829 0.018591637174954587 0.018591637174922543 0.7296329717911579 2.786841411111018
590.0 13.139326093789716 -5.18991174803014 47.55383196471479 -472693.5978229962 2.4148862705586856e-05 28.09706039565497 25.191301987065323 27.28064685833121 118.58987841790143 401.63034893677855 400.0 -0.0022848500393258322 0.7583737951157741 0.8164135373237592 0.005117406157660318 22.761730559929312 2.6655787810162313e-08 0.02735459363834318 0.014231417564961484 0.013123155256535885 0.832273321944585 0.014917100769971433 0.01243749286837175 0.018935665840891444 0.018935665840857197 0.7162521837915641 2.7889897464239537
600.0 13.148870614589606 -5.1951054295591685 48.019918563866014 -472439.5216311121 2.4260945249583072e-05 28.20251307346521 25.2290230222737 27.368272492392496 118.14570554088658 401.1109522907571 400.0 -0.002365844471540359 0.7728485065661256 0.8342405810727127 0.005343411529141299 23.236431088200252 2.6744575387509688e-08 0.02785910740247572 0.01450747723371419 0.013351609345853633 0.8510739338096696 0.015223843539281972 0.012635263863193748 0.019281099318340454 0.01928109931830787 0.7032927360068334 2.7911894671870274
610.0 13.15846648585318 -5.20035346431492 48.479887132277625 -472185.0999951283 2.437391199884365e-05 28.307863014636318 25.26593144725878 27.455654392685954 117.69836683144085 400.5839759275892 400.0 -0.0024484161467591896 0.7874075917008666 0.8522086219503663 0.005574242361117741 23.705495554505493 2.6832326145312032e-08 0.028366071446836078 0.014785227689872006 0.013580822928046656 0.8700476574786108 0.015532957952932261 0.012833113493903819 0.019627961150343105 0.019627961150308095 0.6907352339349461 2.7934384175330984
620.0 13.16811417249319 -5.2056553011211575 48.933933998981985 -471930.3415515447 2.44878301779779e-05 28.413185344981166 25.302084413713715 27.542869530928392 117.24782810024885 400.0495930402494 400.0 -0.002532576196333138 0.8020514425688753 0.8703158140527708 0.005809858582477257 24.168839875371116 2.6918984475367863e-08 0.02887551879429686 0.015064679310131125 0.013810818649290188 0.8891925271417944 0.01584445001135787 0.013031068782938995 0.019976273897950307 0.0199762738979142 0.678561430989551 2.7957346265720098
630.0 13.177814167363248 -5.211010409588503 49.382247191772755 -471675.25431910704 2.460276554534214e-05 28.518551389403342 25.337534845185868 27.62999087529105 116.79405357103752 399.5079578395094 400.0 -0.0026183358389771094 0.8167804133293092 0.8885605141122944 0.006050220562734576 24.626408651104658 2.7004506876822835e-08 0.029387480356161864 0.015345841553577126 0.014041617961801168 0.9085067815046953 0.01615832483441301 0.013229155521748854 0.02032605917362245 0.020326059173577736 0.6667541484020082 2.798076287994538
640.0 13.187566990850652 -5.2164182793586376 49.8250069019238 -471419.8457435259 2.4718782692285647e-05 28.624029099441973 25.372331828920935 27.71708781518785 116.33700598851213 398.9592070698091 400.0 -0.002705706376836992 0.831594825526147 0.9069412842541235 0.006295289474309533 25.078174207054914 2.7088861008568612e-08 0.029901985017099696 0.015628723053490577 0.014273241116966354 0.9279888725247004 0.01647458680087701 0.013427398216222694 0.0206773376760766 0.020677337676005318 0.6552971971099245 2.800461750547266
650.0 13.19737319057878 -5.221878419393797 50.26238591897773 -471164.1227381357 2.483594528344722e-05 28.729683425563387 25.40652096564753 27.804226534002282 115.87664655434158 398.4034613627108 400.0 -0.0027946991920710655 0.8464949729546399 0.9254568915611023 0.006545027647747895 25.524135549148763 2.717202472705886e-08 0.030419059720839414 0.015913331707327817 0.014505707161057108 0.9476374708149751 0.016793239685212995 0.013625820035626424 0.021030129225988525 0.021030129225954416 0.6441753102411074 2.802889501666557
660.0 13.207233341203281 -5.227390357308849 50.69455003770612 -470908.09172094375 2.495431634133983e-05 28.835576671287694 25.440144681881417 27.89147036658937 115.41293493383097 397.8408264469041 400.0 -0.002885325743879072 0.8614811261031936 0.9441063046983261 0.0067993989181386145 25.96431724671298 2.72539851206245e-08 0.030938729555657317 0.016199674764398306 0.014739033933038916 0.9674514679261179 0.01711428679086089 0.01382444276479643 0.02138445280225072 0.021384452802210647 0.6333740767586118 2.805358161262423
670.0 13.217148044301554 -5.232953638743653 51.121658439244875 -470651.7586484498 2.507395828199775e-05 28.941768752621922 25.47324250880801 27.978880064767083 114.94582929293826 397.2713942301907 400.0 -0.002977597565930948 0.8765535361570437 0.9628886878548357 0.007058368963886615 26.39876825470188 2.7334737550210982e-08 0.03146101783869077 0.016487758910427096 0.014973238064322665 0.9874299757266013 0.01743773107939411 0.014023286759296656 0.02174032657779647 0.02174032657775699 0.6228798926067207 2.807866451268092
680.0 13.227117928352632 -5.238567826773513 51.543864048250136 -470395.129046579 2.519493386774589e-05 29.048317681874128 25.5058513313421 28.066514289614144 114.47528621445674 396.69524376707227 400.0 -0.003071526264233259 0.891712438559802 0.9818033922599876 0.0073219056349905455 26.827560686905436 2.7414284705042142e-08 0.0319859461983871 0.01677759034890795 0.015208334979860556 1.0075723231083924 0.01776357529506187 0.01422237090332523 0.02209776795518491 0.022097767955144218 0.6126798680011506 2.8104132676753286
690.0 13.23714364879115 -5.244232501355474 51.96131386771514 -470138.20803905785 2.531730359045242e-05 29.155279033525485 25.538005610553736 28.154429088002303 114.00126074745732 396.1124421249123 400.0 -0.0031671235151865436 0.9069580561270719 1.0008499455231776 0.007589979271914345 27.250788550706453 2.7492635680543026e-08 0.03251353465427033 0.017069174878601153 0.015444338900414908 1.0278780502392304 0.018091822084207173 0.014421712570063154 0.022456793601099936 0.022456793601057998 0.6027619242450114 2.812997359530345
700.0 13.247225888153135 -5.249947258808936 52.37414929311378 -469881.0003734841 2.544113641020684e-05 29.262709186796034 25.569737582303 28.242681147753835 113.52370632297512 395.52304515797607 400.0 -0.0032644010640738115 0.922290601715276 1.020028039042199 0.007862563014016784 27.668566453321105 2.756980508464064e-08 0.03304380169347586 0.01736251796699213 0.015681262845634324 1.0483469005845143 0.018422474109239306 0.014621327584236548 0.02281741947964289 0.022817419479600885 0.5931142084406906 2.8156184920996545
710.0 13.257365356285174 -5.255711711328382 52.78250640720945 -469623.51044537383 2.556647058878247e-05 29.370654127571314 25.601077434604303 28.33131661385915 113.04257480225222 394.9270982001424 400.0 -0.0033633707235968826 0.9377102804473004 1.0393375137121592 0.008139633097438263 28.08102828864706 2.7645812177510247e-08 0.03357676434341775 0.01765762481938742 0.01591911863762497 1.0689788109124607 0.01875553414000441 0.014821230203413346 0.02317966088402252 0.023179660883979412 0.5837270234446662 2.818273086042801
720.0 13.26756279062932 -5.261525486526867 53.186516256939356 -469365.74232039304 2.5693460528943867e-05 29.479205211623206 25.632053465970117 28.420426867467636 112.55817797915364 394.324636683638 400.0 -0.003464044372664863 0.9532172915021965 1.0587783441555707 0.008421169142290574 28.488325913066888 2.772068004875006e-08 0.0341124382401281 0.017954500443451794 0.016157916904752812 1.089773899489002 0.019091005194428513 0.015021433045699592 0.023543532466392538 0.023543532466348657 0.5745816233840934 2.820979442922764
730.0 13.27781890005407 -5.2673882259920415 53.58630485985206 -469107.6998421278 2.5821404441410303e-05 29.58848992474974 25.66269221322278 28.510139310164913 112.07924183698573 393.71569024702103 400.0 -0.0035664339396398372 0.9688118247156864 1.0783506145848292 0.008707154432903213 28.890627768555234 2.7794434780044132e-08 0.03465083753242143 0.018253149624709857 0.016397667010306524 1.1107324452950902 0.019428890550721743 0.015221946981699683 0.023909048159366803 0.023909048159322117 0.5656094344211724 2.8238742990250114
740.0 13.288132625470334 -5.273193286383343 53.98735969606975 -468835.1593945595 2.5939397601435046e-05 29.696454042832432 25.693003973380602 28.598399763196618 111.64147316757595 393.10847936843925 400.0 -0.0036705509027641597 0.9844939123771383 1.0980542796358097 0.008997576134464473 29.288115604631173 2.7867103057949164e-08 0.035191969944127224 0.018553574322428143 0.016638374718849474 1.131854642565351 0.019769191120711717 0.015422778823415497 0.024276217866074385 0.02427621786602791 0.5569244092393645 2.826673303628186
750.0 13.298498243627428 -5.2788043233003 54.39664008729505 -468529.70826465 2.6043376993562918e-05 29.802297857961303 25.722993938809797 28.68440896731817 111.25875398191461 392.51396754199465 400.0 -0.003776405366182368 1.0002632057840803 1.117888890643135 0.009292419199062318 29.680963695375485 2.7938711439268355e-08 0.03573582896703452 0.018855768989057782 0.01688003906972354 1.1531402782790103 0.02011190028588476 0.01562392868114976 0.0246450418183348 0.02464504181828913 0.5485409546947545 2.829313184182096
760.0 13.308912533489531 -5.2844614463543085 54.80207732055316 -468223.4389632106 2.61443925387104e-05 29.90812269889596 25.75271634297107 28.770268108663256 110.89368459172852 391.9142060688122 400.0 -0.003884008047507352 1.0161196178649656 1.1378545902327022 0.009591660811225486 30.069330914359494 2.800929448244837e-08 0.03628241521083359 0.01915973140884694 0.01712266288837126 1.1745897306140716 0.020457014369504745 0.015825400841328854 0.025015524408090465 0.025015524408045005 0.5403369042630839 2.832061605470564
770.0 13.319375672169793 -5.290164313795711 55.20377810673517 -467916.351643765 2.62468245868456e-05 30.014653347415177 25.782192127255897 28.856701299367483 110.52777938829483 391.309233394842 400.0 -0.003993370675860184 1.0320633704790556 1.157952048047698 0.009895278970077033 30.453383127844937 2.8078890790753985e-08 0.03683173864991108 0.01946546461541692 0.017366253115555137 1.1962039548540742 0.02080453550891071 0.016027203141000368 0.025387676229350436 0.02538767622930346 0.5323034875171622 2.8349238795747778
780.0 13.329888171069369 -5.295912590613644 55.60184742524421 -467608.44419215654 2.6350187821689076e-05 30.12170300048812 25.811441114577903 28.943520957779242 110.15943690624105 390.69906005814903 400.0 -0.004104505164637002 1.0480947333542616 1.1781820427088803 0.010203253677857326 30.8332917771395 2.8147539100863688e-08 0.037383810009685235 0.019772972413900306 0.01761081667155778 1.2179840561826782 0.02115446708180577 0.01622934292787948 0.025761508386513324 0.02576150838646639 0.5244731078404106 2.83780278858197
790.0 13.340450558426166 -5.301705952992712 55.99638673786766 -467299.7141541675 2.645465978969493e-05 30.22935183390791 25.840482012535958 29.030806427369555 109.78862273486321 390.0836913535414 400.0 -0.004217423526464003 1.0642139973724603 1.1985454065383554 0.010515566965732396 31.20923239062289 2.821527755520427e-08 0.03793863993909597 0.020082258936657854 0.01785636007295512 1.2399312327244647 0.02150681324792818 0.016431826691167776 0.026137031930309588 0.026137031930261644 0.5168324301996483 2.840712855086018
800.0 13.351063379451796 -5.3075440879970985 56.38749415889101 -466990.1587448298 2.656024073567126e-05 30.337622517282004 25.869332483810716 29.118579505758884 109.41530734578829 389.4631275804764 400.0 -0.004332137878944525 1.0804214749120318 1.2190430115231203 0.01083220289850454 31.581383474896285 2.828214333690153e-08 0.038496239089528976 0.02039332867837433 0.018102889476444957 1.2620467612357613 0.02186157899248885 0.016634660097040118 0.026514257899127296 0.02651425789907853 0.5093761561970467 2.8436496127707263
810.0 13.361727196469678 -5.313426693271774 56.77526461557887 -466679.77485698165 2.6666978632769733e-05 30.44655269786722 25.898009210322375 29.206876941844307 109.03946050781481 388.83736426759606 400.0 -0.004448660450437987 1.096717500028345 1.2396757560229117 0.011153147566460606 31.949925472357698 2.8348172356482808e-08 0.03905661818863002 0.020706186527008348 0.018350410721711174 1.2843319833203344 0.022218770164337185 0.016837848024292838 0.02689319735815749 0.02689319735810995 0.5020972754175783 2.8466137544446193
820.0 13.372442589112868 -5.31935347675929 57.15979000002965 -466368.55906877253 2.6774909049329557e-05 30.55617535828017 25.926527951885195 29.295730805976138 108.66105108240629 388.20639237208627 400.0 -0.00456700358612438 1.1131024285048456 1.2604445523040317 0.011478389065167356 32.31503978568507 2.8413398987308885e-08 0.03961978810950394 0.021020837791012922 0.01859892937340236 1.3067882922729044 0.022578393507369517 0.017041394602134417 0.027273861436615716 0.027273861436566554 0.49498961939317254 2.849604641390515
830.0 13.383210154534094 -5.32532415643194 57.54115931270571 -466056.5076504488 2.688407133105498e-05 30.66652424602393 25.954903599986547 29.385173931073332 108.28004715563313 387.5701984589612 400.0 -0.004687179754184705 1.1295766377961705 1.2813503149505954 0.011807917464034593 32.67690786899749 2.847785584649414e-08 0.040185759935480674 0.021337288223062714 0.01884845076217048 1.3294171206221448 0.02294045668858418 0.017245303246896496 0.027656261363078204 0.02765626136302825 0.4880471676481148 2.8526220342917754
840.0 13.394030507661553 -5.331338460038213 57.919458798402324 -465743.61657025845 2.69945043681287e-05 30.777632492063983 25.98315022726763 29.475238541859483 107.89641595179896 386.92876485957737 400.0 -0.004809201552094107 1.1461405268914182 1.3023939502045023 0.012141724764341008 33.03571038519782 2.8541573618140043e-08 0.04075454502090995 0.02165554404068812 0.019098980024831517 1.3522199284451337 0.0233049683216971 0.017449576699212866 0.02804040849919205 0.02804040849914197 0.48126420924193686 2.8556656284229236
850.0 13.404904281471863 -5.337396124863258 58.29477207499216 -465429.8814996892 2.7106247797858876e-05 30.88953306493309 26.011281133201777 29.565956718669753 107.51012381761149 386.28206981302577 400.0 -0.004933081713167911 1.1627945161180453 1.3235763462633408 0.012479804847553799 33.391626428454586 2.8604580915624698e-08 0.04132615504824747 0.02197561194407666 0.019350522143650267 1.3751981925019572 0.023671937983933362 0.017654217064314113 0.028426314371843047 0.028426314371792154 0.474635281813229 2.8587351725138324
860.0 13.415832127298879 -5.3434968975024715 58.66718025554096 -465115.29781795037 2.7219341788170982e-05 31.00225873717775 26.03930888642248 29.6573603726148 107.1211362058886 385.6300875902579 400.0 -0.00505883311321553 1.1795390469103881 1.3448983645629538 0.01282215341467079 33.74483281057415 2.8666904179796885e-08 0.04190060208186412 0.022297499131401114 0.0196030819848214 1.3983533962365646 0.024041376231062766 0.017859225850801352 0.02881399070400387 0.028813990703951554 0.4681551687273397 2.8618304364877694
870.0 13.426814715174203 -5.349640533647789 59.03676206421343 -464799.8606157553 2.73338271717187e-05 31.115842171992224 26.06724536409631 29.749481339933013 106.72941767008022 384.9727886025791 400.0 -0.0051864687773645925 1.1963745815632707 1.3663608320592096 0.013168767917308592 34.09550340969116 2.87285676099769e-08 0.0424778986189414 0.02262121331198581 0.019856664336198614 1.4216870206768237 0.024413294614477044 0.018064604004464357 0.029203449444435176 0.02920344944438093 0.4618188831264548 2.8649512170232003
880.0 13.437852734193896 -5.35582679788615 59.403593946349616 -464483.56469845364 2.7449745520157897e-05 31.23031598730792 26.095101788690002 29.842351452793814 106.33493184595042 384.31013949603977 400.0 -0.005316001887164558 1.2133016029896355 1.387964534514109 0.013519647481253616 34.44380857946103 2.8789593124737408e-08 0.043058057637811835 0.022946762717609436 0.020111273944332188 1.445200536256452 0.02478770569372769 0.01827035194408416 0.02959470279640466 0.029594702796349886 0.45562165533363636 2.8680973365820197
890.0 13.44894689292594 -5.362055463509594 59.767750173187586 -464166.40458844684 2.7567139172308296e-05 31.345712798878203 26.1228887624458 29.936002588090236 105.93764138223993 383.64210323146443 400.0 -0.005447445787782683 1.2303206145020644 1.4097102107879704 0.013874792823152547 34.78991461681034 2.885000034957813e-08 0.043641092644177884 0.023274156112280748 0.020366915550912218 1.4688953955774788 0.02516462302092104 0.01847646962325685 0.02998776324564808 0.029987763245592703 0.44955892313641194 2.871268636383557
900.0 13.460097919822616 -5.368326312336799 60.129302941368834 -463848.374527119 2.7686051344326003e-05 31.4620652969726 26.150616299833267 30.03046674884518 105.5375079622278 382.96863915355243 400.0 -0.00558081399555842 1.2474321396319665 1.4315985481274243 0.014234206160708886 35.13398328606431 2.890980662871941e-08 0.04422701771547922 0.023603402800759853 0.020623593928614594 1.4927730271184505 0.025544061196588294 0.01868295651889092 0.030382643587749728 0.03038264358753013 0.44362631899015065 2.8744649805043827
910.0 13.471306563707117 -5.374639134545172 60.488322467988 -463529.46847587125 2.7806526204169587e-05 31.579406307660605 26.178293858232514 30.12577612921672 105.13449228159654 382.2897030453754 400.0 -0.005716120205729272 1.2646367220057024 1.4536301784438859 0.014597891119324781 35.47617139712416 2.8969027058444024e-08 0.04481584754388732 0.02393451263584905 0.020881313916804787 1.516834829897782 0.025926035841133045 0.01888981170275428 0.030779356954623048 0.03077935695469962 0.43781965968360426 2.8776862551084403
920.0 13.482573594249988 -5.3809937285137 60.844877080987885 -463209.68011677265 2.7928608890952352e-05 31.6977688281815 26.20593036705719 30.22196315261535 104.72855395390405 381.60524717411283 400.0 -0.005853378300481841 1.2819349252981076 1.4758056755661515 0.014965852627862949 35.81663043607756 2.9027674539340122e-08 0.04540759747853042 0.024267496025977445 0.021140080456178056 1.541082169092462 0.026310563513499995 0.01909703396503042 0.031177916842422406 0.03117791684232131 0.4321349391434879 2.8809323600064305
930.0 13.493899802502545 -5.387389900675798 61.19903330557892 -462889.0028524498 2.8052345658833745e-05 31.817186119302782 26.23353425549999 30.319060565867236 104.31965159829183 380.9152203246085 400.0 -0.0059926023572456225 1.2993273332557687 1.4981255534355498 0.015338096819505235 36.155506244243405 2.908575984538029e-08 0.04600228356652791 0.024602363940723397 0.021399898624271583 1.5655163725869707 0.026697661966395 0.019304621600132917 0.031578337136640086 0.03157833713636704 0.4265683159780118 2.884203218096452
940.0 13.505286001463439 -5.393827465382021 61.55085594683929 -462567.4298053332 2.817778389623315e-05 31.937691735455587 26.26111347909056 30.417101470210973 103.90774266096444 380.21956782287833 400.0 -0.006133806657476576 1.3168145498330706 1.5205902652446108 0.01571463092091641 36.49293874523786 2.9143291707401927e-08 0.04659992259429409 0.024939127917610528 0.021660773669972017 1.590138728473606 0.02708735159444743 0.019512570999846664 0.03198063213970041 0.031980632139728966 0.42111610821889406 2.8874987645320367
950.0 13.51673302666411 -5.400306244772402 61.90040816864393 -462244.95381636353 2.8304972231986313e-05 32.059319603457915 26.28867554519776 30.51611939997846 103.49278352118782 379.51823155057247 400.0 -0.00627700569569186 1.3343971994366555 1.5432002034794534 0.01609546313822525 36.82906171665456 2.9200276909024726e-08 0.04720053212889397 0.02527780006897339 0.021922711048005736 1.61495048347162 0.027479659926587345 0.019720872202306616 0.03238481659881213 0.032384816598727974 0.4157747831687691 2.890818952615744
960.0 13.528241736815998 -5.40682606865799 62.24775156941259 -461921.56744290405 2.843396062733734e-05 32.18210408484136 26.31622753761012 30.61614838400225 103.07472938074164 378.81114994854755 400.0 -0.006422214188947603 1.3520759272803038 1.5659557008391107 0.016480602547401555 37.16400260325609 2.9256720393320648e-08 0.047804130559461866 0.025618393087914942 0.022185716454399936 1.6399528422452918 0.027874610152702126 0.01992952040675974 0.032790905732209955 0.03279090573213279 0.4105409502269924 2.8941637521143573
970.0 13.539813014474035 -5.413386774411589 62.592946254644936 -461597.2629561121 2.856480041379317e-05 32.306080018869004 26.343776140322497 30.717222986849347 102.65353421098663 378.09825801255505 400.0 -0.006569447086819673 1.369851399886925 1.5888570320196573 0.016870058973683134 37.4978823710553 2.931262537817729e-08 0.048410737140001256 0.02596092025641537 0.022449795861173582 1.665146967626358 0.02827222558870306 0.020138511551298206 0.03319891525865425 0.033198915258583366 0.4054113553850952 2.897533143457804
980.0 13.551447766744431 -5.419988206867343 62.93605090659737 -461272.03233761346 2.8697544427842177e-05 32.43128280911235 26.371327660620146 30.819378392790718 102.22915076540538 377.37948727969444 400.0 -0.006718719581821983 1.3877243057239546 1.6119044163216347 0.017263842873952256 37.83081539840856 2.9367993479029587e-08 0.04902037203305705 0.026305395453383833 0.02271495555195801 1.6905339817008322 0.02867253179477791 0.020347840238279142 0.033608861426322745 0.03360886142625403 0.40038287260904704 2.90092712347729
990.0 13.563146926046102 -5.426630218229061 63.27712285136647 -460945.86727540626 2.883224708467773e-05 32.5577484828405 26.39888805156409 30.92265046177571 101.80153053887514 376.65476580533425 400.0 -0.00687004712045149 1.4056953559960854 1.635098021064791 0.01766196521598498 38.16290940267993 2.9422824837395133e-08 0.04963305635513353 0.026651833164122424 0.022981202157950888 1.7161149677563603 0.029075559775507534 0.02055749657962601 0.03402076104330417 0.03402076104323442 0.395452498098954 2.9043457032009776
1000.0 13.5749114508976 -5.433312667987139 63.61621812338069 -460618.75915916177 2.8968964454867675e-05 32.685513749033156 26.426462933949992 31.027075783257683 101.37062368548953 375.92401813248927 400.0 -0.0070234454147551535 1.4237652855973473 1.6584379657754678 0.01806443735659268 38.49426539993106 2.9477118253897115e-08 0.05024881222396774 0.02700024849103567 0.023248542694480016 1.741890973061117 0.029481338022215618 0.02076747420175212 0.03443463150926846 0.034434631509195256 0.39061734520421304 2.90778890452661
1010.0 13.5867423267578 -5.44003542284395 63.95339152764749 -460290.69907473924 2.9107754386213228e-05 32.81461607930724 26.45405761782204 31.132691752180897 100.93637899179002 375.1871652520794 400.0 -0.007178930454595807 1.4419348542351709 1.681924327126351 0.018471270918804635 38.82497769562218 2.9530871324611216e-08 0.050867662808141964 0.027350657165911466 0.02351698459833503 1.7678630124615415 0.029889895762238425 0.020977767045903532 0.03485049084864266 0.03485049084854313 0.385874637966584 2.9112567627174823
1020.0 13.598640566913208 -5.446798356647634 64.28869669986975 -459961.6777979501 2.924867659235506e-05 32.94509377515191 26.48167712360381 31.239536630551438 100.49874384438571 374.4441245548164 400.0 -0.007336518520605547 1.460204847733325 1.7055571446004667 0.01888247766862496 39.15513390417608 2.9584080579642147e-08 0.05148963237933614 0.027703075563919672 0.023786535766020998 1.7940320727766217 0.030301259408642128 0.021188372970694012 0.03526835774537592 0.0352683577453022 0.3812217061368457 2.9147493250539322
1030.0 13.610607213412147 -5.453601350334154 64.62218616458513 -459631.6857875486 2.9391792772846197e-05 33.07698604552795 26.509326202907957 31.347649618670335 100.05766413669964 373.69480977465673 400.0 -0.007496226197930799 1.4785760795240275 1.7293364268576188 0.01929806939082942 39.48481499552431 2.9636741622968837e-08 0.05211474636764617 0.0280575207197124 0.024057204592976597 1.8203991179734906 0.030715456035635455 0.0213992903320107 0.03568825157975522 0.035688251579678906 0.37665598019184116 2.918266650506372
1040.0 13.622643338057019 -5.46044429187769 64.95391139153523 -459300.7131773805 2.9537166718815696e-05 33.210333086873725 26.537009359077068 31.457070928095174 99.61308429875794 372.93913092336913 400.0 -0.007658070390707145 1.4970493923348605 1.7532621587785466 0.01971805776556839 39.81409536654013 2.9688849272723328e-08 0.052743031420230575 0.02841401034554053 0.024329000014104183 1.8469650951037928 0.031132513221674242 0.021610518198556333 0.03611019246698069 0.036110192466968345 0.37217498617263006 2.9218088111118554
1050.0 13.63475004344107 -5.467327076249239 65.28392285031732 -458968.7497677432 2.9684864421044258e-05 33.345176153252375 26.564730867504988 31.567841844085304 99.16494714989288 372.1769942171541 400.0 -0.007822068337620816 1.5156256600818738 1.7773343091670726 0.020142454243803235 40.14304293574816 2.974039770110311e-08 0.05337451546376831 0.028772562851998668 0.024601931545482635 1.8737309409875147 0.03155245933669347 0.021822056127074847 0.03653420129835752 0.03653420129835585 0.3677763422664467 2.925375888007122
1060.0 13.646928464049122 -5.474249605383518 65.61227006356015 -458635.785015834 2.9834954219779556e-05 33.48155765356192 26.592494795784063 31.68000481447168 98.71319386772548 371.408301994019 400.0 -0.00798823762823819 1.5343057899738264 1.801552839090244 0.020571269924380013 40.47171925934123 2.979138057331745e-08 0.05400922777096404 0.029133197371160383 0.024876009327737373 1.9006975896276943 0.03197532324636205 0.022033904524602 0.03696029978455821 0.03696029978455174 0.3634577537020007 2.9289679744459765
1070.0 13.65917976742234 -5.48121178815413 65.9390016587466 -458301.80802525143 2.9987506921010928e-05 33.61952123752118 26.620305023722597 31.793603526679536 98.25776399481555 370.63295262202286 400.0 -0.008156596220474883 1.5530907248406827 1.8259177108416398 0.021004515430538828 40.80017966709274 2.984179118493682e-08 0.054647199031648094 0.02949593378274652 0.025151244170972024 1.9278659803470526 0.03240113428278322 0.02224606474886487 0.037388510501864355 0.03738851050185763 0.35921700866492995 2.93258517608999
1080.0 13.671505155379286 -5.488213540357117 66.26416541874443 -457966.8075345935 3.0142595941241457e-05 33.75911188542576 26.648165263267316 31.908682987916663 97.79859529915461 369.8508403989925 400.0 -0.008327162459195833 1.5719814456909424 1.8504288975090948 0.021442200787261455 41.12847341641482 2.989162259717406e-08 0.0552884614287062 0.02986079274327634 0.02542764760154702 1.9552370666310328 0.03282992251772533 0.022458538910980867 0.03781885694118278 0.03781885694117855 0.35505197498628766 2.9362276092009663
1090.0 13.683905865313346 -5.495254784702978 66.5878083312765 -457630.7719049946 3.0300297454663688e-05 33.900376005662224 26.67607907837231 32.02528961252501 97.33562371855886 369.06185544206636 400.0 -0.008499955095987527 1.5909789745098222 1.8750863931372175 0.021884335299366776 41.45664386318803 2.9940867769676046e-08 0.055933048719333266 0.03022779571851658 0.02570523191088424 1.9828118256725211 0.03326171837681901 0.022671330342514246 0.038251363560191196 0.038251363560190446 0.3509605964832079 2.939895400868098
1100.0 13.696383171555052 -5.5023354508172 66.90997663735952 -457293.68910665205 3.0460690556143795e-05 34.04336153818275 26.70404990484702 32.14347131471073 96.86878327001382 368.2658835680826 400.0 -0.008674993310217722 1.6100843773058588 1.8998902234720183 0.02233092743029936 41.78472864791918 2.9989519690473705e-08 0.05658099632195232 0.03059696501942713 0.025984010206440315 2.0105912686092724 0.033696552598579996 0.022884443723372328 0.03868605583882271 0.03868605583882678 0.34694088955771385 2.9435886890106713
1110.0 13.708938386819735 -5.509455475249571 67.23071587893476 -456955.54670418974 3.06238574150637e-05 34.18811806294946 26.732081070221064 32.26327760566725 96.39800606830474 367.46280616330324 400.0 -0.00885229673153394 1.6292987674182733 1.9248404572822078 0.02278198468175099 42.112759895991175 3.0037571502800875e-08 0.05723234140929712 0.03096832384187515 0.026263996465075063 2.038576451453224 0.03413445517137929 0.02309788623791783 0.03912296033837495 0.03912296033838904 0.34299093956426796 2.9473076240480545
1120.0 13.721572863723313 -5.516614801492307 67.55007094567382 -456616.3318409384 3.07898834641995e-05 34.33469691047721 26.76017581365492 32.38475969222915 95.92322213388076 366.65250004329994 400.0 -0.009031885463810039 1.6486233090926317 1.9499372182480639 0.02323751347407615 42.44076443069357 3.0085016628546793e-08 0.05788712300799228 0.031341896310299384 0.02654520558896737 2.066768486706054 0.034575456884489715 0.023311666123502574 0.03956210476443405 0.039562104764459496 0.33910889832164126 2.951052366752709
1130.0 13.73428799640357 -5.5238133800073586 67.86808612128101 -456276.0312218623 3.095885759398978e-05 34.483151290856 26.788337305938338 32.507970593433846 95.44435939260187 365.83483730097964 400.0 -0.009213780110726605 1.6680592213409806 1.9751806974221524 0.023697519027659927 42.76876399805501 3.0131848888187994e-08 0.058545382105246006 0.031717707525656974 0.026827653464361004 2.095168555670645 0.035019589642582206 0.023525792462663814 0.04000351803397019 0.040003518034008326 0.33529298043048766 2.9548230915130493
1140.0 13.747085222216569 -5.531051168262992 68.18480512918484 -455934.63109529804 3.1130872330117675e-05 34.63353640058512 26.81656866960158 32.632965234330065 94.96134348266054 365.00968514354224 400.0 -0.009398001803025333 1.687607782093438 2.0005711662550607 0.02416200524506433 43.09677550226233 3.0178062617047376e-08 0.05920716176296348 0.032095783617821526 0.027111357023279995 2.1237779214547983 0.03546688631168377 0.023740275451279717 0.040447230346789945 0.0404472303468414 0.3315414618399222 2.9586199811133427
1150.0 13.759966023540043 -5.538328130780018 68.50027117789895 -455592.1172332651 3.130602407145851e-05 34.78590958244121 26.84487299918059 32.759800592245576 94.47409783599964 364.1769057174364 400.0 -0.00958457222769211 1.7072703326583099 2.0261089901956306 0.024630974594025933 43.424811250827055 3.022365277782195e-08 0.0598725072399139 0.0324761518027744 0.027396334308504314 2.1525979426821884 0.03591738023268753 0.02395512700722638 0.04089327326171941 0.04089327326178539 0.32785267533023366 2.96244323471849
1160.0 13.772931929681002 -5.545644239187964 68.8145270061126 -455248.47491032485 3.148441330222996e-05 34.94033044079529 26.87325338166994 32.888535797924334 93.98254335169544 363.33635592006345 400.0 -0.00977351365903192 1.72704828250366 2.051794642870962 0.0251044279912081 43.75287920857337 3.026861506933411e-08 0.06054146612244222 0.03285884044485343 0.027682604542032946 2.181630087920441 0.03637110191855201 0.024170364203890207 0.041341679777810836 0.04134167977789508 0.32422501008824695 2.9662930595662065
1170.0 13.785984518890654 -5.552999472291481 69.12761492760436 -454903.6888809313 3.166614483552473e-05 35.09686101017158 26.90171291719918 33.01923228931556 93.48659851161673 362.4878871986014 400.0 -0.009964848991888684 1.74694311437522 2.0776287208560187 0.025582364686597508 44.08098325962488 3.031294603150351e-08 0.06121408846427397 0.03324387912435475 0.027970188197286805 2.2108759508411318 0.03682804149898466 0.024386046965289315 0.0417924844209029 0.04179248442100358 0.32065690767036126 2.97016967818317
1180.0 13.79912542050952 -5.560393816147569 69.43957687619634 -454557.7433550807 3.1851328131203636e-05 35.255565930977404 26.930254739975958 33.151953971926666 92.9861791022719 361.63134533352246 400.0 -0.010158601777167648 1.766956389769793 2.1036119590507383 0.02606478214854682 44.40912347673522 3.0356643146587794e-08 0.06189042693609356 0.03363129871084677 0.028259107075373085 2.2403372661357674 0.03728820169216865 0.02460222524392493 0.042245723335931115 0.042245723336051574 0.3171468597424575 2.974073328892547
1190.0 13.812356317227158 -5.567827264153784 69.75045445072121 -454210.6219723106 3.2040077322179575e-05 35.41651249702936 26.958882039531055 33.28676725035095 92.48119820635968 360.7665702080968 400.0 -0.010354796259771763 1.787089754778888 2.129745246678412 0.02655167594914939 44.737296397209526 3.039970493675056e-08 0.06257053698542343 0.03402113144248892 0.028549384385645558 2.270015926206602 0.03775159504515724 0.024818941940266206 0.04270143438532717 0.042701434385467474 0.313693410500959 2.9780042460952796
1200.0 13.82567894748996 -5.575299817148209 70.06028896028228 -453862.30777378153 3.2232512444597314e-05 35.57977132250887 26.98759808231476 33.423741678576306 91.97156601267761 359.8933955608651 400.0 -0.010553457419159185 1.8073449463262958 2.1560296439325577 0.02704303964997405 45.06549530494843 3.044213105806073e-08 0.06325447700761769 0.034413411011779825 0.02884104483095021 2.2999139986668315 0.03821825140983966 0.02503622559777803 0.04315965725397571 0.04315965725413724 0.3102951355315311 2.981962745265382
1210.0 13.839095108050882 -5.582811483521558 70.36912146983656 -453512.78317242523 3.242875632715965e-05 35.74541471137033 27.016406233688045 33.56294831207341 91.45718972946526 359.0116487212122 400.0 -0.010754611012678092 1.8277237988190638 2.18246639929692 0.027538864687845787 45.39371051805191 3.0483922391051665e-08 0.06394230852863383 0.03480817265809713 0.029134114697856935 2.3300337446812356 0.03868820171968029 0.025254106808953545 0.04362043356114664 0.043620433561333216 0.30695071034526106 2.9859489074122183
1220.0 13.852606656678908 -5.590362279342114 70.67699284628044 -453162.02992098196 3.262894769032261e-05 35.91352372217066 27.04530998036037 33.70446675459856 90.93797339367806 358.12115032654873 400.0 -0.010958283621978806 1.8482282512368868 2.2090569675720966 0.028039140260528297 45.72192968158917 3.052508112799523e-08 0.06463409640041864 0.035205453267470946 0.02942862195227205 2.3603776381886017 0.03916147774195786 0.02547261865846078 0.0440838069798993 0.04408380698012783 0.3036586500001343 2.9899637527739884
1230.0 13.866215515036918 -5.59795222849411 70.98394380516058 -452810.02907780086 3.2833193971407725e-05 36.08416256398493 27.074312953327528 33.8483595353396 90.41381777802447 357.22171401964545 400.0 -0.011164502702626186 1.8688603546859723 2.2358030286453356 0.028543853211874817 46.05013806518872 3.0565610857058904e-08 0.06532990900976997 0.03560529148007674 0.029724596340807142 2.3909483860507765 0.039638113934875756 0.025691795074894205 0.0445498233645269 0.04454982336475903 0.30041825554524215 2.9940048853737484
1240.0 13.879923671741752 -5.605581362830374 71.29001495816257 -452456.76097024925 3.3041748970439045e-05 36.257476054812436 27.10341895136833 33.99476954776583 89.88462018855797 356.31314612509163 400.0 -0.01137329663716627 1.8896222804449123 2.262706507046612 0.029052987916785993 46.37831886511279 3.060551664357037e-08 0.06602981850156428 0.036007727805831016 0.030022069498410985 2.4217489491800097 0.04011814659821404 0.025911671903350232 0.04501853088642368 0.04501853088668327 0.2972261357918845 2.998082659403431
1250.0 13.89373318562498 -5.613249722340046 71.59524686156806 -452102.20515551715 3.325435246355804e-05 36.433324535536336 27.132631965168244 34.143554943191944 89.35028020803071 355.39524530277436 400.0 -0.011584694792015683 1.9105163285404356 2.2897695923443924 0.029566526163559183 46.70645351089955 3.064480510856512e-08 0.06673390101759336 0.036412804749091025 0.030321075062506336 2.4527825647102164 0.040601613764332356 0.026132287253260982 0.045489980179704154 0.04548998017937405 0.2940889069365676 3.002160402902896
1260.0 13.907646178943901 -5.620957355193748 71.8996800007883 -451746.34044723236 3.347262067045858e-05 36.613089470504356 27.161956199004365 34.29609471282059 88.81511146142688 354.46780286639694 400.0 -0.011798727567075928 1.9315449348776919 2.3169947576837617 0.030084447003866407 47.034521920439516 3.0683484498327336e-08 0.06744223688634474 0.036820566902749596 0.03062164876867576 2.4840527659706435 0.0410885553155712 0.026353681570773536 0.0459642244513864 0.0459642244510786 0.2909469140341891 3.006519634762385
1270.0 13.921661970389527 -5.628600459753871 72.21375896093183 -451365.91084975353 3.3670542870216744e-05 36.78780033142076 27.19137623027707 34.4434163388752 88.332592802094 353.56568618472676 400.0 -0.012015423244934377 1.9527101102547861 2.344383992545557 0.030606716399680503 47.36248766695103 3.072156282014054e-08 0.0681548922455873 0.037231050007064295 0.03092382101442105 2.51556246225316 0.041578999301980134 0.026575892943607175 0.04644130720543445 0.04644130720515228 0.2879050958408576 3.0106516930682496
1280.0 13.935766916090284 -5.6360276066202655 72.5526070812853 -450926.6583981998 3.383729705846161e-05 36.954711570214165 27.220864580448822 34.58277643519528 87.93442571173294 352.7409988628734 400.0 -0.01223479432876406 1.9740109902907264 2.3719351350188838 0.031133261432314995 47.69026388308491 3.0759036103119865e-08 0.06887183894926775 0.03764423521291297 0.03122758250281938 2.5473097838526217 0.0420729068346305 0.026798932114637252 0.0469212096285311 0.04692120962827665 0.284923198094135 3.0147405583571416
1290.0 13.9499544181524 -5.643491677113614 72.89081036875648 -450485.02340706706 3.40001197396189e-05 37.12179432445713 27.25046765335693 34.72214788970409 87.55051811441531 351.9093485974895 400.0 -0.012456857505460823 1.9954473635248833 2.3996464347530395 0.0316640523931827 48.0178361341851 3.079589672309198e-08 0.06959307005553796 0.03806011966502286 0.03153292914730249 2.5792937823748594 0.04257026165794135 0.027022808397596618 0.04740392847772992 0.04740392847750325 0.2819843566052715 3.0188627435016406
1300.0 13.964225548868223 -5.650992659265553 73.22840217697399 -450040.98070685274 3.416688658667691e-05 37.291699011716815 27.28018701447748 34.8641809811433 87.16361644818215 351.07062690286597 400.0 -0.012681637780959371 2.017020450109105 2.427518030573516 0.032199089443970486 48.345234367966995 3.0832141067735474e-08 0.07031862545262066 0.03847872892620474 0.031839875273281734 2.6115158467269164 0.04307108118428153 0.027247544268339148 0.04788949190553914 0.04788949190534118 0.2790658343894364 3.023128611790512
1310.0 13.978581682895406 -5.658530543157195 73.565418045923 -449594.50112752686 3.4336095192881977e-05 37.46353837997003 27.31002424655216 35.00798825575272 86.77342766754377 350.2247057090191 400.0 -0.01290916080717091 2.0387315395650156 2.455550124217312 0.03273837442296051 48.67248987242944 3.086776559731422e-08 0.07104854734964358 0.038900090136796295 0.032148435949546306 2.6439774704050483 0.04357538071017648 0.027473166639467105 0.048377929585844505 0.04837792958567542 0.2761964709801166 3.027389806837402
1320.0 13.993024233918803 -5.666105323976772 73.90189337495009 -449145.5547558649 3.450824790160365e-05 37.63761418929006 27.3399808725568 35.15387127998836 86.37989570646614 349.3714527803475 400.0 -0.013139452593340506 2.06058193860796 2.483742909301701 0.033281909921792086 48.99963387123291 3.090276668981853e-08 0.0717828785747635 0.03932423100590819 0.03245862629514149 2.6766801665931577 0.04408317489603724 0.02769970367872626 0.0488692715802509 0.04886927158011419 0.27336785550756937 3.031683987769745
1330.0 14.007554656191633 -5.673717002068036 74.23786345087606 -448694.11090976006 3.4683314368083e-05 37.81391663288521 27.37005835908184 35.30182006052123 85.9829629063159 348.5107315528334 400.0 -0.013372539512193629 2.082572971207281 2.5120965723639856 0.03382969931931432 49.32669754396544 3.0937140660597395e-08 0.07252166257904724 0.03975117981884645 0.032770461475827295 2.7096254698155975 0.044594478883324185 0.027927183695723067 0.04936354834371802 0.04936354834361603 0.27058099655092793 3.0360013867416775
1340.0 14.022174446144385 -5.681365582984957 74.57336347617655 -448240.13811136445 3.4861411017481155e-05 37.99252273480357 27.40025811972633 35.451911440768654 85.58256987954398 347.64240096251615 400.0 -0.013608448306142835 2.104705978655219 2.5406112940349197 0.03438174681623803 49.65371205169371 3.0970883783016585e-08 0.07326494343939254 0.0401809654441317 0.03308395669997999 2.7428149378003273 0.045109307774061504 0.02815563566533102 0.04986079072986858 0.04986079072980017 0.2678344544405548 3.0403448982596757
1350.0 14.036885144114434 -5.689051077552528 74.90842859772661 -447783.60405836866 3.504261940292878e-05 38.17348889143684 27.430581518523102 35.60420164108211 85.17865554570741 346.76631526176425 400.0 -0.013847206093548363 2.1269823196566473 2.5692872503547295 0.03493805747091466 49.980708568029314 3.100399231000273e-08 0.07401276586086229 0.040613617340370445 0.033399127214055316 2.776250153571085 0.04562767662997975 0.028385089230882544 0.05036102999621423 0.050361029996178475 0.2651274675779194 3.0447140554509815
1360.0 14.051688336131784 -5.696773501934558 75.24309393555554 -447324.4755942158 3.52270350253972e-05 38.35688002772979 27.4610298733756 35.758755413522024 84.77115700998145 345.8823238269666 400.0 -0.014088840375095748 2.1494033704264557 2.5981246142077636 0.03549863723608232 50.30771831533304 3.10364624962925e-08 0.07476517517797508 0.04104916556274485 0.033715988297388894 2.8099327277472574 0.04614960047350651 0.028615574704468568 0.05086429780900157 0.05086429780898182 0.2624591279425409 3.0491092999153464
1370.0 14.066585655827568 -5.704532877708212 75.57739461222714 -446862.71867638506 3.54147545866932e-05 38.54276192893746 27.49160445952623 35.91563837204976 84.3600094986145 344.99027095365227 400.0 -0.014333379040157244 2.1719705248089647 2.6271235568876974 0.036063492997107094 50.634772606331545 3.106829062127187e-08 0.07552221735539932 0.04148764076940167 0.03403455525650179 2.843864301074 0.046675094263607816 0.028847123091791504 0.05137062624793702 0.05137062624791722 0.2598285961920405 3.053530848978913
1380.0 14.081578786447833 -5.712329231945879 75.91136578270948 -446398.2983429436 3.560587960558852e-05 38.731203441125494 27.522306513051532 36.07491919134219 83.94514622625955 344.08999563841945 400.0 -0.01458085037342072 2.194685194416424 2.656284249783305 0.03663263261166664 50.96190289102863 3.1099473012270915e-08 0.07628393898793208 0.04192907422772454 0.034354843418806714 2.878046547178712 0.047204173684058326 0.029079765303873732 0.051880047810742236 0.051880047810724327 0.25723504526061264 3.0579789904868555
1390.0 14.096669462951272 -5.7201625973047925 76.2450426645627 -445931.17867761257 3.580051579667933e-05 38.922276114406465 27.553137234374187 36.236669248235984 83.52649842653807 343.1813313508614 400.0 -0.014831283061378122 2.2175488087814172 2.685606866170484 0.037206064950930325 51.28914080874563 3.1130006068166105e-08 0.07705038729957385 0.042373497820416994 0.03467686812560006 2.9124811755451105 0.04773685664878408 0.029313530650789763 0.05239259541741421 0.05239259541739655 0.25467767258237267 3.0624540131545177
1400.0 14.111859474282046 -5.728033012124376 76.57846056927565 -445461.32277215854 3.5998773532587325e-05 39.11605448255335 27.58409779182247 36.40096289942006 83.1039951525855 342.26410578690286 400.0 -0.01508470619912812 2.2405628155437425 2.715091583133297 0.037783799942935056 51.61651824571443 3.115988628324461e-08 0.07782161014234545 0.042820944051790745 0.0350006447245904 2.947169934740989 0.048273160292611104 0.02954844984973437 0.05290830241456977 0.05290830241455299 0.25215569660210024 3.066956221478407
1410.0 14.127150665704853 -5.7359405205323215 76.9116549337605 -444988.6926875245 3.6200768032959434e-05 39.312616189920305 27.615189325195068 36.567877606349356 82.6775632051332 341.3381406124895 400.0 -0.01534114929712314 2.2637286806453276 2.744738583570944 0.038365848617696936 51.944067397605934 3.118911027114164e-08 0.0785976559939674 0.04327144605380362 0.03532618856153982 2.9821146158567062 0.04881310003766038 0.029784555956307038 0.053427202579332096 0.05342720257931478 0.24966835703115786 3.0714859303493305
1420.0 14.142544941338649 -5.74388517255928 77.24466135323934 -444513.24941192585 3.640661971337961e-05 39.512042229082255 27.64641294937754 36.737494170753855 82.24712711719384 340.4032511862183 400.0 -0.015600642288149981 2.2870478885645147 2.774548058328401 0.038952223154887666 52.27182083768383 3.121767478885102e-08 0.07937857395539649 0.04372503759246569 0.035653514971394636 3.0173170562093663 0.049356687658191165 0.03002188629720532 0.05394933012339313 0.05394933012337853 0.24721491257903516 3.0760434741522413
1430.0 14.158044266790403 -5.751867024263081 77.5775156146561 -444034.9528171413 3.661645441526825e-05 39.71441707108118 27.67776975797236 36.90989686266921 81.81260891396576 339.4592462690051 400.0 -0.01586321553432296 2.310521942565504 2.804520208411975 0.03954293693377407 52.599811590055644 3.124557676065522e-08 0.08016441374741015 0.04418175307418973 0.035982639268519016 3.052779143275507 0.04990393181207718 0.030260481935332966 0.05447471969673426 0.054474719696720714 0.24479464221145925 3.080629195914898
1440.0 14.173650671971966 -5.759886137862739 77.91025373136976 -443553.7616118981 3.683040382022856e-05 39.91982894770099 27.70926082696919 37.085173700391096 81.37392810074785 338.50592771285096 400.0 -0.01612889983426528 2.334152364981468 2.834655247309898 0.0401380045860514 52.9280732084486 3.127281330195016e-08 0.08095522570681309 0.04464162755246 0.036313576736233116 3.0885028188868717 0.050454845253180225 0.030500380453632868 0.05500340639136124 0.055003406391349194 0.2424068425310222 3.085243458939108
1450.0 14.189366254090206 -5.7679425818829735 78.2429119790541 -443069.63329244056 3.704860574040846e-05 40.128370043822756 27.74088721844956 37.263416640413354 80.93100157330491 337.54309013033173 400.0 -0.01639772643044518 2.357940697528179 2.8649534034093995 0.04073744205164103 53.25663986049205 3.129938174289518e-08 0.08175106078213543 0.0451046967348074 0.03664634261553574 3.1244900836895564 0.05100944146182586 0.03074161932030956 0.055535425744994475 0.0555354257449821 0.24005082781716966 3.08988664338843
1460.0 14.205193180793986 -5.776036431309866 78.57552693266781 -442582.5240904571 3.727120450893722e-05 40.340136723837816 27.772649984315635 37.444721801341 80.48374332347932 336.5705205437612 400.0 -0.016669727016587296 2.3818885016417317 2.8954149224968155 0.04134126663766747 53.58554641743948 3.132527965181341e-08 0.08255197052858125 0.045570996989989544 0.03698095209287319 3.1607430018613782 0.051567734240670585 0.03098423628791069 0.05607081374453678 0.05607081374452551 0.23772593025331326 3.0945591416381464
1470.0 14.221133693543827 -5.784167767758287 78.90813550509615 -442092.38891746604 3.7498351416852885e-05 40.555229839368025 27.80455017006444 37.62918976901043 80.03206447403512 335.5879980104644 400.0 -0.016944933745266958 2.405997358855348 2.9260400703575926 0.041949497081062076 53.91482854974868 3.135050485833666e-08 0.0833580071026796 0.046040565355711854 0.03731742028706874 3.1972637061198768 0.052129737859279414 0.031228269243400168 0.0566096068296402 0.056609606829630836 0.2354314978049384 3.0992613679115726
1480.0 14.23719011117532 -5.792336679651929 79.24077498721388 -441599.1813059979 3.773020509401318e-05 40.77375496705696 27.836588818592837 37.816925831597615 79.57587309567155 334.59529322398566 400.0 -0.017223379235694187 2.430268871205346 2.9568291354593446 0.042562153614955814 54.244522828438285 3.1375055476234907e-08 0.08416922325627378 0.046513439546728375 0.03765576223521163 3.234054403012986 0.052695467172324394 0.031473756083949374 0.05715184189612477 0.0571518418961146 0.23316689464892662 3.1039937528288313
1490.0 14.25336483368629 -5.80054326241672 79.57348308964768 -441102.8533471305 3.7966932043465196e-05 40.99582275509862 27.86876697404046 38.00804032337683 79.11507405906089 333.5921680890469 400.0 -0.017505096581629687 2.4547046616711143 2.9877824317217883 0.043179258039243024 54.57466683248651 3.139892992591597e-08 0.08498567232996128 0.046989657963454036 0.03799599287748429 3.2711173785103074 0.05326493778729539 0.0317207345426659 0.05769755629933091 0.05769755629932243 0.23093149971621837 3.1087567495846296
1500.0 14.269660346293298 -5.808787618688559 79.9062979866551 -440603.3556237269 3.820870711592705e-05 41.221549209418505 27.901085685684546 38.20264890803446 78.64956876818191 332.57837526630243 400.0 -0.01779011935950959 2.479306374658483 3.0189003013840443 0.043800833795734816 54.905299262659035 3.142212695659999e-08 0.08580740824623588 0.04746925970132082 0.038338127040948466 3.308455003922227 0.0538381608163702 0.031969247429865684 0.05824678785760037 0.05824678785759272 0.2287247072514435 3.1135508278262276
1510.0 14.28607922371394 -5.817069858536346 80.2392583617356 -440100.63713990006 3.845571404648439e-05 41.45105606685583 27.933546011864387 38.40087294891002 78.1792551699966 331.5536576885178 400.0 -0.018078481636740775 2.504075676510625 3.050183117945805 0.04442690604808607 55.236460061683815 3.144464566812094e-08 0.08663448550175855 0.04795228456059839 0.03868217942199556 3.34606974213328 0.054415111361324306 0.032219374140434236 0.05879957485549222 0.05879957485548544 0.2265459252861945 3.1183764806613152
1520.0 14.30262413476569 -5.8253900997014085 80.5724034557946 -439594.6452454426 3.870814609383841e-05 41.68447118212827 27.966149023967212 38.602839892918404 77.70402741922645 330.5177480410021 400.0 -0.01837021798021936 2.5290142560672546 3.081631289209871 0.0450575017671452 55.568190541473065 3.146648553240819e-08 0.08746695915936277 0.04843877305713526 0.03902816456761071 3.383964154199942 0.05499578216058662 0.03247117699877615 0.05935595604717172 0.05935595604716493 0.22439457547832592 3.1232342233617008
1530.0 14.319297847258694 -5.833748467854516 80.90577311766296 -439085.3255554598 3.896620664082764e-05 41.92192892720052 27.998895810461132 38.80868366679007 77.22377578538536 329.4703682065508 400.0 -0.018665363465048823 2.5541238252611964 3.113245260410452 0.04569264982200484 55.90053351750137 3.1487646414629394e-08 0.08830488483936336 0.048928766433847776 0.039376096855192555 3.422140906311398 0.055580199711455856 0.0327246851279075 0.059915970659690856 0.05991597065968481 0.2222700925049405 3.1281245950179573
1540.0 14.336103233215436 -5.8421450968717785 81.23940785727069 -438572.6218647063 3.923010987158134e-05 42.16357061354791 28.03178748098282 39.018545096115666 76.73838639296652 328.4112286714105 400.0 -0.018963953683513137 2.579406119755962 3.1450255174322446 0.04633238107723901 56.23353345079974 3.150812859402033e-08 0.08914831871020085 0.04942230667307948 0.039725990470838426 3.4606027771386687 0.05616840428048074 0.032979914429720085 0.06047965839621169 0.06047965839620696 0.22017192409959238 3.1330481561144072
1550.0 14.353043274477265 -5.850580129130914 81.57334890201763 -438056.4760557414 3.950008177845729e-05 42.40954515915957 28.064825170499564 39.23257256902259 76.24774101471324 327.34002788699615 400.0 -0.019266024754273046 2.604862899635479 3.1769725901369767 0.046976728497021954 56.567236598220354 3.1527932784461294e-08 0.08999731747868164 0.04991943651008954 0.040077859386096 3.4993526656133924 0.056760439182339445 0.03323687829634221 0.06104705943936122 0.061047059439357246 0.21809952746869632 3.1380055104166944
1560.0 14.370121068664108 -5.8590537158293445 81.90763825603952 -437536.8280012928 3.9776359901219355e-05 42.660008824640904 28.09801004352381 39.45092176886589 75.75171682237837 326.25645158678526 400.0 -0.01957161333178406 2.630495950129099 3.2090870557750204 0.047625727256393524 56.90169117115498 3.154706015478665e-08 0.09085193837916059 0.05042019944739954 0.040431717332799 3.5383935991313837 0.05735635094703601 0.03349558743212457 0.06161821445431464 0.06161821445431278 0.2160523816483061 3.1429972198843004
1570.0 14.387339835601068 -5.867566017326064 82.24231876339238 -437013.615459205 4.0059198298623985e-05 42.9151287687497 28.13134329842274 39.673759226229414 75.25018613911124 325.1601720504837 400.0 -0.019880756616080575 2.656307082397368 3.2413695425202915 0.0482794148606479 57.236947503774154 3.1565512348942584e-08 0.09171223916236007 0.050924639770544934 0.040787577776135016 3.5777287422528583 0.057956189497022484 0.03375604966533759 0.06219316459210334 0.06219316459210157 0.21402993960923325 3.1480241287555697
1580.0 14.404702924192309 -5.876117203509049 82.57743417497831 -436486.7739601506 4.0348853466235144e-05 43.17507257209475 28.164826171805956 39.90125183898343 74.74301621735002 324.05084731338735 400.0 -0.02019349236276505 2.682298134363953 3.273820733111325 0.048937831273311985 57.573058231163316 3.158329150600923e-08 0.0925782780832144 0.051432802565000414 0.04114545388556436 3.617361405905324 0.05856000799709037 0.034018270086124035 0.06277195149276574 0.06277195149276397 0.21203179953735005 3.1530861837581523
1590.0 14.42221381977966 -5.88470745419025 82.9130292195469 -435956.2366875065 4.064564120797089e-05 43.44005040125626 28.19845994299878 40.133609032652586 74.23006886313424 322.9281203168575 400.0 -0.02050985889327332 2.7084709715946254 3.3064413686036733 0.049601019053388616 57.910078478126955 3.160040028015254e-08 0.09345011388760863 0.051944733734365804 0.04150535850337318 3.65729505712521 0.0591678644546312 0.03428224943297741 0.06335461728830938 0.06335461728830952 0.21005707768105147 3.158186795051394
1600.0 14.439876152094877 -5.893336959530836 83.24914967974883 -435421.93434780557 4.094972997982282e-05 43.71015996103625 28.23224593863961 40.37092770876714 73.71120013211272 321.79161798944835 400.0 -0.020829895105568024 2.7348274882449912 3.3392322522691065 0.05026902350302476 58.24806605990694 3.161684186063551e-08 0.0943278057985299 0.052460480020289 0.041867304110901664 3.6975333294150663 0.0597798900863213 0.03454791571220862 0.06394120460586607 0.06394120460586653 0.20810670436300654 3.1633166862891136
