#Found quasiharmonic mode : None
#T(K), volume, F(eV), S(J/K), H(J/K), a(-6/K), Cp(J/mol), Cv, Cpion, Bt(GPa), T_ph-D(K), T-D(K), F_el_atom, S_el_atom, C_el_atom, M_el, Seebeck_coefficients(10**-6 V/K), Lorenz_number(WOK^{-2}), Q_el, Q_p, Q_e, C_mu, W_p, W_e, Y_p, Y_e
0.0 12.717284053696373 -5.019769721439762 0.08295164935507623 -484327.77656910446 -2.4039834411770056e-07 0.010507161830572865 0.008561432641627755 0.010516678858412414 137.46075395983056 421.0179846807377 400.0000000000001 1.5939500124557835e-09 -8.583206128485444e-06 -9.51702784305027e-06 -3.7481268089372933e-07 -0.00532825743402157 2.4437437562663922e-08 -2.594581121266996e-07 -1.7833892750733122e-07 -8.540929657519218e-08 -9.588990490613301e-06 -2.2570366851737856e-07 -3.37544436098114e-08 -1.254237396977561e-07 -1.2542373295679926e-07 449.27404909670673 -0.448438788108543
10.0 12.716978276002843 -5.019746503712715 -0.09445232909466061 -484337.79870821413 6.054827049723397e-07 -0.09500711394954471 -0.0930553359185314 -0.10731568582507471 137.47384033488527 383.18048289955 400.00000000000006 -6.380821507912945e-07 0.012298405701960996 0.01230857187552712 1.071243774752197e-06 0.15561071541725163 2.442431675449739e-08 0.0004495113373979274 0.0002248620456432184 0.0002246357071051084 0.01230864568140426 0.00022500630982496127 0.00022450502757296543 0.0003115241694917032 0.0003115241694771262 384.41955884935214 4.366762220319172
20.0 12.717389303311204 -5.019763184126533 0.05734102762113011 -484338.2678155967 1.8652641132040239e-06 0.5051141876802464 0.5067354127064863 0.48054999867306153 137.4562003697501 357.6816684668817 400.00000000000006 -2.549043962498236e-06 0.02458237137063076 0.024564189007181738 3.2138129469977995e-06 0.26793347039382703 2.4404386868502468e-08 0.000898720764614304 0.00044965162216512543 0.00044904983744686335 0.024564356371364053 0.00045007648522381305 0.0004486442793904902 0.0006229051481657446 0.000622905148138857 300.8258413540998 6.9518146475549365
30.0 12.718491549815905 -5.019835364616325 0.5000902402662303 -484327.6115792952 3.427910401704007e-06 1.6680543219813053 1.6649027983682625 1.631280517496392 137.40889467322148 342.70527607872907 400.00000000000006 -5.731365351816597e-06 0.03684783479132943 0.03677380448490933 5.997401483105952e-06 0.3427356268030576 2.4380819800038845e-08 0.0013474575636158162 0.0006742364217690278 0.0006731989757150387 0.03677404454315361 0.0006750240354970171 0.0006724335281187982 0.0009340614408766162 0.0009340614408447766 207.82922547278628 7.781273181480289
40.0 12.720259429711394 -5.019978647117201 1.1955538296044215 -484304.25768735254 5.182386091598941e-06 3.2509965442149906 3.2384159409183804 3.2020426557884853 137.33298385409603 336.4350404310882 400.00000000000006 -1.0185120185454608e-05 0.04909931695550563 0.04895388842649841 9.366516030339527e-06 0.3911128039522962 2.4356787444466208e-08 0.0017958104744812764 0.0008986624755857395 0.000897125115895983 0.04895421166053778 0.0008998881736135527 0.0008959223008677229 0.0012450369762185074 0.0012450369761874262 114.76604006724858 7.329692509976766
50.0 12.722667357192154 -5.020208633564284 2.1054903163994894 -484266.633827813 7.017655704015505e-06 5.111124109642672 5.084243960208432 5.050003198692934 137.2295285211706 337.0546962199563 400.000000000001 -1.5910382330120537e-05 0.06134133885460813 0.06112091094973765 1.3265663235961437e-05 0.4241606211488972 2.4335461697144307e-08 0.002243868237289504 0.0011229758147460775 0.0011208702519760485 0.061121359187281565 0.0011247081125424028 0.0011191601247471017 0.001555875682785612 0.0015558756827593516 30.972613999323702 6.071627320925934
60.0 12.725690005886182 -5.020545001616973 3.1794794383252123 -484212.26756128133 8.786179365609439e-06 7.035543845615722 6.989027462516967 6.96224187913891 137.09957790380838 338.33487734950086 400.000000000001 -2.290646874236283e-05 0.07357923170655156 0.07330196647681199 1.7541258115594064e-05 0.4561059484510991 2.4323032157005398e-08 0.0026916986252730835 0.0013472020554666092 0.0013444761120051608 0.07330256979005159 0.0013494897204438174 0.0013422089048292665 0.0018666081920763107 0.0018666081920554825 -109.1445450091766 4.9986099266536
70.0 12.729349093238685 -5.021004684715229 4.413995368330564 -484138.86207767675 1.0338151285459444e-05 8.9577834254854 8.885747864505886 8.872280677493771 136.9421667960093 352.7135452829177 400.000000000001 -3.117348345231308e-05 0.08581507592983997 0.08550274799163016 2.2087470549877675e-05 0.49347491854027214 2.4321225117758284e-08 0.0031393513528872696 0.0015713591773995304 0.0015679717137997164 0.08550355434508633 0.001574238317855134 0.001565113035032136 0.002177261208863273 0.0021772612088495928 3.3893343496639172 3.1390283800243286
80.0 12.73355629001631 -5.021596938926635 5.741786234885218 -484046.8965924389 1.1655050401426169e-05 10.726216547303189 10.623327904418947 10.628477630733666 136.76104205336728 363.1447939182142 400.000000000001 -4.0712409582494405e-05 0.09805591059754634 0.09773891656952355 2.7024783293468062e-05 0.5505069163409095 2.4330720986412296e-08 0.003587011085812916 0.0017955635192809542 0.001791427100379326 0.09774003968683687 0.0017990855136845846 0.0017879255721283314 0.0024879266084548175 0.002487926608448342 3.3462474997065605 3.3256006896613544
90.0 12.738228551191028 -5.0223265903620025 7.10926769274476 -483938.04320528195 1.2772370408919773e-05 12.295115086335763 12.156927197385032 12.185098811616776 136.55972449984114 371.0743750589799 400.000000000001 -5.152499397840996e-05 0.11030835009333258 0.11001627471898848 3.258642047435896e-05 0.6351227810256488 2.4347705500864938e-08 0.004034891006618385 0.002019956753667158 0.002014913781848476 0.11001794743977286 0.0020242036166073707 0.002010687390011014 0.0027987131053743 0.0027987131053748126 3.233439838393661 3.272312685096183
100.0 12.74329799352875 -5.023195511460679 8.48463572389202 -483814.2096712737 1.3730057514056908e-05 13.6785286890767 13.501477775780156 13.556199646278596 136.3410870641169 377.6323545696231 400.000000000001 -6.36135840130541e-05 0.12257674807732069 0.12232904279810397 3.9066718483183554e-05 0.7518300048620284 2.4366941577037066e-08 0.004483179596994702 0.002244673359456005 0.0022384857610764507 0.12233167955291707 0.0022497657590120745 0.002233413837982628 0.003109720922190746 0.0031097209221924308 3.1036792500179775 3.1947680027669687
110.0 12.748710261110812 -5.024203717063947 9.849825027880227 -483677.1504595691 1.4558929745119013e-05 14.901138000187526 14.682398840213935 14.766472769552475 136.10742573124526 383.15571375851505 400.000000000001 -7.69808673833845e-05 0.13486301765824718 0.13466523063505345 4.679653658709229e-05 0.9032965159458288 2.438440871562845e-08 0.0049320121312075756 0.0024698239608754577 0.0024621676881625503 0.13466950291310936 0.0024759260349569118 0.0024560860962506634 0.0034210273281196062 0.003421027328121654 2.9724153687897195 3.12413612778168
120.0 12.754421035003155 -5.025350018600458 11.194126972143842 -483528.40848401363 1.528162509952448e-05 15.98466441316614 15.722005896629595 15.83765288428571 135.86060940394228 387.8181057308484 400.000000000001 -9.162964356746229e-05 0.1471672441296724 0.1470115288804285 5.612485111829068e-05 1.0903620530445028 2.4397717784004945e-08 0.005381468294684768 0.0026954923219982265 0.0026859554845126074 0.14701844966647448 0.002702814100970631 0.0026786541937141367 0.003732684246537688 0.0037326842465406898 2.8442407362887177 3.064503440889613
130.0 12.760393547048972 -5.026632431034333 12.510968054820175 -483369.3366020039 1.5915616416970275e-05 16.947067349416184 16.638732079268053 16.7877112077989 135.60218636527037 391.7532532267622 400.000000000001 -0.00010756266484440556 0.1594883672600878 0.15935614161728043 6.740043671562292e-05 1.3121130031179145 2.4405799099437177e-08 0.005831581106015895 0.002921737701679008 0.0029098229099042603 0.15936715174486357 0.002930535146421262 0.0029010459595946326 0.00404472137305992 0.004044721373062599 2.7207996730714687 3.0150340479285145
140.0 12.766596961298024 -5.028048444071011 13.796343286827875 -483201.1232379061 1.647489419916098e-05 17.80364909948013 17.448255333126284 17.631958979993314 135.33345341641024 395.074475198044 400.000000000001 -0.00012478254169059325 0.17182473026503847 0.17169011948681598 8.09559925506584e-05 1.5662639525786526 2.4408504591663434e-08 0.006282348487315239 0.003148598687108372 0.0031337292992976336 0.17170716863999871 0.003159171657825842 0.003123176829489396 0.004357150903869179 0.004357150903870687 2.6028871697746103 2.9740698942775876
150.0 12.773005250929932 -5.029595211404268 15.047965572021754 -483024.8121538182 1.6970930889777214e-05 18.567778285985447 18.164239337704885 18.38377045848851 135.05550370926187 397.87805801159845 400.000000000001 -0.00014329169777505134 0.18417447731295794 0.18400782749693445 9.70969863273792e-05 1.849683465139106 2.4406282274038142e-08 0.006733744172462179 0.0033760972546868252 0.0033576264102029157 0.18403344392460014 0.003388786022434616 0.0033449581500275627 0.00466997226078631 0.004669972260785577 2.4909139235116378 2.9400398985148213
160.0 12.779596355979587 -5.031269685824443 16.26473727798595 -482841.31861406233 1.7413244408956274e-05 19.25122482069509 18.79868326227323 19.054917859890004 134.76926253741777 400.2449972920108 400.000000000001 -0.00016309236051463024 0.19653582706025802 0.19630696080508614 0.00011609574341336944 2.158896189662257 2.4399940625271282e-08 0.007185726944761186 0.003604242681968959 0.00358146374839709 0.19634430664398342 0.0036194236647602504 0.0035663032800009363 0.004983176245940994 0.004983176245937719 2.385038764400826 2.9116353887688797
170.0 12.786351517905175 -5.033068716425606 17.446391048666605 -482651.44386204274 1.7809781021066172e-05 19.864332141608788 19.362106623871746 19.655743804335962 134.4755155669059 402.24292225153044 400.000000000001 -0.00018418657614086568 0.20890725391662351 0.20858833727282772 0.0001381900373378205 2.4904724725443916 2.43904860364204e-08 0.007638248054133266 0.00383303516574295 0.0038051923670365693 0.20864124981261123 0.003851116475484333 0.003787131578648932 0.005296748485764325 0.005296748485758569 2.2852360667695004 2.8878076255684566
180.0 12.793254739341156 -5.034989118440725 18.59323502016371 -482455.88853496604 1.816719966460899e-05 20.416146478132767 19.8636892669377 20.195290896847297 134.174931714512 403.9280953967676 400.000000000001 -0.0002065762411018679 0.22128760254975782 0.22085558128547372 0.00016358491018750917 2.8412831816353625 2.4379012389759524e-08 0.008091256967684365 0.004062469064070437 0.004028767375186264 0.2209286033106641 0.004083886285865322 0.004007370681819042 0.005610672188518131 0.005610672188509987 2.1913502224991204 2.8677250808080794
190.0 12.80029233991532 -5.037027723015015 19.70596927846467 -482255.26504851016 1.849109664898632e-05 20.914542368407627 20.311405769849912 20.681427613837606 133.86808195618778 405.3472785131718 400.000000000001 -0.00023026314376949672 0.23367615406878622 0.23311475457001768 0.00019245643339857785 3.208634419723121 2.4366626147640313e-08 0.008544705694636112 0.004292535709187695 0.004252149449849604 0.23321315832011008 0.004317748167069594 0.004226957527566518 0.005924930294625267 0.0059249302946151 2.103140286705932 2.850728507380792
200.0 12.807452588963514 -5.03918141218613 20.785553215933767 -482050.10885180335 1.8786187839338104e-05 21.366349932999746 20.7121599568884 21.120975968794376 133.55545485101896 406.5393698505003 400.000000000001 -0.00025524901204537407 0.24607265693041136 0.24537396420537044 0.00022495634775826186 3.5903110000884406 2.4354395668664542e-08 0.008998551929922858 0.004523225763471416 0.004475305623600143 0.24550377346814217 0.004552713388514087 0.00444583854140877 0.006239507110048446 0.0062395071100379155 2.020314483089161 2.8362929543432345
210.0 12.814725400965768 -5.041447142939244 21.833109869597664 -481840.88849110156 1.9056458086505132e-05 21.777479835282715 21.071915658917348 21.519836867573105 133.2374694123315 407.536789376392 400.000000000001 -0.00028153556355772096 0.2584773320102748 0.2576429677096123 0.0002612168205864233 3.984558762830293 2.4343317509731345e-08 0.009452761235989633 0.004754531115455713 0.00469820957036285 0.2578109815462588 0.004788791932799546 0.004663969303190087 0.006554389508049926 0.006554389508041958 1.9425553280022463 2.823997809597813
220.0 12.822102082507886 -5.04382196320215 22.849857261925308 -481628.01448976994 1.93052842358386e-05 22.153041165566044 21.395819193680808 21.883108375610416 132.91448580239754 408.3666296106063 400.000000000001 -0.000309124556014208 0.27089085893085396 0.2699327899556243 0.0003013548368714884 4.390031154359739 2.4334295002558585e-08 0.009907308451668451 0.004986446334825574 0.004920841559297202 0.2701466101149591 0.005025994530308848 0.004881313921359602 0.006869567775200985 0.006869567775193074 1.8695371027050176 2.8135037418827222
230.0 12.829575121676617 -5.046303021911301 23.837059471951697 -481411.847106789 1.9535536526832343e-05 22.49744913093636 21.688310667862673 22.2151937681668 132.58681421584748 409.0516015863102 400.000000000001 -0.00033801783593767875 0.2833143491235227 0.28225536276956376 0.00034547596352599134 4.805719106296017 2.4328125863799784e-08 0.010362178487925146 0.0052189697221746555 0.005143188200786466 0.2825234254331219 0.005264334199631825 0.005097844288293321 0.007185036167510911 0.007185036167503109 1.8009375086754789 2.8045350809973595
240.0 12.837138012435464 -5.048887574736712 24.795992113994615 -481192.7030682933 1.9749662226855374e-05 22.814521152769544 21.953222897292797 22.519897958244133 132.25472229547913 409.61080810108183 400.000000000001 -0.00036821738449709454 0.29574930990615006 0.29462319452541186 0.00039367738546939554 5.230877173926328 2.4325496470349515e-08 0.010817366644477503 0.005452104000279746 0.005365242071781547 0.29495480589342954 0.005503827309928091 0.005313539334549411 0.0075007932332434215 0.007500793233235543 1.7364450993814737 2.7968663443193655
250.0 12.844785107853859 -5.051572986650044 25.72791832472683 -480970.8613807495 1.9949754656358483e-05 23.107561211215668 22.193867948598708 22.800512137250486 131.91844132968936 410.06037429596756 400.000000000001 -0.0003997253596008542 0.30819760291644427 0.30704907396518155 0.00044605021692134083 5.664953936542108 2.4326980999872754e-08 0.011272878558761988 0.0056858566990083854 0.005587001279860287 0.3074544484326778 0.005744494265528056 0.005528384293233931 0.007816841950488826 0.007816841950480597 1.6757637364788713 2.7903118884778824
260.0 12.852511497157801 -5.054356732219087 26.63407240169083 -480746.5683362921 2.0137610218685112e-05 23.379433025622014 22.413112025198657 23.059887215594692 131.57817142873466 410.41396140356665 400.000000000001 -0.00043254413368506604 0.32066139948068506 0.31954581002731697 0.000502681152666629 6.1075309850065125 2.4333044049174327e-08 0.011728729879144925 0.005920240286876426 0.005808469004881202 0.3200361092886121 0.005986359851968477 0.005742370027176448 0.008133189720027226 0.008133189720018504 1.6186149956298876 2.7847179133879685
270.0 12.860312902471762 -5.057236394287127 27.51564899943869 -480520.0418154785 2.031477558279251e-05 23.632623048567954 22.61343978251645 23.300497040883663 131.23408588932898 410.68318573584 400.000000000001 -0.0004666763269119079 0.3331431348808489 0.33212600768428807 0.0005636535546603368 6.558272293787292 2.434404566367335e-08 0.012184945737354638 0.006155272099927996 0.006029653042535781 0.33271337897115116 0.0062294533063256795 0.005955492431028959 0.008449848247320937 0.008449848247311712 1.5647391892404023 2.7799562424107482
280.0 12.868185591863991 -5.060209661527325 28.373796348043374 -480291.4749837465 2.0482586793097116e-05 23.869294405052845 22.797009288859307 23.524492526465636 130.8863348464614 410.8779610985892 400.000000000001 -0.0005021248356832373 0.3456454629871202 0.34480187858720585 0.0006290480792830231 7.01688416095595 2.436024796621398e-08 0.01264156008063819 0.006390974114232036 0.006250565364008806 0.3454994903071499 0.006473808171929154 0.006167751908709036 0.008766833341632477 0.008766833341622619 1.513895477566122 2.7759194505725544
290.0 12.87612630591757 -5.06327432523637 29.209612367757664 -480061.0394673978 2.064220174761152e-05 24.091332921882426 22.965698843949433 23.73374783732251 130.535048381252 411.00677805037907 400.000000000001 -0.0005388928564829214 0.35817121232817917 0.35758508455991755 0.0006989429477665109 7.483084959002387 2.4381822775404932e-08 0.013098614911919255 0.006627372602832939 0.006471221699185648 0.35840715778336985 0.006719461987110381 0.006379152924808874 0.009084164655226008 0.009084164655215304 1.4658613974965424 2.7725170224896285
300.0 12.884132195544023 -5.066428275637106 30.024142853397674 -479828.8880842851 2.079462723591319e-05 24.300386329555295 23.12114678937872 23.929899718002822 130.18033912819803 411.076934692063 400.000000000001 -0.0005769839052179704 0.3707233443608108 0.37048661155247953 0.0007734139524461418 7.956583464272837 2.440885976154205e-08 0.013556159476027674 0.00686449771215953 0.0066916411464729205 0.37144844604429494 0.006966455873234797 0.006589703602792875 0.009401865381314059 0.00940186538130225 1.420432035930923 2.769672302019125
310.0 12.892200769169712 -5.0696694978889605 30.81838112212816 -479595.15719427 2.094074150666138e-05 24.497897619349075 23.264785333407257 24.114380947893764 129.82230450834228 411.0947252942125 400.000000000001 -0.0006164018322391823 0.3833049144581218 0.38351667145531365 0.0008525342783862177 8.437064361429268 2.4441374809854197e-08 0.014014249421665882 0.00710238298716525 0.00691184580962479 0.3846346652183318 0.007214834047431575 0.006799415374234308 0.009719961925793283 0.009719961925780866 1.377419001302707 2.767320056192927
320.0 12.900329847751845 -5.072996067951836 31.593268680093775 -479359.9687253296 2.108131314697246e-05 24.68513342263813 23.397869289736555 24.288448793521987 129.46102861985472 411.0655965242164 400.000000000001 -0.0006571508333410416 0.3959190359479431 0.39668462911614666 0.0009363742059931937 8.924179533110912 2.4479318353465564e-08 0.014472945961909657 0.00734106486912541 0.007131860460446478 0.39797629068731544 0.0074646432886328745 0.007008302673276779 0.01003848356478465 0.010038483564771702 1.3366492994128003 2.7654045165487577
330.0 12.908517526354519 -5.076406148409158 32.349696582477094 -479123.43192301726 2.121701692188178e-05 24.86320816757773 23.521500509187952 24.453209215636463 129.09658385143288 410.99427676130995 400.000000000001 -0.000699235457030357 0.40856884738915367 0.4099989519412697 0.0010250007469501058 9.417543861696998 2.4522583508366494e-08 0.014932315050492816 0.007580582185212712 0.0073517122255035315 0.4114829049396559 0.0077159323705333184 0.007216382679959497 0.010357462097477052 0.010357462097463827 1.2979641818179548 2.7638777956383738
340.0 12.916762141235477 -5.079897984325816 33.08850724939643 -478885.6448638679 2.1348447105581944e-05 25.033104661995818 23.636648671315143 24.60963748243312 128.7290322692782 410.88488355381776 400.000000000001 -0.0007426606083791738 0.4212574831642505 0.4234671795627031 0.001118477253864352 9.916734435272254 2.4571013894903897e-08 0.015392426586671476 0.007820975644777876 0.007571430294705424 0.4251631592257819 0.007968751484254579 0.007423675102416897 0.010676931501705525 0.010676931501691833 1.2612180104264201 2.762698600566785
350.0 12.92506224157849 -5.083469899194325 33.81049656490645 -478646.695767192 2.147612872953064e-05 25.195691654065033 23.7441690028413 24.758595742876686 128.35842680710496 410.74101321338424 400.000000000001 -0.0007874315498089359 0.43398804738431174 0.43709591118835006 0.0012168630338292917 10.42129222936526 2.4624411068989475e-08 0.01585335365791457 0.008062287353671755 0.007791045649674033 0.43902475284489717 0.008223151706571142 0.007630201951343429 0.01099692759798772 0.010996927597973691 1.2262771670104393 2.7618311817629264
360.0 12.933416565148221 -5.0871202910057285 34.516416134232955 -478406.6641344712 2.1600527096666132e-05 25.351738838099454 23.844817402208868 24.900848029695936 127.98481227942528 410.5658157675142 400.000000000001 -0.0008335538991254073 0.44676359104122665 0.450890808403522 0.0013202129876174367 10.930725509614993 2.4682541514544913e-08 0.016315171826844627 0.008304560354931507 0.008010590809998224 0.4530744280173915 0.008479184488577944 0.007835987338266685 0.011317487726349282 0.011317487726334736 1.1930190244203793 2.761244469007371
370.0 12.941824017270386 -5.090847628469267 35.20697560977814 -478165.6217411001 2.1722055860328542e-05 25.501929702269294 23.939263374071682 25.037073090921236 127.60822628279354 410.3620578733113 400.000000000001 -0.0008810336251397747 0.4595870922975574 0.46485661134805994 0.001428577289417606 11.444514357474237 2.4745143169197683e-08 0.0167779584666347 0.008547838201662895 0.008230099595748518 0.46731797842766687 0.008736901181116846 0.008041057285517855 0.011638650439129945 0.011638650439114762 1.1613309859282368 2.760911359764366
380.0 12.950283652638825 -5.094650447395594 35.882845022562144 -477923.6335014455 2.184108390239403e-05 25.64687254958792 24.028101113234733 25.167875383243345 127.22869992865421 410.132175801097 400.000000000001 -0.0009298770412011749 0.4724614397724213 0.4789971663445783 0.001542001116645902 11.962115856714549 2.481193146983795e-08 0.01724179214732236 0.00879216456592508 0.00844960690490631 0.48176026964929275 0.008996352602135906 0.008245439545186455 0.01196045521204251 0.011960455212026728 1.1311095979042463 2.76080812862825
390.0 12.958794659532186 -5.098527347251441 36.54465707503861 -477680.75822500756 2.1957941198174922e-05 25.787109971994006 24.111859023117525 25.29379450879791 126.84625853499904 409.8783201736006 400.000000000001 -0.00098009079692658 0.4853894186594822 0.49331546319609687 0.0016605244352453936 12.482969591878422 2.4882604914892335e-08 0.01770675207413738 0.0090375828857947 0.008669148504627444 0.49640526978457067 0.009257588649180854 0.008449163424956526 0.012282942175004807 0.012282942174988194 1.102259734330219 2.7609139362221757
400.0 12.967356346088424 -5.102476987888679 37.19300936539918 -477437.0492787859 2.2072923844125195e-05 25.923127013480183 24.191007907991477 25.415313332976464 126.46092217928657 409.6023939756079 400.000000000001 -0.0010316818684427981 0.49837369949819466 0.5078136805037201 0.0017841818427948223 13.006503202081944 2.4956850147251716e-08 0.018172917577879203 0.009284136051497353 0.008888760835488257 0.5112560887620784 0.009520657971037561 0.008652259606841642 0.012606151863658106 0.01260615186364064 1.0746938514718 2.761210418636157
410.0 12.975968128348217 -5.106498086447116 37.82846652391695 -477192.5551686738 2.2186298372256932e-05 26.055358219287598 24.265968039797478 25.53286498180988 126.07270620794753 409.30608476876205 400.000000000001 -0.0010846575473922823 0.5114168294104553 0.5224932374777193 0.0019130024694691352 13.532137806932639 2.5034346566646535e-08 0.018640367656575247 0.009531866130498725 0.009108480828052722 0.5263150248391807 0.009785607678747482 0.008854759977827765 0.012930124992007762 0.01293012499198969 1.0483313084488244 2.7616813433506207
420.0 12.984629519814105 -5.110589414427787 38.45156224942561 -476947.32005081093 2.2298305461044055e-05 26.184193736609792 24.33711526815943 25.646838885781335 125.68162166514685 408.99089222004716 400.000000000001 -0.0011390254289779173 0.5245212256094207 0.5373548508284575 0.0020470099352955014 14.059293178489053 2.511477048357392e-08 0.019109180567015646 0.009780814130675127 0.009328345731236682 0.5415836169518567 0.010052483098283382 0.009056697468732266 0.01325490224622087 0.01325490224620211 1.023097750541516 2.7623123187053964
430.0 12.993340122320447 -5.114749794931763 39.06280123957442 -476701.3841822087 2.2409163144759978e-05 26.309984608449728 24.404786315306502 25.75758601301867 125.28767568062537 408.6581516401223 400.000000000001 -0.0011947933992707827 0.5376891709859148 0.5523985954310592 0.002186222361042352 14.587392576834237 2.5197798829206934e-08 0.019579433464307433 0.010031019800119945 0.009548392952055574 0.5570627016453746 0.010321327569355596 0.009258105894951841 0.013580524099315039 0.013580524099295364 0.9989245489228243 2.7630905493316815
440.0 13.002099618035196 -5.118978100058305 39.66266101241803 -476454.7843186068 2.2519069590168337e-05 26.43304737654166 24.469283375134694 25.86542340898219 124.89087179725342 408.3090541767963 400.000000000001 -0.0012519696219979374 0.5509228115783767 0.5676239675594723 0.0023306524293585807 15.115867199528235 2.5283112437387867e-08 0.020051202087238793 0.010282521461727156 0.009768659906405165 0.5727524734061591 0.010592182285749846 0.009459019801488947 0.013907030646223478 0.013907030646202984 0.9757482933738972 2.7640046282980846
450.0 13.010907762444397 -5.12327324845546 40.251593619705396 -476207.5540663749 2.2628205505871232e-05 26.553668093176427 24.53087811686335 25.97063814359118 124.49121026089541 407.94466418763307 400.000000000001 -0.0013105625250162452 0.564224155735225 0.5830299495852422 0.0024803074923514276 15.644160219182321 2.537039891611979e-08 0.020524560487004594 0.01053535588041139 0.009989183880567055 0.5886525473011952 0.010865086174567606 0.009659474312436989 0.014234461458533696 0.014234461458512142 0.9535103331316703 2.765044360163887
460.0 13.01976437818913 -5.127634203015778 40.83002725415004 -475959.7241943128 2.2736736239638774e-05 26.67210582586643 24.58981517805235 26.07349075073251 124.08868827283874 407.56593422667197 400.000000000001 -0.0013705807866377176 0.5775950747827238 0.5986150751339231 0.0026351897215849 16.171730400586412 2.545935512704301e-08 0.02099958079667368 0.010789558160637832 0.010210001903146046 0.6047620229164461 0.011140075811522737 0.009859504985150945 0.014562855458044678 0.014562855458022397 0.9321563614047339 2.7662006098981484
470.0 13.028669349647945 -5.1320599687096475 41.398367754286994 -475711.3229103708 2.2844813610681347e-05 26.788595726072614 24.6463152186342 26.17421823228272 123.6833002221101 407.1737180069921 400.000000000001 -0.0014320333219832045 0.5910373050173021 0.6143774937898977 0.002795296296391387 16.69805530081957 2.5549689292348588e-08 0.021476333038683758 0.011045161671840054 0.010431150627147202 0.6210795486722687 0.011417185369337592 0.010059147669346166 0.014892250808187252 0.014892250808164219 0.9116360389820879 2.767465173983723
480.0 13.037622618169838 -5.13654959054878 41.957000011340824 -475462.37610762863 2.295257751357138e-05 26.903351721500748 24.70057759664254 26.273036686963394 123.27503786162556 406.7687816412762 400.000000000001 -0.001494929269484058 0.6045524508478305 0.6303150345373514 0.002960619626452268 17.22263406387758 2.5641122749435426e-08 0.02195488496759252 0.011302197999259089 0.010652666221887918 0.6376033856805633 0.011696446596241982 0.010258438371350539 0.015222684822262356 0.015222684822238673 0.8919026541317965 2.7688306691532616
490.0 13.04662417787878 -5.141102151672474 42.50628928303778 -475212.90758327744 2.3060157321095698e-05 27.01656888310016 24.752782717131876 26.370143615877648 122.86389050256933 406.35181341316706 400.000000000001 -0.0015592779776712183 0.6181419889211764 0.6464252672225119 0.0031311476046878084 17.744989826591954 2.573339137439803e-08 0.02243530194531089 0.011560696917754265 0.010874584274420333 0.6543314703966496 0.011977888821603857 0.010457413123707033 0.015554193887407912 0.015554193887383473 0.8729128144619887 2.770290436869052
500.0 13.055674071978089 -5.145716771549472 43.04658241952767 -474962.9392338507 2.3167673125043254e-05 27.1284255109681 24.803094098079626 26.46571994954962 122.44984514568804 405.9234322918858 400.000000000001 -0.0016250889923473451 0.6318072730725325 0.6627055614184816 0.0033068638866703363 18.264671755796062 2.582624669610969e-08 0.02291764684606069 0.011820686386178381 0.011096939700113828 0.6712614754070307 0.012261538985782973 0.010656107860277712 0.015886813403162357 0.015886813403137523 0.8546261679241105 2.771838460751516
510.0 13.06477238950024 -5.150392604288591 43.57820900668763 -474712.491229514 2.327523682515747e-05 27.239084974966325 24.851660190596796 26.55993183279709 122.03288661674684 405.48419536855624 400.000000000001 -0.001692372044234006 0.6455495399514097 0.6791531421692321 0.0034877481929379206 18.781256738412225 2.5919456723210536e-08 0.02340197998836445 0.012082192559995772 0.011319766662026769 0.6883908677825238 0.01254742169140412 0.010854558296960325 0.016220577733491434 0.016220577733465937 0.8370051501877405 2.7734692948190336
520.0 13.073919262443738 -5.155128837051482 44.10148243197683 -474461.5821698737 2.3382953093148492e-05 27.3486973425122 24.8986159853334 26.65293220033061 121.61299768044061 405.0346043655543 400.000000000001 -0.0017611370371680808 0.6593699151831013 0.695765142181588 0.0036737766308103776 19.29435074688451 2.6012806506717122e-08 0.023888359091427433 0.012345239819906295 0.011543098498664577 0.7057169645126443 0.012835559273358476 0.011052799818068955 0.016555520171125743 0.016555520171099354 0.8200147555663926 2.7751780011654676
530.0 13.083114863260164 -5.159924688561332 44.61670087793708 -474210.2292234326 2.3490920231799284e-05 27.457400821471808 24.94408443239019 26.744862171348043 121.1901591393333 404.5751113461886 400.000000000001 -0.0018313940368979602 0.6732694199359748 0.7125386501237656 0.003864922032485984 19.803589902445168 2.610609846118412e-08 0.02437683925338702 0.012609850814365949 0.011766967659708454 0.72323698462211 0.013125971884991433 0.011250867368395586 0.016891672913091484 0.01689167291306424 0.8036223288365987 2.77696009615618
540.0 13.09235940264687 -5.164779407701545 45.1241482481822 -473958.4482525694 2.3599230931488385e-05 27.565323039121132 24.988177698182017 26.835852284347617 120.76434992044574 404.10612373349187 400.000000000001 -0.0019031532605334246 0.6872489777743804 0.7294707547735153 0.004061154306426789 20.30864125838174 2.6199152467385168e-08 0.024867472948984747 0.012876046514003502 0.011991405649270863 0.740948097651144 0.013418677598072352 0.011448795350912396 0.0172290670463201 0.017229067046292144 0.7877973768098929 2.778811502570023
550.0 13.101653127615425 -5.169692272198898 45.62409503053074 -473706.25392567675 2.370797295157118e-05 27.672582180230304 25.03099827943613 26.92602359539142 120.33554714662966 403.62800873017534 400.000000000001 -0.001976425066675994 0.7013094216876219 0.7465585848388848 0.004262440799237103 20.809203324875174 2.629180577929963e-08 0.025360310044346447 0.013143846276069588 0.012216442976226542 0.758847468258596 0.013713692514304151 0.011646617530042298 0.01756773254226625 0.017567732542237022 0.7725113966102064 2.780728508399367
560.0 13.110996319805572 -5.174662587385878 46.11679910166632 -473453.6598178956 2.3817229725901156e-05 27.77928799936818 25.072639991742953 27.01548865501988 119.90372620182325 403.14109721853004 400.000000000001 -0.002051219946245863 0.7154515011953853 0.7637993443483012 0.004468746665452154 21.305006356261877 2.6383912757823254e-08 0.025855397826667865 0.013413267917180609 0.012442109111154228 0.7769322967789785 0.014011030886283478 0.011844366940384387 0.01790769825949385 0.0179076982594639 0.7577377196875879 2.782707730328797
570.0 13.12038929401939 -5.179689685037346 46.602506477456345 -473200.6785017154 2.3927080905129936e-05 27.885542722988703 25.113188847730278 27.10435237941512 119.46886077851462 402.64568720756847 400.000000000001 -0.002127548514025123 0.7296758894401619 0.7811903435735866 0.004680035242826251 21.79581242078001 2.6475344453037264e-08 0.026352781046731187 0.013684327792756133 0.012668432449415824 0.795199855630821 0.014310705245980682 0.012042075800750502 0.018248991953241575 0.01824899195321068 0.7434513699850487 2.784746081280808
580.0 13.129832396953244 -5.184772922276916 47.08145201279831 -472947.3216285561 2.4037602848160206e-05 27.99144185586321 25.15272383793546 27.19271283035353 119.03092292962754 402.14204688513604 400.000000000001 -0.0022054215008988787 0.7439831901870269 0.7987290255096824 0.004896268430945113 22.28141527204653 2.6565988056117836e-08 0.02685250197230514 0.013957040881672447 0.012895440279902935 0.8136475215341741 0.014612726538963589 0.012239775433341551 0.018591640291015035 0.018591640290983816 0.7296289342860358 2.786840742475979
590.0 13.139326006110055 -5.189911680548767 47.55386005461592 -472693.60000231565 2.4148869061513085e-05 28.097074900714524 25.191317625748887 27.280661912726497 118.58988310189301 401.6304173244271 400.000000000001 -0.002284849746807846 0.7583739446608142 0.8164129879880284 0.005117407071124173 22.761640040701188 2.6655746241053138e-08 0.02735460045061471 0.014231420874790976 0.013123158758978168 0.8322728035494267 0.014917104262742963 0.012437496187871749 0.018935668873319027 0.018935668873288812 0.7162484443542396 2.7889891379806993
600.0 13.148870528872113 -5.195105364650898 48.019945051360025 -472439.5236457635 2.4260950600825782e-05 28.202526003339706 25.229037166344526 27.3682860017945 118.1457101640884 401.1110148877883 400.000000000001 -0.0023658441943707727 0.7728486381596278 0.8342400015452052 0.0053434113257574845 23.236342763847034 2.6744536415253942e-08 0.027859113978186446 0.014507480266136633 0.013351612889142137 0.851073366996137 0.015223846607760452 0.012635267370426001 0.01928110225868474 0.01928110225864907 0.7032892690880612 2.791188912577881
610.0 13.158466401723405 -5.200353401826094 48.479912122161025 -472185.1018605472 2.4373916429793968e-05 28.307874529378303 25.265944258267947 27.455666506170807 117.698371431157 400.5840333643962 400.000000000001 -0.002448415883172443 0.7874077063925955 0.8522080232074991 0.0055742410555310075 23.705409769123392 2.6832289896982878e-08 0.02836607777651074 0.014785230445613612 0.0135808265019799 0.8700470533522111 0.015532960599685355 0.012833117176825384 0.01962796399218789 0.01962796399214839 0.6907320162797455 2.793437911450905
620.0 13.168114089605062 -5.205655240907133 48.93395758852337 -471930.34328150866 2.4487833767163063e-05 28.4131955871448 25.30209603527777 27.542880380761964 117.24783267784446 400.0496458738724 400.000000000001 -0.002532575944677099 0.8020515414978727 0.8703152063828323 0.0058098561928555705 24.16875692948534 2.691895103624824e-08 0.02887552487208251 0.015064681792287937 0.013810822244919176 0.8891918962677098 0.01584445224182082 0.013031072630261696 0.01997627663676227 0.01997627663671976 0.6785584417240101 2.7957341641440694
630.0 13.177814085395926 -5.211010351513019 49.382269471271 -471675.2559259144 2.460276832831538e-05 28.518560476709965 25.337545405113346 27.630000569633943 116.7940581518204 399.5080065632494 400.000000000001 -0.00261833559772766 0.8167804977044961 0.8885599070760242 0.006050217110347429 24.62632880396587 2.7004476294478327e-08 0.029387486179500058 0.015345843767330055 0.014041621571386557 0.9085061338556841 0.016158326656546755 0.01322915952295331 0.02032606180658915 0.020326061806544834 0.6667513700070493 2.79807586183918
640.0 13.187566909506497 -5.216418223293234 49.82502795523159 -471419.8472381518 2.4718784841072838e-05 28.624037176077028 25.372341441061202 27.71709648941516 116.33701057850564 398.95925212134136 400.000000000001 -0.0027057061446132107 0.831594896608838 0.9069406866618707 0.006295284983098528 25.07809767895383 2.7088833296929512e-08 0.02990199058641891 0.015628725005845525 0.014273244733930709 0.9279882174450167 0.016474588224850296 0.01342740236156862 0.02067734020195854 0.02067734020191328 0.6552946065688053 2.8004613695046072
650.0 13.197373109578566 -5.221878365217223 50.26240582397455 -471164.1241303756 2.4835946414221208e-05 28.72969046541234 25.406529731500328 27.804234153949487 115.87665116406944 398.4035031313175 400.000000000001 -0.002794698967630434 0.8464950320428197 0.9254563114628517 0.006545022143739528 25.524062523738294 2.7171999870394284e-08 0.030419065039265634 0.01591333340689907 0.014505710779912136 0.9476368169968304 0.016793240723106312 0.01362582431615933 0.02103013164502084 0.021030131644975185 0.6441729138114645 2.8028891143487074
660.0 13.20723326028371 -5.227390304906537 50.69456886674452 -470908.09301953705 2.495431809937741e-05 28.835583232863407 25.440152692003522 27.89147748347756 115.41293958810556 397.840865279589 400.000000000001 -0.0028853255261195843 0.8614811745170192 0.9441057493858489 0.00679939242941336 25.96424787330683 2.7253963077407904e-08 0.030938734628723763 0.016199676221130516 0.014739037549373165 0.9674508233981172 0.01711428745779105 0.01382444717093271 0.02138445511590742 0.02138445511586272 0.6333717810001722 2.80535794192689
670.0 13.217147963213677 -5.232953588007239 51.12167625956715 -470651.7598611884 2.507395472547252e-05 28.941772094488567 25.473249844046506 27.97888393061362 114.94580364932048 397.27143043689256 400.000000000001 -0.0029775973539146426 0.8765535752269491 0.9628881638749489 0.007058361519910798 26.398702650613046 2.7334718256809546e-08 0.031461022674098046 0.016487760135440066 0.014973241674716961 0.9874293478535172 0.017437731391095952 0.014023291283002089 0.021740328788745288 0.021740328788702298 0.6228783063281049 2.8078649793874346
680.0 13.227117851601609 -5.2385677776856605 51.54388094365745 -470395.13017309434 2.519498302848026e-05 29.048308824613038 25.505858065051225 28.06650591858132 114.47447096482496 396.6952773269621 400.000000000001 -0.0030715260584710446 0.8917124700151146 0.9818029060317102 0.007321897266048488 26.827498943887235 2.7414268083834758e-08 0.031985950819134676 0.01677759136136774 0.015208338588148306 1.0075717192175986 0.017763575271590705 0.014222375547543971 0.022097770076047865 0.022097770076007446 0.6126844653412264 2.8103977470393886
690.0 13.237143735193872 -5.244241374207627 51.96087964044925 -470139.4029610861 2.5318376117073227e-05 29.155430861455592 25.538013035928657 28.154581339092143 113.99611696109638 396.1117846782498 400.000000000001 -0.003167123360500023 0.9069580949027238 1.0008495223634442 0.007589970012627734 27.25073090431693 2.7492621784932973e-08 0.03251353952774314 0.017069175934006992 0.015444342718481677 1.0278774974536273 0.018091821981103047 0.014421717546640098 0.022456795940932472 0.022456795940893913 0.6027657961914504 2.812983514531026
700.0 13.247226801170388 -5.249983157626536 52.37235213934116 -469885.8299015818 2.5444245147501924e-05 29.263232901708328 25.569748206850967 28.243205143502735 113.51123417623248 395.52026150636345 400.000000000001 -0.0032644011577485574 0.9222907039377972 1.020027758205591 0.00786255343905019 27.668515039934576 2.7569794206927256e-08 0.033043808698942356 0.01736252011800411 0.015681267700087927 1.0483464857808378 0.018422475026341867 0.014621333672600493 0.022817423324899402 0.02281742332485668 0.593104219786142 2.8156373887241153
710.0 13.257367764727439 -5.255758808412217 52.78015061827483 -469629.8770366544 2.5570410167671455e-05 29.371381032628932 25.601089170435902 28.332043603470826 113.02835076099984 394.92333112242073 400.000000000001 -0.003363371283720723 0.9377104967460853 1.039337429158108 0.008139625206293001 28.08098884166659 2.7645804040909288e-08 0.033576775248944445 0.017657629185381288 0.015919125177155782 1.0689786041899816 0.01875553737665965 0.014821237872284792 0.023179667542530348 0.023179667542487105 0.5837006042315603 2.818330978773972
720.0 13.26756635657009 -5.261541953626264 53.185715487736346 -469368.04478692816 2.5694480271542976e-05 29.479509972318986 25.632060649355537 28.42073160510025 112.55715453499407 394.323092228658 400.000000000001 -0.0034640453367652635 0.9532175819178976 1.0587783672187352 0.008421165763575728 28.488305012899744 2.7720673184840154e-08 0.03411245180038992 0.017954506619598607 0.01615792428886532 1.0897738286496454 0.019091010562419457 0.015021441237970463 0.023543541292949825 0.023543541292905763 0.5745514393965203 2.821047017581267
730.0 13.27782151588089 -5.267314206910816 53.590074607053786 -469097.880774739 2.5814826591952418e-05 29.587389085111088 25.662686668874397 28.509038630639296 112.10464203973955 393.7210976981719 400.000000000001 -0.0035664347113016736 0.9688120009035107 1.0783504544717868 0.008707157094313332 28.890626448403104 2.779442673222703e-08 0.034650847427321316 0.018253154401486754 0.01639767212842856 1.1107322202380896 0.019428894896755134 0.01522195253056618 0.023909055039176536 0.02390905503913181 0.5656460779254194 2.8237867911160834
740.0 13.288131658334544 -5.2730652083711185 53.99384291989607 -468817.9923303288 2.593048044956419e-05 29.694878174226176 25.692990726762538 28.59682451320402 111.67475372069083 393.1183282048672 400.000000000001 -0.003670550660051401 0.9844937581358586 1.0980536610221594 0.008997581688781628 29.28812206383857 2.7867092888155504e-08 0.0351919686498176 0.01855357344352289 0.016638374303447646 1.1318539593556953 0.01976918986770281 0.015422778782114795 0.024276217569230728 0.024276217569185462 0.5569755596376218 2.826548706849808
750.0 13.298494952056638 -5.278792665401179 54.39722209302975 -468528.0590904952 2.604118380123902e-05 29.801943858001298 25.722995945941612 28.68405577981533 111.26834070263959 392.5151654156017 400.000000000001 -0.0037764043678921062 1.0002628511865668 1.1178880781859641 0.00929242179199167 29.680963532405514 2.793870275728507e-08 0.03573582046855478 0.018855764066006354 0.0168800354942994 1.1531393760861386 0.02011189459142209 0.015623925877132691 0.024645036603506486 0.02464503660346066 0.5485311819242494 2.829331748160662
760.0 13.308909601802972 -5.284502394486797 54.80000015948778 -468228.8456924376 2.614740146496369e-05 29.908663633258307 25.7527252107393 28.770809686772083 110.88313208573041 391.9113647067991 400.000000000001 -0.0038840070371053883 1.0161193005222293 1.1378539464862265 0.009591658977770985 30.06932305354325 2.8009290012158376e-08 0.03628240742181977 0.019159726511180194 0.017122659997027417 1.1745889767096727 0.020457008325149247 0.01582539909667052 0.025015519441191493 0.025015519441145058 0.5403047403361915 2.832134770698231
770.0 13.319374141637159 -5.290208364021357 55.20155116720039 -467922.21456564113 2.6250337776760115e-05 30.015231671653353 25.782201287385334 28.85727999374478 110.5137015904908 391.3060273682421 400.000000000001 -0.00399336998357519 1.0320631784056404 1.157951677908576 0.009895274104352177 30.4533722795114 2.8078890448247117e-08 0.03683173464632237 0.01946546149118256 0.01736625223620238 1.1962034663252679 0.02080453103540298 0.016027203610919385 0.02538767363784078 0.025387673637793987 0.5322886608186588 2.8349561884838503
780.0 13.329887736406874 -5.295932738170832 55.60083483415933 -467611.13882464473 2.6351977574123226e-05 30.121974361560635 25.811446929141248 28.943792489800817 110.1515101602638 390.6975722557394 400.000000000001 -0.004104504743418924 1.0480946364637025 1.1781818717598165 0.010203247711185574 30.833282525679735 2.8147541429924315e-08 0.0373838089220305 0.019772970765589197 0.017610817232214603 1.2179837674717726 0.02115446402955768 0.01622934489247281 0.025761507705573505 0.0257615077055264 0.524474115538227 2.837798197574111
790.0 13.340450480338127 -5.30170592161009 55.99639615730062 -467299.7152841248 2.6454939338334798e-05 30.229371263474032 25.840484963339815 29.0308259416419 109.78671110724324 390.08370760843343 400.000000000001 -0.004217423186058101 1.0642139304064226 1.1985453218321298 0.010515560922046268 31.209226379016165 2.821528121735851e-08 0.037938639646268216 0.0200822577262744 0.017856360990510956 1.2399310329846662 0.021506810629805258 0.01643182901646295 0.026137031804148343 0.02613703180410085 0.516839037263513 2.8406948084800376
800.0 13.351063327451762 -5.307544057063772 56.38750328638328 -466990.1596910523 2.656021850144541e-05 30.33761232882988 25.869335263178638 29.118569361361757 109.41517643221104 389.4631413512045 400.000000000001 -0.004332137528088924 1.0804214100129579 1.2190429674681191 0.010832196912686857 31.581380416527438 2.8282147827081475e-08 0.03849623866483435 0.020393327426126786 0.018102890303997983 1.2620466043019911 0.021861576318909226 0.016634662345925123 0.02651425771197086 0.026514257711922742 0.5093776123240839 2.8436437945906503
810.0 13.36172714381832 -5.313426663144056 56.77527331086734 -466679.77578286384 2.6666983215932267e-05 30.44655563836249 25.89801182682607 29.206879891755026 109.0394625209812 388.83737749747945 400.000000000001 -0.004448660081051125 1.096717435231814 1.2396757466074675 0.011153141672961553 31.94992514194508 2.8348177512425664e-08 0.03905661756863675 0.020706185202660647 0.01835041142606573 1.2843318635765975 0.022218767407465697 0.016837850161171057 0.02689319706449557 0.02689319706444699 0.5020961565528685 2.8466142591344967
820.0 13.372442535717113 -5.3193534473936435 57.15979828617854 -466368.55997670034 2.6774906180761367e-05 30.55617580025182 25.926530418603615 29.295731225471133 108.66105363593003 388.20640512067155 400.000000000001 -0.004567003197723617 1.1131023640584388 1.2604445747806836 0.011478383295499557 32.31504198583652 2.8413404682131846e-08 0.039619787306246726 0.021020836403951013 0.01859892995720718 1.3067882074453692 0.022578390680782993 0.017041396625463737 0.027273861041444643 0.02727386104139573 0.4949888648795038 2.8496043816840837
830.0 13.383210100304249 -5.325324127786734 57.5411672112469 -466056.50854267844 2.6884070192631894e-05 30.66652511106519 25.95490592846886 29.3851747445985 108.28004976927392 387.5702107809726 400.000000000001 -0.004687179346261649 1.1295765738775647 1.281350366466691 0.011807911847421627 32.67691240507443 2.8477861962869134e-08 0.040185758959932115 0.02133728678171077 0.018848451227973996 1.3294170682727529 0.02294045380381118 0.017245305156120938 0.02765626087090281 0.02765626087085321 0.48804637439930043 2.852621990645423
840.0 13.394030452506458 -5.331338432073641 57.91946632941469 -465743.6174489624 2.699450249987791e-05 30.777632989593336 25.983152427705086 29.47523896176071 107.8964186216607 386.928776805752 400.000000000001 -0.004809201124134893 1.1461404636117623 1.3023940278326234 0.012141719327767902 33.03571706629901 2.854158004818086e-08 0.040754543882936936 0.021655542552506644 0.01909898037504012 1.3522199060038025 0.023304965388903434 0.017449578494033502 0.028040407913994522 0.02804040791394412 0.48126348092591276 2.8556655344307
850.0 13.40490422530009 -5.3373960975411805 58.29477925721038 -465429.882366963 2.710624586073025e-05 30.889533417813333 26.01128321458208 29.565956970784296 107.51012654721941 386.2820814304341 400.000000000001 -0.004933081264618774 1.1627944535258914 1.32357644702904 0.012479799615849257 33.39163506825459 2.8604587560690132e-08 0.04132615375659461 0.02197561041557307 0.019350522380501153 1.3751981972964749 0.02367193501077383 0.017654218745820783 0.028426313697064144 0.028426313697026476 0.4746345876514425 2.8587350986883613
860.0 13.415832070019132 -5.3434968707862875 58.66718710645186 -465115.29867582355 2.7219339604765985e-05 31.00225889105177 26.03931085666727 29.657360405582406 107.12113900229447 385.63009892266734 400.000000000001 -0.0050588326434719225 1.1795389849957507 1.3448984854693662 0.012822148410445294 33.744843228034455 2.8666910950221683e-08 0.041900600644151104 0.022297497568169476 0.0196030821103402 1.398353425519665 0.024041373224364386 0.017859227419786725 0.028813989942571252 0.028813989942504073 0.46815451352845755 2.86183036344225
870.0 13.426814656694107 -5.349640507502324 59.036768600134764 -464799.86146620964 2.733382479356418e-05 31.115842148613687 26.067247230182325 29.749481178506187 106.72942054458406 384.9727996909146 400.000000000001 -0.005186468285783417 1.1963745202607492 1.3663609701074906 0.013168763161259221 34.095515429594315 2.8728574424743002e-08 0.042477897041636736 0.02262121171868199 0.019856664352197954 1.4216870716490844 0.024413291586308963 0.01806460545532778 0.02920344859868379 0.02920344859861998 0.461818262335151 2.864951150149099
880.0 13.437852674421508 -5.355826772277536 59.4036001825199 -464483.5655434248 2.7449742923355783e-05 31.230315780663172 26.095103556757902 29.84235109394124 106.33493478941682 384.31015037854286 400.000000000001 -0.005316001373027023 1.2133015421824485 1.3879646867219326 0.01351964299206662 34.44382203288234 2.8789599911097374e-08 0.04305805592624848 0.02294676109800742 0.020111273852371037 1.445200606087604 0.024787702643038693 0.018270353283209785 0.02959470186812872 0.02959470186807872 0.4556210677251066 2.868097272819807
890.0 13.448946831762335 -5.362055438405214 59.767756123794214 -464166.4054298797 2.7567136362151614e-05 31.345712413564172 26.122890437894817 29.936002039360126 105.93764440393163 383.6421139444708 400.000000000001 -0.005447445250318726 1.2303205540247444 1.4097103742040464 0.01387478861752656 34.789929341449465 2.8850007042646775e-08 0.043641090802532645 0.023274154469290778 0.02036691535225716 1.468895481423636 0.02516461981449453 0.018476470988038115 0.029987762236097143 0.0299877622360148 0.4495583663265291 2.871268576376083
900.0 13.4600978571743 -5.368326287705094 60.12930861969305 -463848.3753669001 2.7686048322296765e-05 31.46206473579774 26.150617887408387 30.0304660159524 105.53751107227015 382.96864973097115 400.000000000001 -0.005580813433910112 1.2474320792739224 1.4315987198453453 0.01423420225396805 35.13399912646603 2.8909813171059202e-08 0.044227015746787356 0.023603401136383588 0.020623593624299233 1.4927731261386725 0.02554405706623976 0.0186829586805476 0.030382642497502717 0.030382642497413504 0.4436257908617425 2.874464924626113
910.0 13.471306499473064 -5.374639110355629 60.48832788639057 -463529.46931591316 2.7806522954031605e-05 31.57940556512172 26.1782953620993 30.125775209508795 105.13449547221668 382.28971351968653 400.000000000001 -0.005716119618946601 1.2646366615157556 1.4536303556129326 0.014597887523925462 35.476188204994614 2.8969033399588802e-08 0.0448158454501095 0.023934510951460944 0.020881313507415317 1.516834939268251 0.02592603014304625 0.01888981530706325 0.030779355784027927 0.030779355783933468 0.4378191589850222 2.8776862015216214
920.0 13.482573528327107 -5.380993704736721 60.84488225099655 -463209.68095899327 2.7928605415905933e-05 31.697767907440067 26.205931790865584 30.221962052043704 104.72855724914012 381.6052575762586 400.000000000001 -0.00585337768750455 1.2819348643825412 1.4758058553963604 0.014965849356308864 35.81664807005991 2.9027680635390242e-08 0.045407595260389705 0.0242674943218511 0.021140079942163967 1.5410822860129683 0.026310556680907003 0.019097038579482712 0.031177915590765392 0.03117791559066864 0.43213446377116216 2.8809323098699764
930.0 13.493899734786023 -5.3873898772826125 61.1990382379498 -462889.0036987722 2.8052341945815083e-05 31.8171850147298 26.233535602447287 30.319059281521675 104.31965498300713 380.91523068419673 400.000000000001 -0.0059926017169408 1.2993272715856832 1.498125733208134 0.01533809388192394 36.15552457024828 2.908576565851866e-08 0.04600228122369218 0.024602362216509903 0.02139989800564963 1.565516494295239 0.02669765598908781 0.01930462523460437 0.031578335802902355 0.031578335802807556 0.4265678648102766 2.8842031699217925
940.0 13.505285931841243 -5.393827442344627 61.55086065157277 -462567.4306577257 2.8177779939962777e-05 31.93769044602856 26.261114751971775 30.417100003713102 103.90774615854315 380.21957816862187 400.000000000001 -0.006133805988589625 1.3168144870460707 1.5205904423154628 0.015714628325173747 36.49295763639665 2.9143297205436973e-08 0.04659992012536561 0.024939126172347045 0.02166077294630732 1.5901388522512747 0.027087348655123474 0.01951257147024213 0.03198063072253978 0.03198063072245212 0.42111567960213786 2.8874987188047085
950.0 13.51673295502467 -5.400306222063433 61.90041265507446 -462244.9546768017 2.8304968029122626e-05 32.059318127379534 26.288676746449916 30.516117752099227 103.49278713157435 379.51824191000435 400.000000000001 -0.00627700499683549 1.3343971351351158 1.5432003752803067 0.016095460892413923 36.82908105298646 2.9200282065002394e-08 0.047200529531278734 0.025277798300681525 0.0219227102186827 1.6149506066466455 0.027479657211575026 0.01972087231970371 0.032384815095859144 0.03238481509578415 0.4157743756682686 2.890818909476219
960.0 13.528241663040369 -5.406826046250679 62.24775584620798 -461921.5683134204 2.843395615853807e-05 32.182102412960276 26.316228669354288 30.616146548078603 103.07473309500295 378.81116034864783 400.000000000001 -0.006422213458608429 1.3520758610373738 1.565955864881678 0.01648060065737532 37.16402227183893 2.9256725185047976e-08 0.04780412782953175 0.025618391294076177 0.022185715518308932 1.639952962199656 0.027874605998776787 0.019929521830754963 0.0327909041408268 0.032790904140737084 0.41054056305119896 2.8941637099234354
970.0 13.539812938437388 -5.4133867522796715 62.59295032985284 -461597.2638387938 2.8564795675448288e-05 32.30607814944306 26.343777204397504 30.717220963548534 102.65353804432378 378.09826847979633 400.000000000001 -0.006569446323335939 1.3698513312456408 1.5888571858945202 0.016870057444460768 37.49790226572253 2.931262978783665e-08 0.048410734273011666 0.025960918433747215 0.022449794816852518 1.6651470817963405 0.0282722212072756 0.020138513065736073 0.0331989135755349 0.033198913575469155 0.40541098708857853 2.897533102966277
980.0 13.551447688319872 -5.419988184984979 62.93605478770684 -461272.03323458345 2.869753940950882e-05 32.43128073751796 26.371328658614868 30.81937617981904 102.22915473505599 377.37949783992974 400.000000000001 -0.006718718783397382 1.3877242341998826 1.6119045576989137 0.01726384170940008 37.83083541963949 2.9367997492779917e-08 0.049020369023198326 0.02630539359794167 0.022714954397541856 1.690534087579956 0.028672530129746677 0.020347838893451656 0.03360885964762878 0.033608859647572334 0.40038252199687985 2.9009270849144064
990.0 13.563146845098089 -5.426630196570765 63.27712654530076 -460945.8681888686 2.8832241767954822e-05 32.55774619978543 26.39888898484249 30.922648052094186 101.80153464592856 376.65477648430897 400.000000000001 -0.006870046285125097 1.4056952810775465 1.6350981476912376 0.01766196441893548 38.162929457371675 2.942282844498892e-08 0.0496330531955058 0.02665183127129178 0.022981200891154227 1.716115062894104 0.02907556044018973 0.020557492755316077 0.03402075916463315 0.03402075916454328 0.3954521643835584 2.904345665649502
1000.0 13.574911367284077 -5.433312646527699 63.61622163654174 -460618.76009139355 2.8968958828088844e-05 32.68551124786938 26.426463803674807 31.027073172397156 101.37062793220264 375.9240289558097 400.000000000001 -0.0070234445403994095 1.4237652067461415 1.658438075472223 0.01806443692913562 38.49428540116736 2.9477121448330968e-08 0.05024880890657653 0.02700024655551217 0.023248541312612774 1.741891055062228 0.029481339744862563 0.020767469161713976 0.034434629525595103 0.034434629525514085 0.3906170274206555 2.907788867901429
1010.0 13.586742240329935 -5.440035401558357 63.95339486594376 -460290.7000280967 2.9107748433517822e-05 32.81461335183523 26.454058424974864 31.132688934049437 100.93638338815825 375.18717624535736 400.000000000001 -0.0071789295389050566 1.4419347708875394 1.6819244177857895 0.018471270862177758 38.82499756246382 2.9530874101782107e-08 0.050867659323909714 0.027350655181745197 0.023516983098269523 1.7678630789844052 0.029889896365236184 0.020977762958673523 0.034850488754371245 0.03485048875429552 0.3858743352390539 2.9112567268563323
1020.0 13.598640477514554 -5.446798335510994 64.28869986873806 -459961.678774877 2.9248670300914202e-05 32.945090813693234 26.481677869002354 31.239533599510885 100.49874839266141 374.44413574379314 400.000000000001 -0.007336517561086608 1.460204759300417 1.7055572141823454 0.01888247798323939 39.155153561426076 2.9584082938029507e-08 0.05148962871810106 0.027703073524534834 0.023786534144171267 1.7940321215307395 0.030301258636719317 0.021188370081381743 0.035268355534353105 0.035268355534287234 0.3812214175840693 2.9147492900009473
1030.0 13.610607120879568 -5.453601329321632 64.62218916902063 -459631.68679057737 2.9391786123708905e-05 33.076982840799204 26.50932688722034 31.34764636741516 100.05766885964356 373.6948211852434 400.000000000001 -0.007496225191870549 1.4785759853915386 1.7293364733840473 0.019298070076582387 39.484834373446894 2.96367435633388e-08 0.052114742518136456 0.028057518617863805 0.02405720284531601 1.820399146715323 0.0307154544919263 0.021399288026210148 0.035688249245183955 0.03568824924513133 0.37665570495679646 2.9182666164218873
1040.0 13.622643242215942 -5.460444270964418 64.95391423608507 -459300.7142091654 2.9537159687564738e-05 33.21032962488364 26.53700998283345 31.457067444555193 99.61308918835392 372.93914258204995 400.000000000001 -0.007658069335212967 1.4970492918629672 1.7532621803284525 0.019718058821620588 39.81411440062243 2.9688850797841162e-08 0.052743027370056254 0.028414008173361652 0.02432899813610931 1.8469651016322373 0.031132511479152972 0.02161051589090328 0.036110190001489004 0.03611019000145167 0.3721747238071897 2.921808776862881
1050.0 13.634749944107181 -5.46732705541025 65.28392553911168 -458968.75083105615 2.968485699030499e-05 33.34517242390875 26.5647314311077 31.567838120038395 99.16495221377747 372.1770061509393 400.000000000001 -0.007822067229550464 1.51562555260429 1.7773343038703544 0.02014245566905132 40.14306156640775 2.974039881548316e-08 0.05337451119938254 0.028772560600933035 0.02460192953216308 1.8737309231386077 0.03155245768278493 0.021822053516597613 0.036534198693873386 0.0365341986938517 0.36777609200544753 2.9253758537687355
1060.0 13.64692836102882 -5.474249584593647 65.61227260033475 -458635.786113565 2.9834946366755126e-05 33.481553645761835 26.592495299516383 31.680000840639863 98.71319913784782 371.408314230513 400.000000000001 -0.007988236464209084 1.5343056747978217 1.8015528051219811 0.020571271717246587 40.471737431697115 2.979138128297469e-08 0.05400922327766518 0.029133195032009666 0.024876007173589846 1.9006975452695563 0.03197532178923923 0.022033901488425947 0.03696029703237864 0.03696029703237079 0.36345751473548243 2.928967940734117
1070.0 13.659179660509903 -5.481211767387951 65.9390040468428 -458301.8091604331 2.998749862161553e-05 33.619516937472326 26.62030546775454 31.793599291057443 98.25776947583495 370.63296518972714 400.000000000001 -0.008156594996859261 1.5530906012457528 1.825917646414883 0.021004517589064704 40.80019733068985 2.984179149716143e-08 0.05464719429353791 0.029495931345649623 0.0251512418699594 1.9278659073729707 0.03240113325870633 0.02224606103483158 0.03738850759261873 0.03738850759261675 0.3592167804292684 2.932585142662209
1080.0 13.671505044357552 -5.488213519588857 66.26416766112942 -457966.8087104026 3.0142587168055233e-05 33.75910727701617 26.64816564766062 31.90867847614841 97.79860098949166 369.85085332726453 400.000000000001 -0.008327161172089828 1.571981312927622 1.8504288008677567 0.021442203309246646 41.128490524961066 2.989162252032438e-08 0.05528845642865582 0.029860790197687594 0.025427645147086085 1.955236962952567 0.03282992187804201 0.022458534550613807 0.03781885386479279 0.03781885386479481 0.3550517570390208 2.9362275754787577
1090.0 13.683905749950656 -5.495254763906411 66.58781043053891 -457630.77312477655 3.0300288179261996e-05 33.90037107246094 26.67607940308335 32.025284809912804 97.33562962223627 369.06186876145114 400.000000000001 -0.008499953741196099 1.5909788317978704 1.8750862625481401 0.02188433818242246 41.45666037428788 2.994086731298698e-08 0.05593304343893119 0.03022779305318437 0.02570522929581511 1.9828116892115626 0.033261717717981025 0.022671325720950163 0.03825136030583892 0.03825136030583935 0.3509603883481992 2.9398953665381895
1100.0 13.696383051606258 -5.5023354299655765 66.90997859572917 -457293.69037392223 3.0460680744541642e-05 34.04335626300686 26.704050169729054 32.14346620578973 96.86878942124716 368.2658973103354 400.000000000001 -0.008674991883243745 1.6100842238326383 1.8998900572171207 0.022330930671950466 41.78474452282194 2.9989518863879874e-08 0.056580990741461765 0.030596962222371654 0.025984007423005995 2.010591097290119 0.0336965511708996 0.022884439570562166 0.03868605239491484 0.038686052394920484 0.3469406906374526 2.943588654340697
1110.0 13.708938262021949 -5.509455454315498 67.23071769826811 -456955.5480226673 3.062384703516623e-05 34.18811242731239 26.73208127502405 32.26327217366307 96.39801247471914 367.4628203617259 400.000000000001 -0.008852295227546965 1.6292986023361793 1.9248402536493168 0.022781988279465024 42.112775099325525 3.003757031677102e-08 0.057232335507584435 0.03096832090035763 0.026263993504880706 2.038576243193035 0.034134453317868685 0.023097882189715757 0.039122956692503236 0.03912295669251751 0.3429907493939204 2.9473075889169476
1120.0 13.721572733800032 -5.516614780447674 67.55007262749075 -456616.333214527 3.0789872483290584e-05 34.334690896090336 26.7601759580262 32.38475392056734 95.92322881257073 366.6525147326413 400.000000000001 -0.00903188387763083 1.64862313151737 1.9499369755229945 0.023237517425366 42.440778930242196 3.008501509393788e-08 0.057887116762485334 0.031341893210801545 0.026545202442959104 2.0667682394066733 0.03457545907343061 0.023311657689054736 0.039562100903343424 0.03956210090336834 0.3391087163496843 2.9510523315094748
1130.0 13.73428786105812 -5.523813358823208 67.86808766673329 -456276.0326547006 3.0958845964871604e-05 34.48314487033669 26.78833738941943 32.507964456458645 95.44436634056778 365.8348525177792 400.000000000001 -0.00921377843679308 1.6680590303479277 1.9751804138780498 0.023697523330137707 42.768777764483175 3.0131847016103455e-08 0.058545375491831794 0.031717704253828055 0.026827650122776582 2.095168267207157 0.03501960166813263 0.02352577382369917 0.040003513943492636 0.040003513943529884 0.33529280655285615 2.954823054773385
1140.0 13.747085081132473 -5.531051146909409 68.18480653906693 -455934.63259176654 3.11308600219288e-05 34.63352955848428 26.81656869162553 32.63295871834154 94.96135074413573 365.0097009264034 400.000000000001 -0.009398000035389887 1.6876075767146934 2.0005708401427356 0.02416200989652062 43.09678850888483 3.017806041871202e-08 0.05920715475591032 0.03209578015843896 0.027111353475610323 2.123777589665161 0.035466909714671424 0.023740245041238915 0.04044722601179376 0.04044722601184514 0.33154129519471226 2.95861994477195
1150.0 13.759965876379542 -5.5383281092260095 68.50027245264626 -455592.11879800446 3.1306010997482033e-05 34.785902268911606 26.84487295906784 32.75979364917869 94.47410539759176 364.1769221071023 400.000000000001 -0.009584570359965208 1.7072701118790892 2.026108619732917 0.02463097959250036 43.42482347337111 3.0223650264465247e-08 0.05987249981177413 0.03247614813969399 0.027396330543445938 2.1525975653556846 0.03591740532828867 0.023955094483485474 0.040893268666047616 0.04089326866611451 0.32785251661424364 2.962443193990241
1160.0 13.772931776082126 -5.545644217401314 68.81452814578931 -455248.4765482657 3.14843995540486e-05 34.94032270577256 26.873253278622514 32.88852847954142 93.9825512559784 363.33637295977854 400.000000000001 -0.009773511684356579 1.7270480452580597 2.0517942262311384 0.025104433335057495 43.752890624938786 3.02686122520816e-08 0.06054145824393607 0.032858836560948915 0.027682600547432344 2.1816296627849505 0.03637110587717671 0.024170352366759375 0.041341674904208 0.04134167490429115 0.3242248558694818 2.9662930282188835
1170.0 13.785984358468351 -5.552999450238645 69.12761593191576 -454903.69059729873 3.166612983856922e-05 35.09685254004321 26.901712750294923 33.01922428388674 93.48660676338324 362.48790493407466 400.000000000001 -0.009964846902918968 1.7469428595421428 2.077628256156459 0.025582370374594866 44.08099384966705 3.0312942921280166e-08 0.061214080104180495 0.033243875001459464 0.02797018396008969 2.210875475550635 0.036828025702416736 0.02438605440176376 0.041792479250943315 0.041792479251042715 0.320656768141109 2.97016960795576
1180.0 13.799125252849088 -5.560393793793474 69.43957774445175 -454557.74515544844 3.18513137594971e-05 35.25555775148749 26.930254508159635 33.151946307148236 92.98618773235202 361.63136381356526 400.000000000001 -0.010158599566021494 1.7669561161672092 2.1036114443392546 0.026064788179940426 44.40913322201665 3.0356639754025334e-08 0.06189041806108875 0.033631294329667896 0.02825910258154826 2.2403367382550754 0.03728817798034608 0.024602240080742688 0.04224571784991825 0.042245717850039055 0.31714669643913906 2.9740733965851325
1190.0 13.812356141885044 -5.567827241461695 69.750455181842 -454210.62386260973 3.204005629255148e-05 35.416500583703765 26.958881741605882 33.28675590378364 92.48120723500074 360.7665894846867 400.000000000001 -0.010354793917987645 1.7870894611587462 2.129744679920125 0.026551682323751893 44.7373052807893 3.039970127210209e-08 0.06257052755994214 0.03402112678253569 0.02854937962011867 2.270015343196721 0.0377515770850578 0.02481895047488433 0.042701428562208696 0.04270142856235146 0.31369336290839556 2.9780037955781493
1200.0 13.825678763989874 -5.575299794079539 70.0602895527792 -453862.3097603413 3.2232511604889176e-05 35.57977059849017 26.98759771693151 33.42374157549535 91.97157497198054 359.8934156895243 400.000000000001 -0.010553454937638764 1.8073446313678463 2.1560290229948262 0.027043046368329052 45.0655033111413 3.044212713112356e-08 0.06325446699366417 0.03441340605124845 0.028841039777529304 2.2999133578679065 0.038218241204020724 0.02503622578964345 0.04315965107120223 0.04315965107141939 0.3102946944485567 2.9819641938720385
1210.0 13.839094916741608 -5.582811460047292 70.36912192724606 -453512.78525625804 3.242868141924307e-05 35.74533257052308 27.016405799595336 33.56286684835928 91.45682704657304 359.0116697035527 400.000000000001 -0.010754608382599909 1.8277234612896054 2.1824657221638115 0.02753887175411316 45.39371763685985 3.048391821164791e-08 0.06394229789107064 0.0348081673770767 0.029134109341315453 2.330033043571155 0.038688195065601665 0.02525410282546897 0.04362042699828789 0.0436204269985158 0.30695424482317496 2.9859312025299047
1220.0 13.852606700273405 -5.590370970823917 70.67612010824658 -453163.98180155153 3.263089487071478e-05 35.91403517759241 27.045311143668975 33.704978878842326 90.93246360970798 358.1182279722706 400.000000000001 -0.010958281105313175 1.8482279380021416 2.20905629875009 0.028039148543344786 45.72193718312952 3.052507686896127e-08 0.06463408667593586 0.03520544858053032 0.029428616914730983 2.3603769538452504 0.03916147325973235 0.025472613416203514 0.04408380106539467 0.044083801065583635 0.303661106086171 2.989951136076505
1230.0 13.866217311709367 -5.597988884292528 70.98027739305863 -452818.265900749 3.283976275404406e-05 36.08611225595239 27.074319664576915 33.85030939749485 90.39729422720708 357.2092489151664 400.000000000001 -0.01116450218636121 1.8688604030121911 2.235802858457545 0.02854386724124862 46.05015233860945 3.056560796705586e-08 0.06532991122346452 0.03560529378324043 0.029724596251336888 2.3909482852822843 0.03963811839452878 0.025691792828935738 0.044549825386864625 0.04454982538697855 0.30041444055560224 2.9940226201995754
1240.0 13.87992886025301 -5.605630187359818 71.2851539476835 -452467.7784527373 3.305041522561185e-05 36.260170997381145 27.103428973512806 33.997463426161936 89.86396468991384 356.2962973594497 400.000000000001 -0.011373300698882026 1.8896231546908866 2.262707571219212 0.02905301018797548 46.37834268911121 3.0605517819569285e-08 0.066029847808689 0.03600774550846906 0.030022081102891306 2.421750237451727 0.04011816988994364 0.025911677918745338 0.045018550694563994 0.04501855069458141 0.29721615970003334 2.9981308605370884
1250.0 13.893741232031324 -5.613267989204133 71.59347725060813 -452106.4354146103 3.325780547689005e-05 36.43471592011103 27.132637746793744 34.14494376123828 89.3450887873748 355.3884053446215 400.000000000001 -0.011584703914496737 1.9105181217360094 2.289772158872752 0.02956654999049249 46.706476299452184 3.064481227966478e-08 0.06673396038192322 0.03641283875776265 0.03032110041815207 2.452785456279679 0.04060165621796448 0.02613230416395873 0.04549001937779812 0.0454900193777117 0.29406942226091776 3.0022544945798826
1260.0 13.907652578153472 -5.6208835714079415 71.90714043397769 -451729.9514005976 3.345851347496211e-05 36.6087813385416 27.161945632128717 34.291783519442625 88.84956475894967 354.4920109439621 400.000000000001 -0.0117987372995116 1.931546856585639 2.316997819098972 0.03008445377556699 47.034517125047515 3.0683495877834764e-08 0.06744230033807053 0.0368206013325558 0.030621677790581035 2.484056000110552 0.04108859719456333 0.0263537031435072 0.04596426552399424 0.04596426552381106 0.2909720568459146 3.006398785127092
1270.0 13.921659879801648 -5.628466439324902 72.2272012073451 -451335.86269635695 3.3650430098788336e-05 36.7817360486403 27.191353217338254 34.43735083964987 88.3824738918465 353.61089154722106 400.000000000001 -0.012015424705850392 1.9527105655887027 2.344385208990431 0.03060668726025477 47.36243147123093 3.072157122108151e-08 0.0681549075202964 0.037231054801487314 0.03092383149470089 2.515563366038281 0.041579004992768204 0.026575902527528207 0.04644131574031245 0.04644131574005421 0.2879233640126615 3.0105617331232875
1280.0 13.935759535175347 -5.636014375400178 72.55388087157154 -450923.5503801442 3.383290551674066e-05 36.95336274011185 27.220862051514604 34.58142826006748 87.9450282425137 352.7460947986948 400.000000000001 -0.012234788710985791 1.974010167676962 2.3719344800443634 0.03113321835946057 47.69019317098866 3.075903866035229e-08 0.06887181218138927 0.03764421593502547 0.03122757501283043 2.547308564950145 0.04207288544586679 0.026798926735522473 0.04692119056722701 0.046921190566933696 0.28492234907144615 3.0147429711766573
1290.0 13.949947969340704 -5.643533494527305 72.8865634305232 -450494.26354562223 3.400676822485303e-05 37.12386184141134 27.25047472618032 34.724216469266295 87.53451684612047 351.8958670749904 400.000000000001 -0.012456851125023635 1.9954463845882575 2.3996453721450433 0.031664020249532576 48.01778746053725 3.079589627122424e-08 0.06959303799430441 0.03806009864776939 0.03153291810332654 2.5792922526007236 0.042570240344340336 0.02702279764996409 0.04740390654054658 0.047403906540267694 0.2819682804661858 3.0189409822374946
1300.0 13.964222268094817 -5.651038301529658 73.22379480872192 -450051.1426204961 3.417441160669459e-05 37.29389372850049 27.280195024535566 34.8663763538688 87.1442503112653 351.05557938012566 400.000000000001 -0.012681633684578029 2.017019865930782 2.4275173746316905 0.032199073803446346 48.34521353972204 3.083214019410602e-08 0.07031860620994843 0.038478716492133164 0.03183986846468373 2.611514924614934 0.043071070343831994 0.027247535866116446 0.047889478962238205 0.047889478962040134 0.27906005215696994 3.0231561542393695
1310.0 13.978580837034245 -5.658551750859333 73.56328218380271 -449599.242774316 3.433975462322265e-05 37.46455079545139 27.310028147444193 35.00900083234576 86.7635050116739 350.21765052736544 400.000000000001 -0.012909158954689137 2.0387313526385005 2.455549963105621 0.032738369309238714 48.67248581186183 3.086776538141044e-08 0.07104854106747924 0.038900085750905505 0.03214843405327342 2.643977183933295 0.04357537857590476 0.027473162491574478 0.04837792544484136 0.04837792544467559 0.2761979895279487 3.0273822525356584
1320.0 13.993024084904185 -5.666105308582313 73.90189342939918 -449145.55742268416 3.450863823689696e-05 37.63767302784275 27.339981024720576 35.15393010722072 86.37840229698887 349.371467615833 400.000000000001 -0.013139451459374913 2.060581882214147 2.483742920622028 0.03328190737318535 48.99963379328337 3.090276679888201e-08 0.0717828765560472 0.03932422917160497 0.03245862611072836 2.6766800891467386 0.044083175039178746 0.027699701516868458 0.04886927028913458 0.04886927028900297 0.2733708965670333 3.0316686800239774
1330.0 14.007554524252928 -5.673716986236918 74.23786361704161 -448694.1133868535 3.4683239382367735e-05 37.813870646353706 27.37005850772905 35.30177406055322 85.98294811307723 348.5107456308008 400.000000000001 -0.013372538384125443 2.0825729189346482 2.5120965858004864 0.03382969674345576 49.32669749228959 3.093714071999688e-08 0.07252166069686422 0.03975117804933773 0.032770461363152883 2.7096253933514514 0.044594478832025164 0.027927181864839064 0.0493635471327739 0.04936354713267498 0.2705822206204935 3.0359949254857375
1340.0 14.02217430878319 -5.681365566950104 74.57336355543958 -448240.1406786996 3.48614171235638e-05 37.99252561371423 27.400258258043625 35.45191431054822 85.58257531606287 347.6424156221065 400.000000000001 -0.013608447159013553 2.10470592607557 2.540611303166016 0.03438174412940194 49.65371189121758 3.09708837760213e-08 0.07326494155291427 0.040180963654828164 0.03308395660280515 2.742814854413315 0.04510930743386253 0.028155634119051733 0.049860789504146436 0.049860789504076714 0.26783407252158653 3.0403463962152952
1350.0 14.036885001030457 -5.6890510612930045 74.90842858881999 -447783.60672087996 3.504260302394181e-05 38.17347865862572 27.430581646436856 35.604191403818945 85.17866121325739 346.76633053774935 400.000000000001 -0.013847204927117383 2.1269822667182146 2.5692872548067847 0.03493805466910964 49.98070828282741 3.100399223484195e-08 0.07401276397234335 0.04061361553181046 0.03339912713409626 2.7762500625917905 0.045627675619088544 0.02838508835325481 0.050361028756320564 0.05036102875627453 0.2651274760933498 3.044713611356876
1360.0 14.05168818700751 -5.696773485428448 75.24309383699887 -447324.47835712595 3.522702384477253e-05 38.35687280170143 27.46102999080852 35.758748188080524 84.77116292277995 345.8823397563018 400.000000000001 -0.014088839189089703 2.1494033170729776 2.598124613620908 0.03549863431482578 50.307717889532384 3.103646235158677e-08 0.07476517328959104 0.04104916373531133 0.033715988236438274 2.8099326284981476 0.04614959881352501 0.02861557447606602 0.05086429655549859 0.05086429655546988 0.26245903688902095 3.0491093727926213
1370.0 14.066585500325068 -5.704532860932552 75.57739442230147 -446862.7215452517 3.541474112742306e-05 38.54275331088592 27.49160456639781 35.9156297599707 84.36001565517702 344.9902875755362 400.000000000001 -0.014333377834315705 2.1719704709795975 2.627123550915221 0.03606348995136838 50.63477202408978 3.1068290406002907e-08 0.07552221546924187 0.04148763892331827 0.03403455521642762 2.843864192867986 0.04667509316597094 0.028847122303270935 0.051370624981344634 0.05137062498132602 0.2598285348676335 3.0535307813048815
1380.0 14.081578624200219 -5.712329214876597 75.91136549938449 -446398.30132377293 3.560586581621871e-05 38.73119458746512 27.52230660927623 36.07491034937607 83.94515266094317 344.09001299528074 400.000000000001 -0.014580849147432313 2.1946851400443923 2.65628423808905 0.03663262943578922 50.961902136475416 3.1099472725746066e-08 0.07628393710596515 0.04192907236302794 0.03435484340153625 2.878046429315229 0.047204175232205756 0.029079761873759387 0.051880046531513194 0.05188004653149877 0.25723497922926697 3.057978958741247
1390.0 14.096669293576642 -5.7201625799165114 76.24504228562428 -445931.18177668704 3.5800501093192794e-05 38.92226667217869 27.553137319867314 36.23665982374536 83.52650514402289 343.1813494873235 400.000000000001 -0.014831281814937251 2.217548753797739 2.6856068484333218 0.03720606163870238 51.289139866030084 3.113000571000021e-08 0.07705038542375565 0.042373495937017745 0.034676868133180994 2.9124810473146 0.04773686094956196 0.02931352447419369 0.052392594126003104 0.05239259412598887 0.25467761078969 3.0624539701902025
1400.0 14.111859297361905 -5.728032994390405 76.57846009213594 -445461.32599631976 3.5998757994488496e-05 39.116044496189815 27.584097866493423 36.40095293714974 83.10400215898491 342.26412475150596 400.000000000001 -0.015084704931893974 2.2405627598727764 2.71509155904007 0.03778379648746893 51.61651709886162 3.115988585331636e-08 0.07782160827448663 0.042820942149383555 0.03500064475913861 2.9471697954153466 0.04827316542630375 0.029548442848182872 0.0529083011113382 0.052908301111322595 0.25215563675023844 3.066956178724479
1410.0 14.127150480798287 -5.735940502424462 76.91165435558767 -444988.6960439989 3.62007515679787e-05 39.31260560439571 27.61518938895318 36.567867051574744 82.67757053716593 341.33816045662115 400.000000000001 -0.015341148008745288 2.263728624208752 2.7447385528209773 0.03836584501146881 51.94406603055555 3.1189109769575206e-08 0.07859765413586475 0.04327144413193832 0.03532618862530233 2.9821144646935887 0.048813102890619284 0.029784551245245476 0.05342720126463241 0.0534272012646165 0.2496682994210424 3.071485885710911
1420.0 14.142544747967168 -5.743885154047731 77.24466067082474 -444513.2529085269 3.640660225179763e-05 39.51203099717436 27.64641300212729 36.737482976545955 82.24713477585084 340.40327196551584 400.000000000001 -0.015600640978242446 2.287047831278378 2.774548020628396 0.03895221938963108 52.27181923416905 3.1217674215978324e-08 0.07937857210874363 0.04372503565048823 0.03565351506671907 3.01731689244469 0.049356686693198336 0.030021885415545305 0.05394932879750951 0.05394932879749455 0.2472148572713605 3.076043426628238
1430.0 14.158044064442148 -5.751867005316267 77.57751482445468 -444034.95646222326 3.66164358967543e-05 39.71440515681806 27.677769799615398 36.90988499334097 81.8126169343237 339.4592680430603 400.000000000001 -0.01586321420247787 2.3105218843418998 2.804520163477091 0.03954293300047826 52.59980973357415 3.124557611699081e-08 0.08016441191386 0.04418175111126817 0.03598263939789029 3.052778966123281 0.0499039293671372 0.0302604825467228 0.054474718359916734 0.05447471835990284 0.24479458885543157 3.0806291469728824
1440.0 14.173650460101982 -5.759886118447154 77.91025282950528 -443553.76541436126 3.6830384162244826e-05 39.91981630019078 27.709260857405106 37.08516110532694 81.37393651501164 338.5059505455205 400.000000000001 -0.016128898480063655 2.33415230572945 2.8346551948638394 0.040138000474918334 52.92807108221007 3.12728125881657e-08 0.08095522388801754 0.04464162556759943 0.036313576902297966 3.0885026275376273 0.05045484291028746 0.030500380977730078 0.055003405043850345 0.055003405043837494 0.24240679103588886 3.085243408555329
1450.0 14.189366032106921 -5.7679425619630145 78.24291096120064 -443069.6372619163 3.7048584852748874e-05 40.12835659989472 27.74088723757126 37.263403256715286 80.93101036603163 337.54311409064366 400.000000000001 -0.01639772505342639 2.3579406371511418 2.8649533431794287 0.04073743775199448 53.25663744728138 3.1299380959783644e-08 0.08175105897967223 0.04510469472679422 0.03664634282108555 3.124489877302376 0.05100944001853984 0.03074161896113238 0.05553542438696614 0.05553542438695429 0.24005077841672057 3.089886589617006
1460.0 14.20519294806454 -5.776036410847627 78.57552579410017 -442582.52823724877 3.7271182303907094e-05 40.340122430728236 27.7726499920118 37.44470757651281 80.48375253752013 336.5705457059544 400.000000000001 -0.016669725616258887 2.3818884400396905 2.89541485421543 0.04134126213792349 53.58554369957599 3.13252788002667e-08 0.08255196874404239 0.04557099495743279 0.03698095234089086 3.1607427795637983 0.05156773719354872 0.030984231550493666 0.05607081237615809 0.056070812376147215 0.23772588268085346 3.0945590855253817
1470.0 14.221133449384315 -5.78416774671336 78.90813424060497 -442092.3932526881 3.749832778116978e-05 40.5552146275423 27.804550166216256 37.62917463378339 80.03207415316683 335.58802445473214 400.000000000001 -0.016944932321114124 2.4059972959233886 2.926039993758914 0.041949492368643544 53.91482550895499 3.1350503939314425e-08 0.08335800533763732 0.04604056329700831 0.03731742058072983 3.1972634670010587 0.05212974941375688 0.03122825592388044 0.05660960545103981 0.056609605451029665 0.23543145203746874 3.0992613090696026
1480.0 14.23718985484668 -5.792336657981151 79.2407735910714 -441599.1858416422 3.773017992536132e-05 40.773738772723036 27.836588803072857 37.816909722445565 79.5758832723262 334.59532103702213 400.000000000001 -0.01722337778717008 2.4302688068335687 2.956829050277464 0.04256214867622429 54.24451944573101 3.137505449073747e-08 0.08416922151229778 0.04651343746005615 0.03765576257790765 3.2340541461189307 0.0526954856123085 0.03147373589998928 0.05715184050739654 0.05715184050738717 0.2331668504713331 3.103993692050829
1490.0 14.253364564396888 -5.80054324007393 79.57348155563372 -441102.85809604474 3.796690522033052e-05 40.99580549639619 27.868766946714196 38.008023158704404 79.11508473284835 333.5921973642602 400.000000000001 -0.01750509510815764 2.454704595746615 2.987782337691789 0.04317925285943597 54.57466308809681 3.139892887496223e-08 0.08498567060870447 0.04698965584680878 0.0379959932728725 3.2711171028420374 0.05326494946234128 0.031720721146363186 0.05769755490058806 0.05769755490057939 0.23093145725886238 3.1087566855555107
1500.0 14.269660063180968 -5.808787595624299 79.90629630789846 -440603.3605998667 3.8208678485124756e-05 41.221530791222314 27.901085646403843 38.20263059298706 78.6495799926129 332.5784061052734 400.000000000001 -0.01779011786047196 2.479306307061769 3.0189001982352517 0.043800828358830535 54.90529513582847 3.1422125841191343e-08 0.08580740654934263 0.047469257552439525 0.03833812749293628 3.3084547084240223 0.053838143220803464 0.03196926332853917 0.058246786448903486 0.05824678644889564 0.2287246665661573 3.1135507596410994
1510.0 14.286078925849901 -5.8170698346975485 80.2392565307521 -440100.64235829236 3.8455683513874064e-05 41.45103643288325 27.933545960469708 38.40085342747978 78.17926697153104 331.5536902010797 400.000000000001 -0.018078480111486273 2.5040756071181933 3.0501830054034698 0.04442690033673862 55.236455530571035 3.1444644489221276e-08 0.08663448383097605 0.04795228237700512 0.03868217993480608 3.3460694256908123 0.054415071047031915 0.032219412783944135 0.05879957343691701 0.05879957343690974 0.2265458857505161 3.1183764119810577
1520.0 14.30262382114336 -5.825390075031045 80.57240146438959 -439594.6507223516 3.8708113323050037e-05 41.68445010479087 27.96614896028386 38.60281893779967 77.70403985342148 330.5177823463548 400.000000000001 -0.018370216428058164 2.5290141847501646 3.081631166991195 0.04505749576255256 55.56818558296503 3.14664842909136e-08 0.08746695751652571 0.04843877083610726 0.039028165145801375 3.383963815630949 0.05499574195571055 0.032471215560815156 0.059355954618788814 0.059355954618782306 0.2243945389537278 3.123234140891881
1530.0 14.319297516783509 -5.8337484422912 80.90577095684279 -439085.3313085425 3.896617206926397e-05 41.92190675001525 27.998895734295964 38.808661621794236 77.22378889130069 329.4704044344586 400.000000000001 -0.018665361885255548 2.5541237518840463 3.1132451282210183 0.045692643503762786 55.900528107017465 3.14876451113384e-08 0.08830488322639607 0.04892876417239035 0.039376097503682414 3.422140544356294 0.055580172447393696 0.03272471077900238 0.05991596922155888 0.05991596922155344 0.2222700520102206 3.1281245466297696
1540.0 14.33610288470425 -5.842145070349339 81.23940551724064 -438572.6279130386 3.923007102755765e-05 42.16354550932079 28.031787392125217 39.018520134354205 76.73840021008071 328.4112669628249 400.000000000001 -0.018963952075319503 2.5794060441788806 3.145025374966585 0.04633237442323479 56.23352756213443 3.15081272296124e-08 0.08914831712922057 0.049422304367956756 0.039725991194980576 3.460602390455591 0.05616838859871017 0.03297992853051039 0.06047965694843424 0.060479656948429536 0.22017190488247862 3.1330479642106672
1550.0 14.353042906637107 -5.850580101577887 81.57334637199428 -438056.4824201279 3.950004690560956e-05 42.4095233712264 28.06482506871365 39.23255093415557 76.24775559227444 327.3400683958073 400.000000000001 -0.01926602311685749 2.6048628217103538 3.176972437070841 0.04697672148321963 56.56723020325363 3.152793135945849e-08 0.08999731593192116 0.049919434157743706 0.04007786019168101 3.499352252762306 0.05676042214104704 0.03323689379087412 0.061047057982023076 0.06104705798201929 0.2180994371857586 3.1380058294589506
1560.0 14.370120814450361 -5.859053696980668 81.90763648160191 -437536.8323910631 3.9776340493689735e-05 42.659997340365166 28.098009969848228 39.450910391443244 75.75172689256453 326.2564796255115 400.00000000000006 -0.019571612226944465 2.630495897091197 3.209086948921909 0.047625722413223374 56.90168667422384 3.154705917798699e-08 0.09085193736390165 0.05042019785709658 0.040431717907842876 3.5383933118274737 0.05735633532025865 0.03349560204364305 0.0616182134785478 0.06161821347854503 0.21605226627781432 3.1429978258667237
1570.0 14.38733988781152 -5.867566021432185 82.24231909638773 -437013.6145470806 4.005920946436187e-05 42.91513661772372 28.131343309548754 39.67376705452723 75.25018407621349 325.160166345033 400.00000000000006 -0.019880756875690235 2.6563070942857654 3.2413695631964767 0.048279415860262395 57.2369483336218 3.1565512559660817e-08 0.09171223943628107 0.05092464014023669 0.04078757768036437 3.577728798871525 0.05795618554031985 0.03375605389596125 0.06219316483080762 0.06219316483080584 0.21402988368735473 3.148024585475275
1580.0 14.404703294322072 -5.876117231184547 82.57743672729488 -436486.76755835966 4.034889770132163e-05 43.17510133692892 28.164826275053734 39.90128044953851 74.7430015500427 324.05080654120803 400.00000000000006 -0.020193494003510854 2.6822982125658554 3.273820887390393 0.04893783832976114 57.57306468549905 3.1583292937684696e-08 0.092578279625906 0.05143280492297849 0.04114545307027829 3.617361821823079 0.05856002335220464 0.03401825627370139 0.06277195295114396 0.06277195295114307 0.21203178962486707 3.1530865681564846
1590.0 14.422214201583547 -5.8847074824898815 82.91303188526663 -435956.23009508074 4.0645649088264814e-05 43.440051631607716 28.19846005360175 40.13361010260818 74.23005372087376 322.9280782008736 400.00000000000006 -0.020509860550822444 2.7084710512032713 3.3064415289995184 0.04960102632714413 57.91008523390728 3.1600401745263425e-08 0.09345011540962332 0.05194473612113655 0.04150535763861753 3.657295488610765 0.059167899306887144 0.03428221610273622 0.0633546187518984 0.06335461875189825 0.2100574843008391 3.158184233782242
1600.0 14.439875777197472 -5.893336931600316 83.24914708124632 -435421.94082742423 4.094970750888718e-05 43.71014763538709 28.232245832431385 40.37091553986735 73.71121499552822 321.7916593108667 400.00000000000006 -0.020829893458041128 2.7348274094698173 3.3392320955197112 0.050269016357835934 58.24805948289817 3.1616840415601804e-08 0.09432780426427995 0.05246047765052542 0.041867304946414975 3.6975329071632124 0.05977986395534149 0.03454794030893849 0.06394120314541252 0.06394120314541289 0.20810646792575854 3.1633180422244354
