#T volume alpha alpha_xx alpha_yy alpha_zz alpha_yz alpha_zy alpha_xz alpha_zx alpha_xy alpha_yx
0.0  12.717130   0.0000e+00  -2.7873e-08  -2.7873e-08  -2.7873e-08   2.1062e-09   2.1062e-09   2.1062e-09   2.1062e-09   2.1062e-09   2.1062e-09
10.0  12.717169   3.6996e-07   3.7003e-07   3.7003e-07   3.7003e-07  -2.9497e-08  -2.9497e-08  -2.9497e-08  -2.9497e-08  -2.9497e-08  -2.9497e-08
20.0  12.717517   1.5948e-06   1.5950e-06   1.5950e-06   1.5950e-06  -1.2760e-07  -1.2760e-07  -1.2760e-07  -1.2760e-07  -1.2760e-07  -1.2760e-07
30.0  12.718460   3.4063e-06   3.4069e-06   3.4069e-06   3.4069e-06  -2.7415e-07  -2.7415e-07  -2.7415e-07  -2.7415e-07  -2.7415e-07  -2.7415e-07
40.0  12.720138   5.3830e-06   5.3839e-06   5.3839e-06   5.3839e-06  -4.3774e-07  -4.3774e-07  -4.3774e-07  -4.3774e-07  -4.3774e-07  -4.3774e-07
50.0  12.722556   7.2615e-06   7.2628e-06   7.2628e-06   7.2628e-06  -5.9917e-07  -5.9917e-07  -5.9917e-07  -5.9917e-07  -5.9917e-07  -5.9917e-07
60.0  12.725656   8.9405e-06   8.9421e-06   8.9421e-06   8.9421e-06  -7.5127e-07  -7.5127e-07  -7.5127e-07  -7.5127e-07  -7.5127e-07  -7.5127e-07
70.0  12.729356   1.0406e-05   1.0408e-05   1.0408e-05   1.0408e-05  -8.9302e-07  -8.9302e-07  -8.9302e-07  -8.9302e-07  -8.9302e-07  -8.9302e-07
80.0  12.733578   1.1674e-05   1.1676e-05   1.1676e-05   1.1676e-05  -1.0254e-06  -1.0254e-06  -1.0254e-06  -1.0254e-06  -1.0254e-06  -1.0254e-06
90.0  12.738254   1.2772e-05   1.2774e-05   1.2774e-05   1.2774e-05  -1.1498e-06  -1.1498e-06  -1.1498e-06  -1.1498e-06  -1.1498e-06  -1.1498e-06
100.0  12.743321   1.3723e-05   1.3725e-05   1.3725e-05   1.3725e-05  -1.2676e-06  -1.2676e-06  -1.2676e-06  -1.2676e-06  -1.2676e-06  -1.2676e-06
110.0  12.748731   1.4551e-05   1.4553e-05   1.4553e-05   1.4553e-05  -1.3797e-06  -1.3797e-06  -1.3797e-06  -1.3797e-06  -1.3797e-06  -1.3797e-06
120.0  12.754438   1.5274e-05   1.5277e-05   1.5277e-05   1.5277e-05  -1.4870e-06  -1.4870e-06  -1.4870e-06  -1.4870e-06  -1.4870e-06  -1.4870e-06
130.0  12.760408   1.5909e-05   1.5912e-05   1.5912e-05   1.5912e-05  -1.5901e-06  -1.5901e-06  -1.5901e-06  -1.5901e-06  -1.5901e-06  -1.5901e-06
140.0  12.766609   1.6469e-05   1.6472e-05   1.6472e-05   1.6472e-05  -1.6894e-06  -1.6894e-06  -1.6894e-06  -1.6894e-06  -1.6894e-06  -1.6894e-06
150.0  12.773015   1.6966e-05   1.6969e-05   1.6969e-05   1.6969e-05  -1.7854e-06  -1.7854e-06  -1.7854e-06  -1.7854e-06  -1.7854e-06  -1.7854e-06
160.0  12.779605   1.7409e-05   1.7412e-05   1.7412e-05   1.7412e-05  -1.8782e-06  -1.8782e-06  -1.8782e-06  -1.8782e-06  -1.8782e-06  -1.8782e-06
170.0  12.786359   1.7806e-05   1.7810e-05   1.7810e-05   1.7810e-05  -1.9682e-06  -1.9682e-06  -1.9682e-06  -1.9682e-06  -1.9682e-06  -1.9682e-06
180.0  12.793261   1.8164e-05   1.8168e-05   1.8168e-05   1.8168e-05  -2.0555e-06  -2.0555e-06  -2.0555e-06  -2.0555e-06  -2.0555e-06  -2.0555e-06
190.0  12.800297   1.8489e-05   1.8492e-05   1.8492e-05   1.8492e-05  -2.1402e-06  -2.1402e-06  -2.1402e-06  -2.1402e-06  -2.1402e-06  -2.1402e-06
200.0  12.807457   1.8784e-05   1.8788e-05   1.8788e-05   1.8788e-05  -2.2225e-06  -2.2225e-06  -2.2225e-06  -2.2225e-06  -2.2225e-06  -2.2225e-06
210.0  12.814729   1.9055e-05   1.9058e-05   1.9058e-05   1.9058e-05  -2.3023e-06  -2.3023e-06  -2.3023e-06  -2.3023e-06  -2.3023e-06  -2.3023e-06
220.0  12.822105   1.9304e-05   1.9307e-05   1.9307e-05   1.9307e-05  -2.3798e-06  -2.3798e-06  -2.3798e-06  -2.3798e-06  -2.3798e-06  -2.3798e-06
230.0  12.829578   1.9534e-05   1.9538e-05   1.9538e-05   1.9538e-05  -2.4551e-06  -2.4551e-06  -2.4551e-06  -2.4551e-06  -2.4551e-06  -2.4551e-06
240.0  12.837140   1.9749e-05   1.9752e-05   1.9752e-05   1.9752e-05  -2.5280e-06  -2.5280e-06  -2.5280e-06  -2.5280e-06  -2.5280e-06  -2.5280e-06
250.0  12.844787   1.9949e-05   1.9952e-05   1.9952e-05   1.9952e-05  -2.5987e-06  -2.5987e-06  -2.5987e-06  -2.5987e-06  -2.5987e-06  -2.5987e-06
260.0  12.852513   2.0137e-05   2.0140e-05   2.0140e-05   2.0140e-05  -2.6671e-06  -2.6671e-06  -2.6671e-06  -2.6671e-06  -2.6671e-06  -2.6671e-06
270.0  12.860314   2.0314e-05   2.0317e-05   2.0317e-05   2.0317e-05  -2.7333e-06  -2.7333e-06  -2.7333e-06  -2.7333e-06  -2.7333e-06  -2.7333e-06
280.0  12.868187   2.0482e-05   2.0485e-05   2.0485e-05   2.0485e-05  -2.7973e-06  -2.7973e-06  -2.7973e-06  -2.7973e-06  -2.7973e-06  -2.7973e-06
290.0  12.876127   2.0642e-05   2.0644e-05   2.0644e-05   2.0644e-05  -2.8589e-06  -2.8589e-06  -2.8589e-06  -2.8589e-06  -2.8589e-06  -2.8589e-06
300.0  12.884133   2.0794e-05   2.0797e-05   2.0797e-05   2.0797e-05  -2.9183e-06  -2.9183e-06  -2.9183e-06  -2.9183e-06  -2.9183e-06  -2.9183e-06
310.0  12.892202   2.0940e-05   2.0943e-05   2.0943e-05   2.0943e-05  -2.9753e-06  -2.9753e-06  -2.9753e-06  -2.9753e-06  -2.9753e-06  -2.9753e-06
320.0  12.900331   2.1081e-05   2.1083e-05   2.1083e-05   2.1083e-05  -3.0300e-06  -3.0300e-06  -3.0300e-06  -3.0300e-06  -3.0300e-06  -3.0300e-06
330.0  12.908518   2.1217e-05   2.1219e-05   2.1219e-05   2.1219e-05  -3.0823e-06  -3.0823e-06  -3.0823e-06  -3.0823e-06  -3.0823e-06  -3.0823e-06
340.0  12.916763   2.1348e-05   2.1350e-05   2.1350e-05   2.1350e-05  -3.1322e-06  -3.1322e-06  -3.1322e-06  -3.1322e-06  -3.1322e-06  -3.1322e-06
350.0  12.925063   2.1476e-05   2.1478e-05   2.1478e-05   2.1478e-05  -3.1796e-06  -3.1796e-06  -3.1796e-06  -3.1796e-06  -3.1796e-06  -3.1796e-06
360.0  12.933417   2.1600e-05   2.1602e-05   2.1602e-05   2.1602e-05  -3.2245e-06  -3.2245e-06  -3.2245e-06  -3.2245e-06  -3.2245e-06  -3.2245e-06
370.0  12.941824   2.1722e-05   2.1723e-05   2.1723e-05   2.1723e-05  -3.2668e-06  -3.2668e-06  -3.2668e-06  -3.2668e-06  -3.2668e-06  -3.2668e-06
380.0  12.950284   2.1841e-05   2.1842e-05   2.1842e-05   2.1842e-05  -3.3066e-06  -3.3066e-06  -3.3066e-06  -3.3066e-06  -3.3066e-06  -3.3066e-06
390.0  12.958795   2.1958e-05   2.1959e-05   2.1959e-05   2.1959e-05  -3.3437e-06  -3.3437e-06  -3.3437e-06  -3.3437e-06  -3.3437e-06  -3.3437e-06
400.0  12.967357   2.2073e-05   2.2073e-05   2.2073e-05   2.2073e-05  -3.3781e-06  -3.3781e-06  -3.3781e-06  -3.3781e-06  -3.3781e-06  -3.3781e-06
410.0  12.975968   2.2186e-05   2.2186e-05   2.2186e-05   2.2186e-05  -3.4097e-06  -3.4097e-06  -3.4097e-06  -3.4097e-06  -3.4097e-06  -3.4097e-06
420.0  12.984630   2.2298e-05   2.2298e-05   2.2298e-05   2.2298e-05  -3.4385e-06  -3.4385e-06  -3.4385e-06  -3.4385e-06  -3.4385e-06  -3.4385e-06
430.0  12.993340   2.2409e-05   2.2409e-05   2.2409e-05   2.2409e-05  -3.4644e-06  -3.4644e-06  -3.4644e-06  -3.4644e-06  -3.4644e-06  -3.4644e-06
440.0  13.002100   2.2519e-05   2.2518e-05   2.2518e-05   2.2518e-05  -3.4873e-06  -3.4873e-06  -3.4873e-06  -3.4873e-06  -3.4873e-06  -3.4873e-06
450.0  13.010908   2.2628e-05   2.2627e-05   2.2627e-05   2.2627e-05  -3.5073e-06  -3.5073e-06  -3.5073e-06  -3.5073e-06  -3.5073e-06  -3.5073e-06
460.0  13.019765   2.2737e-05   2.2736e-05   2.2736e-05   2.2736e-05  -3.5241e-06  -3.5241e-06  -3.5241e-06  -3.5241e-06  -3.5241e-06  -3.5241e-06
470.0  13.028670   2.2845e-05   2.2843e-05   2.2843e-05   2.2843e-05  -3.5377e-06  -3.5377e-06  -3.5377e-06  -3.5377e-06  -3.5377e-06  -3.5377e-06
480.0  13.037623   2.2953e-05   2.2951e-05   2.2951e-05   2.2951e-05  -3.5481e-06  -3.5481e-06  -3.5481e-06  -3.5481e-06  -3.5481e-06  -3.5481e-06
490.0  13.046624   2.3060e-05   2.3058e-05   2.3058e-05   2.3058e-05  -3.5552e-06  -3.5552e-06  -3.5552e-06  -3.5552e-06  -3.5552e-06  -3.5552e-06
500.0  13.055674   2.3168e-05   2.3165e-05   2.3165e-05   2.3165e-05  -3.5589e-06  -3.5589e-06  -3.5589e-06  -3.5589e-06  -3.5589e-06  -3.5589e-06
510.0  13.064773   2.3275e-05   2.3273e-05   2.3273e-05   2.3273e-05  -3.5591e-06  -3.5591e-06  -3.5591e-06  -3.5591e-06  -3.5591e-06  -3.5591e-06
520.0  13.073919   2.3383e-05   2.3380e-05   2.3380e-05   2.3380e-05  -3.5556e-06  -3.5556e-06  -3.5556e-06  -3.5556e-06  -3.5556e-06  -3.5556e-06
530.0  13.083115   2.3491e-05   2.3488e-05   2.3488e-05   2.3488e-05  -3.5485e-06  -3.5485e-06  -3.5485e-06  -3.5485e-06  -3.5485e-06  -3.5485e-06
540.0  13.092360   2.3599e-05   2.3596e-05   2.3596e-05   2.3596e-05  -3.5377e-06  -3.5377e-06  -3.5377e-06  -3.5377e-06  -3.5377e-06  -3.5377e-06
550.0  13.101653   2.3708e-05   2.3705e-05   2.3705e-05   2.3705e-05  -3.5229e-06  -3.5229e-06  -3.5229e-06  -3.5229e-06  -3.5229e-06  -3.5229e-06
560.0  13.110996   2.3817e-05   2.3814e-05   2.3814e-05   2.3814e-05  -3.5042e-06  -3.5042e-06  -3.5042e-06  -3.5042e-06  -3.5042e-06  -3.5042e-06
570.0  13.120389   2.3927e-05   2.3923e-05   2.3923e-05   2.3923e-05  -3.4814e-06  -3.4814e-06  -3.4814e-06  -3.4814e-06  -3.4814e-06  -3.4814e-06
580.0  13.129832   2.4038e-05   2.4033e-05   2.4033e-05   2.4033e-05  -3.4544e-06  -3.4544e-06  -3.4544e-06  -3.4544e-06  -3.4544e-06  -3.4544e-06
590.0  13.139326   2.4149e-05   2.4145e-05   2.4145e-05   2.4145e-05  -3.4231e-06  -3.4231e-06  -3.4231e-06  -3.4231e-06  -3.4231e-06  -3.4231e-06
600.0  13.148871   2.4261e-05   2.4256e-05   2.4256e-05   2.4256e-05  -3.3874e-06  -3.3874e-06  -3.3874e-06  -3.3874e-06  -3.3874e-06  -3.3874e-06
610.0  13.158466   2.4374e-05   2.4369e-05   2.4369e-05   2.4369e-05  -3.3471e-06  -3.3471e-06  -3.3471e-06  -3.3471e-06  -3.3471e-06  -3.3471e-06
620.0  13.168114   2.4488e-05   2.4483e-05   2.4483e-05   2.4483e-05  -3.3022e-06  -3.3022e-06  -3.3022e-06  -3.3022e-06  -3.3022e-06  -3.3022e-06
630.0  13.177814   2.4603e-05   2.4598e-05   2.4598e-05   2.4598e-05  -3.2524e-06  -3.2524e-06  -3.2524e-06  -3.2524e-06  -3.2524e-06  -3.2524e-06
640.0  13.187567   2.4719e-05   2.4714e-05   2.4714e-05   2.4714e-05  -3.1977e-06  -3.1977e-06  -3.1977e-06  -3.1977e-06  -3.1977e-06  -3.1977e-06
650.0  13.197373   2.4836e-05   2.4831e-05   2.4831e-05   2.4831e-05  -3.1380e-06  -3.1380e-06  -3.1380e-06  -3.1380e-06  -3.1380e-06  -3.1380e-06
660.0  13.207233   2.4954e-05   2.4949e-05   2.4949e-05   2.4949e-05  -3.0729e-06  -3.0729e-06  -3.0729e-06  -3.0729e-06  -3.0729e-06  -3.0729e-06
670.0  13.217148   2.5074e-05   2.5069e-05   2.5069e-05   2.5069e-05  -3.0026e-06  -3.0026e-06  -3.0026e-06  -3.0026e-06  -3.0026e-06  -3.0026e-06
680.0  13.227118   2.5195e-05   2.5190e-05   2.5190e-05   2.5190e-05  -2.9266e-06  -2.9266e-06  -2.9266e-06  -2.9266e-06  -2.9266e-06  -2.9266e-06
690.0  13.237144   2.5317e-05   2.5312e-05   2.5312e-05   2.5312e-05  -2.8450e-06  -2.8450e-06  -2.8450e-06  -2.8450e-06  -2.8450e-06  -2.8450e-06
700.0  13.247226   2.5441e-05   2.5436e-05   2.5436e-05   2.5436e-05  -2.7575e-06  -2.7575e-06  -2.7575e-06  -2.7575e-06  -2.7575e-06  -2.7575e-06
710.0  13.257365   2.5566e-05   2.5561e-05   2.5561e-05   2.5561e-05  -2.6640e-06  -2.6640e-06  -2.6640e-06  -2.6640e-06  -2.6640e-06  -2.6640e-06
720.0  13.267563   2.5693e-05   2.5688e-05   2.5688e-05   2.5688e-05  -2.5642e-06  -2.5642e-06  -2.5642e-06  -2.5642e-06  -2.5642e-06  -2.5642e-06
730.0  13.277819   2.5821e-05   2.5816e-05   2.5816e-05   2.5816e-05  -2.4578e-06  -2.4578e-06  -2.4578e-06  -2.4578e-06  -2.4578e-06  -2.4578e-06
740.0  13.288133   2.5939e-05   2.5934e-05   2.5934e-05   2.5934e-05  -2.3446e-06  -2.3446e-06  -2.3446e-06  -2.3446e-06  -2.3446e-06  -2.3446e-06
750.0  13.298498   2.6043e-05   2.6039e-05   2.6039e-05   2.6039e-05  -2.2284e-06  -2.2284e-06  -2.2284e-06  -2.2284e-06  -2.2284e-06  -2.2284e-06
760.0  13.308913   2.6144e-05   2.6140e-05   2.6140e-05   2.6140e-05  -2.1130e-06  -2.1130e-06  -2.1130e-06  -2.1130e-06  -2.1130e-06  -2.1130e-06
770.0  13.319376   2.6247e-05   2.6242e-05   2.6242e-05   2.6242e-05  -1.9985e-06  -1.9985e-06  -1.9985e-06  -1.9985e-06  -1.9985e-06  -1.9985e-06
780.0  13.329888   2.6350e-05   2.6346e-05   2.6346e-05   2.6346e-05  -1.8850e-06  -1.8850e-06  -1.8850e-06  -1.8850e-06  -1.8850e-06  -1.8850e-06
790.0  13.340451   2.6455e-05   2.6451e-05   2.6451e-05   2.6451e-05  -1.7725e-06  -1.7725e-06  -1.7725e-06  -1.7725e-06  -1.7725e-06  -1.7725e-06
800.0  13.351063   2.6560e-05   2.6557e-05   2.6557e-05   2.6557e-05  -1.6610e-06  -1.6610e-06  -1.6610e-06  -1.6610e-06  -1.6610e-06  -1.6610e-06
810.0  13.361727   2.6667e-05   2.6663e-05   2.6663e-05   2.6663e-05  -1.5506e-06  -1.5506e-06  -1.5506e-06  -1.5506e-06  -1.5506e-06  -1.5506e-06
820.0  13.372443   2.6775e-05   2.6772e-05   2.6772e-05   2.6772e-05  -1.4414e-06  -1.4414e-06  -1.4414e-06  -1.4414e-06  -1.4414e-06  -1.4414e-06
830.0  13.383210   2.6884e-05   2.6881e-05   2.6881e-05   2.6881e-05  -1.3333e-06  -1.3333e-06  -1.3333e-06  -1.3333e-06  -1.3333e-06  -1.3333e-06
840.0  13.394031   2.6995e-05   2.6992e-05   2.6992e-05   2.6992e-05  -1.2265e-06  -1.2265e-06  -1.2265e-06  -1.2265e-06  -1.2265e-06  -1.2265e-06
850.0  13.404904   2.7106e-05   2.7104e-05   2.7104e-05   2.7104e-05  -1.1210e-06  -1.1210e-06  -1.1210e-06  -1.1210e-06  -1.1210e-06  -1.1210e-06
860.0  13.415832   2.7219e-05   2.7217e-05   2.7217e-05   2.7217e-05  -1.0167e-06  -1.0167e-06  -1.0167e-06  -1.0167e-06  -1.0167e-06  -1.0167e-06
870.0  13.426815   2.7334e-05   2.7332e-05   2.7332e-05   2.7332e-05  -9.1390e-07  -9.1390e-07  -9.1390e-07  -9.1390e-07  -9.1390e-07  -9.1390e-07
880.0  13.437853   2.7450e-05   2.7448e-05   2.7448e-05   2.7448e-05  -8.1249e-07  -8.1249e-07  -8.1249e-07  -8.1249e-07  -8.1249e-07  -8.1249e-07
890.0  13.448947   2.7567e-05   2.7566e-05   2.7566e-05   2.7566e-05  -7.1257e-07  -7.1257e-07  -7.1257e-07  -7.1257e-07  -7.1257e-07  -7.1257e-07
900.0  13.460098   2.7686e-05   2.7685e-05   2.7685e-05   2.7685e-05  -6.1419e-07  -6.1419e-07  -6.1419e-07  -6.1419e-07  -6.1419e-07  -6.1419e-07
910.0  13.471307   2.7807e-05   2.7805e-05   2.7805e-05   2.7805e-05  -5.1741e-07  -5.1741e-07  -5.1741e-07  -5.1741e-07  -5.1741e-07  -5.1741e-07
920.0  13.482574   2.7929e-05   2.7928e-05   2.7928e-05   2.7928e-05  -4.2230e-07  -4.2230e-07  -4.2230e-07  -4.2230e-07  -4.2230e-07  -4.2230e-07
930.0  13.493900   2.8052e-05   2.8052e-05   2.8052e-05   2.8052e-05  -3.2891e-07  -3.2891e-07  -3.2891e-07  -3.2891e-07  -3.2891e-07  -3.2891e-07
940.0  13.505286   2.8178e-05   2.8177e-05   2.8177e-05   2.8177e-05  -2.3730e-07  -2.3730e-07  -2.3730e-07  -2.3730e-07  -2.3730e-07  -2.3730e-07
950.0  13.516733   2.8305e-05   2.8305e-05   2.8305e-05   2.8305e-05  -1.4755e-07  -1.4755e-07  -1.4755e-07  -1.4755e-07  -1.4755e-07  -1.4755e-07
960.0  13.528242   2.8434e-05   2.8434e-05   2.8434e-05   2.8434e-05  -5.9729e-08  -5.9729e-08  -5.9729e-08  -5.9729e-08  -5.9729e-08  -5.9729e-08
970.0  13.539813   2.8565e-05   2.8565e-05   2.8565e-05   2.8565e-05   2.6102e-08   2.6102e-08   2.6102e-08   2.6102e-08   2.6102e-08   2.6102e-08
980.0  13.551448   2.8698e-05   2.8698e-05   2.8698e-05   2.8698e-05   1.0986e-07   1.0986e-07   1.0986e-07   1.0986e-07   1.0986e-07   1.0986e-07
990.0  13.563147   2.8832e-05   2.8833e-05   2.8833e-05   2.8833e-05   1.9148e-07   1.9148e-07   1.9148e-07   1.9148e-07   1.9148e-07   1.9148e-07
1000.0  13.574911   2.8969e-05   2.8970e-05   2.8970e-05   2.8970e-05   2.7088e-07   2.7088e-07   2.7088e-07   2.7088e-07   2.7088e-07   2.7088e-07
1010.0  13.586742   2.9108e-05   2.9109e-05   2.9109e-05   2.9109e-05   3.4796e-07   3.4796e-07   3.4796e-07   3.4796e-07   3.4796e-07   3.4796e-07
1020.0  13.598641   2.9249e-05   2.9250e-05   2.9250e-05   2.9250e-05   4.2266e-07   4.2266e-07   4.2266e-07   4.2266e-07   4.2266e-07   4.2266e-07
1030.0  13.610607   2.9392e-05   2.9393e-05   2.9393e-05   2.9393e-05   4.9487e-07   4.9487e-07   4.9487e-07   4.9487e-07   4.9487e-07   4.9487e-07
1040.0  13.622643   2.9537e-05   2.9539e-05   2.9539e-05   2.9539e-05   5.6451e-07   5.6451e-07   5.6451e-07   5.6451e-07   5.6451e-07   5.6451e-07
1050.0  13.634750   2.9685e-05   2.9687e-05   2.9687e-05   2.9687e-05   6.3147e-07   6.3147e-07   6.3147e-07   6.3147e-07   6.3147e-07   6.3147e-07
1060.0  13.646928   2.9835e-05   2.9837e-05   2.9837e-05   2.9837e-05   6.9566e-07   6.9566e-07   6.9566e-07   6.9566e-07   6.9566e-07   6.9566e-07
1070.0  13.659180   2.9988e-05   2.9989e-05   2.9989e-05   2.9989e-05   7.5698e-07   7.5698e-07   7.5698e-07   7.5698e-07   7.5698e-07   7.5698e-07
1080.0  13.671505   3.0143e-05   3.0145e-05   3.0145e-05   3.0145e-05   8.1530e-07   8.1530e-07   8.1530e-07   8.1530e-07   8.1530e-07   8.1530e-07
1090.0  13.683906   3.0300e-05   3.0302e-05   3.0302e-05   3.0302e-05   8.7053e-07   8.7053e-07   8.7053e-07   8.7053e-07   8.7053e-07   8.7053e-07
1100.0  13.696383   3.0461e-05   3.0463e-05   3.0463e-05   3.0463e-05   9.2253e-07   9.2253e-07   9.2253e-07   9.2253e-07   9.2253e-07   9.2253e-07
1110.0  13.708938   3.0624e-05   3.0626e-05   3.0626e-05   3.0626e-05   9.7119e-07   9.7119e-07   9.7119e-07   9.7119e-07   9.7119e-07   9.7119e-07
1120.0  13.721573   3.0790e-05   3.0792e-05   3.0792e-05   3.0792e-05   1.0164e-06   1.0164e-06   1.0164e-06   1.0164e-06   1.0164e-06   1.0164e-06
1130.0  13.734288   3.0959e-05   3.0961e-05   3.0961e-05   3.0961e-05   1.0579e-06   1.0579e-06   1.0579e-06   1.0579e-06   1.0579e-06   1.0579e-06
1140.0  13.747085   3.1131e-05   3.1133e-05   3.1133e-05   3.1133e-05   1.0958e-06   1.0958e-06   1.0958e-06   1.0958e-06   1.0958e-06   1.0958e-06
1150.0  13.759966   3.1306e-05   3.1308e-05   3.1308e-05   3.1308e-05   1.1297e-06   1.1297e-06   1.1297e-06   1.1297e-06   1.1297e-06   1.1297e-06
1160.0  13.772932   3.1484e-05   3.1487e-05   3.1487e-05   3.1487e-05   1.1595e-06   1.1595e-06   1.1595e-06   1.1595e-06   1.1595e-06   1.1595e-06
1170.0  13.785985   3.1666e-05   3.1669e-05   3.1669e-05   3.1669e-05   1.1852e-06   1.1852e-06   1.1852e-06   1.1852e-06   1.1852e-06   1.1852e-06
1180.0  13.799125   3.1851e-05   3.1854e-05   3.1854e-05   3.1854e-05   1.2064e-06   1.2064e-06   1.2064e-06   1.2064e-06   1.2064e-06   1.2064e-06
1190.0  13.812356   3.2040e-05   3.2042e-05   3.2042e-05   3.2042e-05   1.2231e-06   1.2231e-06   1.2231e-06   1.2231e-06   1.2231e-06   1.2231e-06
1200.0  13.825679   3.2233e-05   3.2235e-05   3.2235e-05   3.2235e-05   1.2350e-06   1.2350e-06   1.2350e-06   1.2350e-06   1.2350e-06   1.2350e-06
1210.0  13.839095   3.2429e-05   3.2431e-05   3.2431e-05   3.2431e-05   1.2419e-06   1.2419e-06   1.2419e-06   1.2419e-06   1.2419e-06   1.2419e-06
1220.0  13.852607   3.2629e-05   3.2631e-05   3.2631e-05   3.2631e-05   1.2437e-06   1.2437e-06   1.2437e-06   1.2437e-06   1.2437e-06   1.2437e-06
1230.0  13.866216   3.2833e-05   3.2835e-05   3.2835e-05   3.2835e-05   1.2401e-06   1.2401e-06   1.2401e-06   1.2401e-06   1.2401e-06   1.2401e-06
1240.0  13.879924   3.3042e-05   3.3044e-05   3.3044e-05   3.3044e-05   1.2309e-06   1.2309e-06   1.2309e-06   1.2309e-06   1.2309e-06   1.2309e-06
1250.0  13.893733   3.3254e-05   3.3256e-05   3.3256e-05   3.3256e-05   1.2158e-06   1.2158e-06   1.2158e-06   1.2158e-06   1.2158e-06   1.2158e-06
1260.0  13.907646   3.3473e-05   3.3474e-05   3.3474e-05   3.3474e-05   1.1946e-06   1.1946e-06   1.1946e-06   1.1946e-06   1.1946e-06   1.1946e-06
1270.0  13.921662   3.3671e-05   3.3672e-05   3.3672e-05   3.3672e-05   1.1666e-06   1.1666e-06   1.1666e-06   1.1666e-06   1.1666e-06   1.1666e-06
1280.0  13.935767   3.3837e-05   3.3839e-05   3.3839e-05   3.3839e-05   1.1343e-06   1.1343e-06   1.1343e-06   1.1343e-06   1.1343e-06   1.1343e-06
1290.0  13.949954   3.4000e-05   3.4001e-05   3.4001e-05   3.4001e-05   1.1003e-06   1.1003e-06   1.1003e-06   1.1003e-06   1.1003e-06   1.1003e-06
1300.0  13.964226   3.4167e-05   3.4168e-05   3.4168e-05   3.4168e-05   1.0647e-06   1.0647e-06   1.0647e-06   1.0647e-06   1.0647e-06   1.0647e-06
1310.0  13.978582   3.4336e-05   3.4337e-05   3.4337e-05   3.4337e-05   1.0275e-06   1.0275e-06   1.0275e-06   1.0275e-06   1.0275e-06   1.0275e-06
1320.0  13.993024   3.4508e-05   3.4509e-05   3.4509e-05   3.4509e-05   9.8851e-07   9.8851e-07   9.8851e-07   9.8851e-07   9.8851e-07   9.8851e-07
1330.0  14.007555   3.4683e-05   3.4684e-05   3.4684e-05   3.4684e-05   9.4775e-07   9.4775e-07   9.4775e-07   9.4775e-07   9.4775e-07   9.4775e-07
1340.0  14.022174   3.4861e-05   3.4862e-05   3.4862e-05   3.4862e-05   9.0514e-07   9.0514e-07   9.0514e-07   9.0514e-07   9.0514e-07   9.0514e-07
1350.0  14.036885   3.5043e-05   3.5043e-05   3.5043e-05   3.5043e-05   8.6063e-07   8.6063e-07   8.6063e-07   8.6063e-07   8.6063e-07   8.6063e-07
1360.0  14.051688   3.5227e-05   3.5227e-05   3.5227e-05   3.5227e-05   8.1414e-07   8.1414e-07   8.1414e-07   8.1414e-07   8.1414e-07   8.1414e-07
1370.0  14.066586   3.5415e-05   3.5415e-05   3.5415e-05   3.5415e-05   7.6562e-07   7.6562e-07   7.6562e-07   7.6562e-07   7.6562e-07   7.6562e-07
1380.0  14.081579   3.5606e-05   3.5606e-05   3.5606e-05   3.5606e-05   7.1499e-07   7.1499e-07   7.1499e-07   7.1499e-07   7.1499e-07   7.1499e-07
1390.0  14.096669   3.5801e-05   3.5800e-05   3.5800e-05   3.5800e-05   6.6218e-07   6.6218e-07   6.6218e-07   6.6218e-07   6.6218e-07   6.6218e-07
1400.0  14.111859   3.5999e-05   3.5999e-05   3.5999e-05   3.5999e-05   6.0711e-07   6.0711e-07   6.0711e-07   6.0711e-07   6.0711e-07   6.0711e-07
1410.0  14.127151   3.6201e-05   3.6201e-05   3.6201e-05   3.6201e-05   5.4970e-07   5.4970e-07   5.4970e-07   5.4970e-07   5.4970e-07   5.4970e-07
1420.0  14.142545   3.6407e-05   3.6406e-05   3.6406e-05   3.6406e-05   4.8988e-07   4.8988e-07   4.8988e-07   4.8988e-07   4.8988e-07   4.8988e-07
1430.0  14.158044   3.6616e-05   3.6616e-05   3.6616e-05   3.6616e-05   4.2754e-07   4.2754e-07   4.2754e-07   4.2754e-07   4.2754e-07   4.2754e-07
1440.0  14.173651   3.6830e-05   3.6830e-05   3.6830e-05   3.6830e-05   3.6260e-07   3.6260e-07   3.6260e-07   3.6260e-07   3.6260e-07   3.6260e-07
1450.0  14.189366   3.7049e-05   3.7048e-05   3.7048e-05   3.7048e-05   2.9496e-07   2.9496e-07   2.9496e-07   2.9496e-07   2.9496e-07   2.9496e-07
1460.0  14.205193   3.7271e-05   3.7271e-05   3.7271e-05   3.7271e-05   2.2453e-07   2.2453e-07   2.2453e-07   2.2453e-07   2.2453e-07   2.2453e-07
1470.0  14.221134   3.7498e-05   3.7498e-05   3.7498e-05   3.7498e-05   1.5119e-07   1.5119e-07   1.5119e-07   1.5119e-07   1.5119e-07   1.5119e-07
1480.0  14.237190   3.7730e-05   3.7730e-05   3.7730e-05   3.7730e-05   7.4829e-08   7.4829e-08   7.4829e-08   7.4829e-08   7.4829e-08   7.4829e-08
1490.0  14.253365   3.7967e-05   3.7966e-05   3.7966e-05   3.7966e-05  -4.6650e-09  -4.6650e-09  -4.6650e-09  -4.6650e-09  -4.6650e-09  -4.6650e-09
1500.0  14.269660   3.8209e-05   3.8208e-05   3.8208e-05   3.8208e-05  -8.7417e-08  -8.7417e-08  -8.7417e-08  -8.7417e-08  -8.7417e-08  -8.7417e-08
1510.0  14.286079   3.8456e-05   3.8455e-05   3.8455e-05   3.8455e-05  -1.7356e-07  -1.7356e-07  -1.7356e-07  -1.7356e-07  -1.7356e-07  -1.7356e-07
1520.0  14.302624   3.8708e-05   3.8708e-05   3.8708e-05   3.8708e-05  -2.6323e-07  -2.6323e-07  -2.6323e-07  -2.6323e-07  -2.6323e-07  -2.6323e-07
1530.0  14.319298   3.8966e-05   3.8966e-05   3.8966e-05   3.8966e-05  -3.5656e-07  -3.5656e-07  -3.5656e-07  -3.5656e-07  -3.5656e-07  -3.5656e-07
1540.0  14.336103   3.9230e-05   3.9230e-05   3.9230e-05   3.9230e-05  -4.5372e-07  -4.5372e-07  -4.5372e-07  -4.5372e-07  -4.5372e-07  -4.5372e-07
1550.0  14.353043   3.9500e-05   3.9500e-05   3.9500e-05   3.9500e-05  -5.5487e-07  -5.5487e-07  -5.5487e-07  -5.5487e-07  -5.5487e-07  -5.5487e-07
1560.0  14.370121   3.9776e-05   3.9776e-05   3.9776e-05   3.9776e-05  -6.6017e-07  -6.6017e-07  -6.6017e-07  -6.6017e-07  -6.6017e-07  -6.6017e-07
1570.0  14.387340   4.0059e-05   4.0059e-05   4.0059e-05   4.0059e-05  -7.6980e-07  -7.6980e-07  -7.6980e-07  -7.6980e-07  -7.6980e-07  -7.6980e-07
1580.0  14.404703   4.0349e-05   4.0349e-05   4.0349e-05   4.0349e-05  -8.8395e-07  -8.8395e-07  -8.8395e-07  -8.8395e-07  -8.8395e-07  -8.8395e-07
1590.0  14.422214   4.0646e-05   4.0645e-05   4.0645e-05   4.0645e-05  -1.0028e-06  -1.0028e-06  -1.0028e-06  -1.0028e-06  -1.0028e-06  -1.0028e-06
1600.0  14.439876   4.0950e-05   4.0950e-05   4.0950e-05   4.0950e-05  -1.1266e-06  -1.1266e-06  -1.1266e-06  -1.1266e-06  -1.1266e-06  -1.1266e-06
