#T volume alpha alpha_xx alpha_yy alpha_zz alpha_yz alpha_zy alpha_xz alpha_zx alpha_xy alpha_yx
0.0  13.410085   0.0000e+00   1.5910e-08   1.5910e-08   1.5910e-08  -1.5695e-25  -1.5695e-25   1.5695e-25  -1.5695e-25   1.5695e-25   1.5695e-25
10.0  13.410086   6.7242e-10   6.7242e-10   6.7242e-10   6.7242e-10  -5.3770e-27  -5.3770e-27   5.3770e-27  -5.3770e-27   5.3770e-27   5.3770e-27
20.0  13.410094   5.1465e-08   5.1465e-08   5.1465e-08   5.1465e-08  -6.4397e-26  -6.4397e-26   6.4397e-26  -6.4397e-26   6.4397e-26   6.4397e-26
30.0  13.410150   2.7373e-07   2.7373e-07   2.7373e-07   2.7373e-07  -1.8459e-23  -2.9073e-23   3.9688e-23  -2.6035e-24   2.9073e-23   2.6035e-24
40.0  13.410350   7.6235e-07   7.6235e-07   7.6235e-07   7.6235e-07  -2.0120e-23  -2.0120e-23   2.0120e-23  -2.0120e-23   2.0120e-23   2.0120e-23
50.0  13.410791   1.4536e-06   1.4536e-06   1.4536e-06   1.4536e-06   1.1460e-23   1.1460e-23  -1.1460e-23   1.1460e-23  -1.1460e-23  -1.1460e-23
60.0  13.411534   2.2496e-06   2.2496e-06   2.2496e-06   2.2496e-06   6.8988e-23   6.8988e-23  -6.8988e-23   6.8988e-23  -6.8988e-23  -6.8988e-23
70.0  13.412605   3.0774e-06   3.0774e-06   3.0774e-06   3.0774e-06   3.6393e-23   3.6393e-23  -3.6393e-23   3.6393e-23  -3.6393e-23  -3.6393e-23
80.0  13.414009   3.8916e-06   3.8916e-06   3.8916e-06   3.8916e-06   4.0669e-23   4.0669e-23  -4.0669e-23   4.0669e-23  -4.0669e-23  -4.0669e-23
90.0  13.415732   4.6663e-06   4.6663e-06   4.6663e-06   4.6663e-06  -1.9104e-22  -1.9104e-22   1.9104e-22  -1.9104e-22   1.9104e-22   1.9104e-22
100.0  13.417758   5.3880e-06   5.3880e-06   5.3880e-06   5.3880e-06  -9.8090e-23  -9.8090e-23   9.8090e-23  -9.8090e-23   9.8090e-23   9.8090e-23
110.0  13.420062   6.0512e-06   6.0512e-06   6.0512e-06   6.0512e-06  -2.8370e-24  -2.8370e-24   2.8370e-24  -2.8370e-24   2.8370e-24   2.8370e-24
120.0  13.422622   6.6550e-06   6.6550e-06   6.6550e-06   6.6550e-06  -1.9827e-22  -1.9827e-22   1.9827e-22  -1.9827e-22   1.9827e-22   1.9827e-22
130.0  13.425414   7.2015e-06   7.2015e-06   7.2015e-06   7.2015e-06  -4.0755e-22  -2.6319e-22   9.6586e-22   1.6033e-22   1.1102e-21  -1.6033e-22
140.0  13.428416   7.6945e-06   7.6945e-06   7.6945e-06   7.6945e-06  -6.5475e-22  -9.5299e-22   1.2512e-21  -1.0596e-22   9.5299e-22   1.0596e-22
150.0  13.431607   8.1384e-06   8.1384e-06   8.1384e-06   8.1384e-06  -2.1118e-22  -2.1118e-22   2.1118e-22  -2.1118e-22   2.1118e-22   2.1118e-22
160.0  13.434969   8.5381e-06   8.5381e-06   8.5381e-06   8.5381e-06   1.1883e-22   1.1883e-22  -1.1883e-22   1.1883e-22  -1.1883e-22  -1.1883e-22
170.0  13.438484   8.8982e-06   8.8982e-06   8.8982e-06   8.8982e-06   3.3238e-22  -1.2433e-23   3.5725e-22  -8.5947e-22   1.2433e-23  -8.3460e-22
180.0  13.442139   9.2230e-06   9.2230e-06   9.2230e-06   9.2230e-06   1.8536e-22   1.8536e-22  -1.8536e-22   1.8536e-22  -1.8536e-22  -1.8536e-22
190.0  13.445919   9.5166e-06   9.5166e-06   9.5166e-06   9.5166e-06  -1.2309e-22  -1.2309e-22   1.2309e-22  -1.2309e-22   1.2309e-22   1.2309e-22
200.0  13.449813   9.7826e-06   9.7826e-06   9.7826e-06   9.7826e-06  -3.3720e-22  -3.3720e-22   3.3720e-22  -3.3720e-22   3.3720e-22   3.3720e-22
210.0  13.453810   1.0024e-05   1.0024e-05   1.0024e-05   1.0024e-05  -1.5589e-22  -1.5589e-22   1.5589e-22  -1.5589e-22   1.5589e-22   1.5589e-22
220.0  13.457902   1.0244e-05   1.0244e-05   1.0244e-05   1.0244e-05   2.6877e-22   2.6877e-22  -2.6877e-22   2.6877e-22  -2.6877e-22  -2.6877e-22
230.0  13.462080   1.0445e-05   1.0445e-05   1.0445e-05   1.0445e-05   2.2485e-22   2.2485e-22  -2.2485e-22   2.2485e-22  -2.2485e-22  -2.2485e-22
240.0  13.466336   1.0630e-05   1.0630e-05   1.0630e-05   1.0630e-05  -2.8512e-24  -2.8512e-24   2.8512e-24  -2.8512e-24   2.8512e-24   2.8512e-24
250.0  13.470666   1.0799e-05   1.0799e-05   1.0799e-05   1.0799e-05  -4.7290e-23  -4.7290e-23   4.7290e-23  -4.7290e-23   4.7290e-23   4.7290e-23
260.0  13.475063   1.0955e-05   1.0955e-05   1.0955e-05   1.0955e-05  -1.0980e-22  -1.0980e-22   1.0980e-22  -1.0980e-22   1.0980e-22   1.0980e-22
270.0  13.479522   1.1100e-05   1.1100e-05   1.1100e-05   1.1100e-05   3.1974e-22   3.1974e-22  -3.1974e-22   3.1974e-22  -3.1974e-22  -3.1974e-22
280.0  13.484039   1.1234e-05   1.1234e-05   1.1234e-05   1.1234e-05   7.9462e-22   1.2068e-21   7.5083e-23  -4.8727e-22   4.8727e-22  -3.5977e-22
290.0  13.488610   1.1359e-05   1.1359e-05   1.1359e-05   1.1359e-05   3.4731e-22   3.4731e-22  -3.4731e-22   3.4731e-22  -3.4731e-22  -3.4731e-22
300.0  13.493231   1.1476e-05   1.1476e-05   1.1476e-05   1.1476e-05   3.0701e-22   3.0701e-22  -3.0701e-22   3.0701e-22  -3.0701e-22  -3.0701e-22
310.0  13.497900   1.1586e-05   1.1586e-05   1.1586e-05   1.1586e-05   3.4568e-22   3.4568e-22  -3.4568e-22   3.4568e-22  -3.4568e-22  -3.4568e-22
320.0  13.502613   1.1688e-05   1.1688e-05   1.1688e-05   1.1688e-05  -3.2219e-22  -3.2219e-22   3.2219e-22  -3.2219e-22   3.2219e-22   3.2219e-22
330.0  13.507369   1.1785e-05   1.1785e-05   1.1785e-05   1.1785e-05   1.9863e-22   1.9863e-22  -1.9863e-22   1.9863e-22  -1.9863e-22  -1.9863e-22
340.0  13.512164   1.1877e-05   1.1877e-05   1.1877e-05   1.1877e-05  -6.7580e-23  -6.7580e-23   6.7580e-23  -6.7580e-23   6.7580e-23   6.7580e-23
350.0  13.516997   1.1964e-05   1.1964e-05   1.1964e-05   1.1964e-05  -2.4836e-22  -2.4836e-22   2.4836e-22  -2.4836e-22   2.4836e-22   2.4836e-22
360.0  13.521866   1.2046e-05   1.2046e-05   1.2046e-05   1.2046e-05   3.9537e-22   7.7657e-22   5.3631e-22  -9.1750e-22   9.1750e-22  -7.7657e-22
370.0  13.526770   1.2125e-05   1.2125e-05   1.2125e-05   1.2125e-05  -2.6408e-22  -2.6408e-22   2.6408e-22  -2.6408e-22   2.6408e-22   2.6408e-22
380.0  13.531706   1.2200e-05   1.2200e-05   1.2200e-05   1.2200e-05   4.5310e-23   4.5310e-23  -4.5310e-23   4.5310e-23  -4.5310e-23  -4.5310e-23
390.0  13.536675   1.2272e-05   1.2272e-05   1.2272e-05   1.2272e-05   6.1753e-23   6.1753e-23  -6.1753e-23   6.1753e-23  -6.1753e-23  -6.1753e-23
400.0  13.541673   1.2341e-05   1.2341e-05   1.2341e-05   1.2341e-05   1.3759e-22   1.3759e-22  -1.3759e-22   1.3759e-22  -1.3759e-22  -1.3759e-22
410.0  13.546702   1.2408e-05   1.2408e-05   1.2408e-05   1.2408e-05  -6.9037e-22  -3.2287e-22   1.6494e-21  -3.2287e-22   2.0169e-21   3.2287e-22
420.0  13.551758   1.2472e-05   1.2472e-05   1.2472e-05   1.2472e-05  -2.6995e-22  -2.6995e-22   2.6995e-22  -2.6995e-22   2.6995e-22   2.6995e-22
430.0  13.556842   1.2534e-05   1.2534e-05   1.2534e-05   1.2534e-05   2.5164e-23   2.5164e-23  -2.5164e-23   2.5164e-23  -2.5164e-23  -2.5164e-23
440.0  13.561953   1.2594e-05   1.2594e-05   1.2594e-05   1.2594e-05  -2.6926e-22  -2.6926e-22   2.6926e-22  -2.6926e-22   2.6926e-22   2.6926e-22
450.0  13.567090   1.2652e-05   1.2652e-05   1.2652e-05   1.2652e-05   4.0494e-22   4.0494e-22  -4.0494e-22   4.0494e-22  -4.0494e-22  -4.0494e-22
460.0  13.572253   1.2709e-05   1.2709e-05   1.2709e-05   1.2709e-05   7.2998e-24   7.2998e-24  -7.2998e-24   7.2998e-24  -7.2998e-24  -7.2998e-24
470.0  13.577440   1.2764e-05   1.2764e-05   1.2764e-05   1.2764e-05  -1.9934e-22  -1.9934e-22   1.9934e-22  -1.9934e-22   1.9934e-22   1.9934e-22
480.0  13.582651   1.2818e-05   1.2818e-05   1.2818e-05   1.2818e-05   2.0048e-22   2.0048e-22  -2.0048e-22   2.0048e-22  -2.0048e-22  -2.0048e-22
490.0  13.587886   1.2871e-05   1.2871e-05   1.2871e-05   1.2871e-05  -3.1159e-22  -3.1159e-22   3.1159e-22  -3.1159e-22   3.1159e-22   3.1159e-22
500.0  13.593144   1.2922e-05   1.2922e-05   1.2922e-05   1.2922e-05   2.9823e-23   2.9823e-23  -2.9823e-23   2.9823e-23  -2.9823e-23  -2.9823e-23
510.0  13.598425   1.2973e-05   1.2973e-05   1.2973e-05   1.2973e-05  -6.6094e-23  -6.6094e-23   6.6094e-23  -6.6094e-23   6.6094e-23   6.6094e-23
520.0  13.603729   1.3023e-05   1.3022e-05   1.3022e-05   1.3022e-05   2.2722e-22   2.2722e-22  -2.2722e-22   2.2722e-22  -2.2722e-22  -2.2722e-22
530.0  13.609054   1.3071e-05   1.3071e-05   1.3071e-05   1.3071e-05  -2.9251e-22  -2.9251e-22   2.9251e-22  -2.9251e-22   2.9251e-22   2.9251e-22
540.0  13.614402   1.3119e-05   1.3119e-05   1.3119e-05   1.3119e-05  -2.4290e-22  -2.4290e-22   2.4290e-22  -2.4290e-22   2.4290e-22   2.4290e-22
550.0  13.619771   1.3166e-05   1.3166e-05   1.3166e-05   1.3166e-05   3.5670e-22   3.5670e-22  -3.5670e-22   3.5670e-22  -3.5670e-22  -3.5670e-22
560.0  13.625161   1.3213e-05   1.3213e-05   1.3213e-05   1.3213e-05   2.4100e-22   2.4100e-22  -2.4100e-22   2.4100e-22  -2.4100e-22  -2.4100e-22
570.0  13.630572   1.3259e-05   1.3259e-05   1.3259e-05   1.3259e-05   2.5913e-22   2.5913e-22  -2.5913e-22   2.5913e-22  -2.5913e-22  -2.5913e-22
580.0  13.636005   1.3305e-05   1.3305e-05   1.3305e-05   1.3305e-05  -1.7181e-22  -1.7181e-22   1.7181e-22  -1.7181e-22   1.7181e-22   1.7181e-22
590.0  13.641458   1.3350e-05   1.3350e-05   1.3350e-05   1.3350e-05  -3.4028e-22  -3.4028e-22   3.4028e-22  -3.4028e-22   3.4028e-22   3.4028e-22
600.0  13.646931   1.3394e-05   1.3394e-05   1.3394e-05   1.3394e-05   5.6153e-22   8.9218e-22   4.7124e-22  -8.0189e-22   8.0189e-22  -8.9218e-22
610.0  13.652425   1.3439e-05   1.3438e-05   1.3438e-05   1.3438e-05  -4.9180e-22  -1.6279e-22   1.5278e-21  -1.6279e-22   1.8569e-21   1.6279e-22
620.0  13.657939   1.3482e-05   1.3482e-05   1.3482e-05   1.3482e-05  -3.8100e-22  -3.8100e-22   3.8100e-22  -3.8100e-22   3.8100e-22   3.8100e-22
630.0  13.663474   1.3526e-05   1.3526e-05   1.3526e-05   1.3526e-05  -1.7391e-22  -1.7391e-22   1.7391e-22  -1.7391e-22   1.7391e-22   1.7391e-22
640.0  13.669028   1.3569e-05   1.3569e-05   1.3569e-05   1.3569e-05   3.9460e-22   3.9460e-22  -3.9460e-22   3.9460e-22  -3.9460e-22  -3.9460e-22
650.0  13.674602   1.3612e-05   1.3612e-05   1.3612e-05   1.3612e-05  -6.4178e-22  -3.1918e-22   1.6906e-21  -3.1918e-22   2.0132e-21   3.1918e-22
660.0  13.680197   1.3655e-05   1.3655e-05   1.3655e-05   1.3655e-05  -3.3851e-23  -3.3851e-23   3.3851e-23  -3.3851e-23   3.3851e-23   3.3851e-23
670.0  13.685811   1.3698e-05   1.3698e-05   1.3698e-05   1.3698e-05  -2.6367e-23  -2.6367e-23   2.6367e-23  -2.6367e-23   2.6367e-23   2.6367e-23
680.0  13.691444   1.3740e-05   1.3740e-05   1.3740e-05   1.3740e-05  -1.9134e-22  -1.9134e-22   1.9134e-22  -1.9134e-22   1.9134e-22   1.9134e-22
690.0  13.697098   1.3783e-05   1.3783e-05   1.3783e-05   1.3783e-05  -2.0204e-22  -2.0204e-22   2.0204e-22  -2.0204e-22   2.0204e-22   2.0204e-22
700.0  13.702771   1.3825e-05   1.3825e-05   1.3825e-05   1.3825e-05  -3.2885e-22  -3.2885e-22   3.2885e-22  -3.2885e-22   3.2885e-22   3.2885e-22
710.0  13.708464   1.3867e-05   1.3867e-05   1.3867e-05   1.3867e-05  -9.1555e-23  -9.1555e-23   9.1555e-23  -9.1555e-23   9.1555e-23   9.1555e-23
720.0  13.714177   1.3909e-05   1.3909e-05   1.3909e-05   1.3909e-05  -1.8198e-23  -1.8198e-23   1.8198e-23  -1.8198e-23   1.8198e-23   1.8198e-23
730.0  13.719910   1.3951e-05   1.3951e-05   1.3951e-05   1.3951e-05   4.5625e-22   7.6638e-22   6.1755e-22  -9.2768e-22   9.2768e-22  -7.6638e-22
740.0  13.725662   1.3993e-05   1.3993e-05   1.3993e-05   1.3993e-05   2.4660e-22   2.4660e-22  -2.4660e-22   2.4660e-22  -2.4660e-22  -2.4660e-22
750.0  13.731434   1.4035e-05   1.4035e-05   1.4035e-05   1.4035e-05  -4.0655e-22  -4.0655e-22   4.0655e-22  -4.0655e-22   4.0655e-22   4.0655e-22
760.0  13.737225   1.4077e-05   1.4077e-05   1.4077e-05   1.4077e-05  -1.2184e-22  -1.2184e-22   1.2184e-22  -1.2184e-22   1.2184e-22   1.2184e-22
770.0  13.743037   1.4119e-05   1.4119e-05   1.4119e-05   1.4119e-05  -1.5113e-22  -1.5113e-22   1.5113e-22  -1.5113e-22   1.5113e-22   1.5113e-22
780.0  13.748868   1.4162e-05   1.4162e-05   1.4162e-05   1.4162e-05   2.8443e-22   2.8443e-22  -2.8443e-22   2.8443e-22  -2.8443e-22  -2.8443e-22
790.0  13.754719   1.4204e-05   1.4204e-05   1.4204e-05   1.4204e-05   4.5936e-24   4.5936e-24  -4.5936e-24   4.5936e-24  -4.5936e-24  -4.5936e-24
800.0  13.760590   1.4246e-05   1.4246e-05   1.4246e-05   1.4246e-05  -2.8305e-22  -2.8305e-22   2.8305e-22  -2.8305e-22   2.8305e-22   2.8305e-22
810.0  13.766481   1.4288e-05   1.4288e-05   1.4288e-05   1.4288e-05  -1.0979e-22  -1.0979e-22   1.0979e-22  -1.0979e-22   1.0979e-22   1.0979e-22
820.0  13.772392   1.4331e-05   1.4331e-05   1.4331e-05   1.4331e-05  -3.5310e-22  -3.5310e-22   3.5310e-22  -3.5310e-22   3.5310e-22   3.5310e-22
830.0  13.778323   1.4373e-05   1.4373e-05   1.4373e-05   1.4373e-05  -1.2944e-22  -1.2944e-22   1.2944e-22  -1.2944e-22   1.2944e-22   1.2944e-22
840.0  13.784274   1.4416e-05   1.4416e-05   1.4416e-05   1.4416e-05  -4.2537e-23  -4.2537e-23   4.2537e-23  -4.2537e-23   4.2537e-23   4.2537e-23
850.0  13.790246   1.4459e-05   1.4459e-05   1.4459e-05   1.4459e-05  -4.0186e-22  -4.0186e-22   4.0186e-22  -4.0186e-22   4.0186e-22   4.0186e-22
860.0  13.796238   1.4502e-05   1.4502e-05   1.4502e-05   1.4502e-05   6.3148e-22   9.2146e-22   4.8262e-22  -7.7260e-22   7.7260e-22  -9.2146e-22
870.0  13.802250   1.4545e-05   1.4545e-05   1.4545e-05   1.4545e-05  -1.4537e-22  -1.4537e-22   1.4537e-22  -1.4537e-22   1.4537e-22   1.4537e-22
880.0  13.808283   1.4588e-05   1.4588e-05   1.4588e-05   1.4588e-05  -1.2710e-22  -1.2710e-22   1.2710e-22  -1.2710e-22   1.2710e-22   1.2710e-22
890.0  13.814336   1.4632e-05   1.4632e-05   1.4632e-05   1.4632e-05  -7.0618e-23  -7.0618e-23   7.0618e-23  -7.0618e-23   7.0618e-23   7.0618e-23
900.0  13.820410   1.4675e-05   1.4675e-05   1.4675e-05   1.4675e-05   9.4293e-23   9.4293e-23  -9.4293e-23   9.4293e-23  -9.4293e-23  -9.4293e-23
910.0  13.826505   1.4719e-05   1.4719e-05   1.4719e-05   1.4719e-05  -2.2803e-22  -2.2803e-22   2.2803e-22  -2.2803e-22   2.2803e-22   2.2803e-22
920.0  13.832621   1.4763e-05   1.4763e-05   1.4763e-05   1.4763e-05   3.2122e-22   3.2122e-22  -3.2122e-22   3.2122e-22  -3.2122e-22  -3.2122e-22
930.0  13.838757   1.4803e-05   1.4803e-05   1.4803e-05   1.4803e-05  -1.4956e-22  -1.4956e-22   1.4956e-22  -1.4956e-22   1.4956e-22   1.4956e-22
940.0  13.844911   1.4838e-05   1.4838e-05   1.4838e-05   1.4838e-05   3.2760e-22   3.2760e-22  -3.2760e-22   3.2760e-22  -3.2760e-22  -3.2760e-22
950.0  13.851083   1.4871e-05   1.4871e-05   1.4871e-05   1.4871e-05   7.2617e-23   7.2617e-23  -7.2617e-23   7.2617e-23  -7.2617e-23  -7.2617e-23
960.0  13.857270   1.4903e-05   1.4903e-05   1.4903e-05   1.4903e-05  -1.5587e-22  -1.5587e-22   1.5587e-22  -1.5587e-22   1.5587e-22   1.5587e-22
970.0  13.863474   1.4936e-05   1.4936e-05   1.4936e-05   1.4936e-05  -2.4376e-22  -2.4376e-22   2.4376e-22  -2.4376e-22   2.4376e-22   2.4376e-22
980.0  13.869694   1.4969e-05   1.4969e-05   1.4969e-05   1.4969e-05  -5.6689e-22  -2.9383e-22   1.7148e-21  -2.9383e-22   1.9879e-21   2.9383e-22
990.0  13.875931   1.5002e-05   1.5002e-05   1.5002e-05   1.5002e-05   1.7396e-22   1.7396e-22  -1.7396e-22   1.7396e-22  -1.7396e-22  -1.7396e-22
1000.0  13.882184   1.5034e-05   1.5035e-05   1.5035e-05   1.5035e-05   2.4235e-23   2.4235e-23  -2.4235e-23   2.4235e-23  -2.4235e-23  -2.4235e-23
1010.0  13.888453   1.5067e-05   1.5068e-05   1.5068e-05   1.5068e-05   2.5110e-22   2.5110e-22  -2.5110e-22   2.5110e-22  -2.5110e-22  -2.5110e-22
1020.0  13.894739   1.5101e-05   1.5101e-05   1.5101e-05   1.5101e-05   2.9538e-22   2.9538e-22  -2.9538e-22   2.9538e-22  -2.9538e-22  -2.9538e-22
1030.0  13.901042   1.5134e-05   1.5134e-05   1.5134e-05   1.5134e-05  -4.2331e-22  -4.2331e-22   4.2331e-22  -4.2331e-22   4.2331e-22   4.2331e-22
1040.0  13.907362   1.5167e-05   1.5167e-05   1.5167e-05   1.5167e-05  -2.3405e-22  -2.3405e-22   2.3405e-22  -2.3405e-22   2.3405e-22   2.3405e-22
1050.0  13.913698   1.5201e-05   1.5201e-05   1.5201e-05   1.5201e-05  -2.0722e-22  -2.0722e-22   2.0722e-22  -2.0722e-22   2.0722e-22   2.0722e-22
1060.0  13.920052   1.5234e-05   1.5234e-05   1.5234e-05   1.5234e-05  -6.4378e-22  -3.8020e-22   1.8107e-21  -3.8020e-22   2.0743e-21   3.8020e-22
1070.0  13.926422   1.5268e-05   1.5268e-05   1.5268e-05   1.5268e-05  -4.9022e-22  -4.9022e-22   4.9022e-22  -4.9022e-22   4.9022e-22   4.9022e-22
1080.0  13.932809   1.5302e-05   1.5302e-05   1.5302e-05   1.5302e-05   3.2420e-22   3.2420e-22  -3.2420e-22   3.2420e-22  -3.2420e-22  -3.2420e-22
1090.0  13.939214   1.5336e-05   1.5336e-05   1.5336e-05   1.5336e-05  -2.1494e-22  -8.0201e-22   1.3891e-21  -8.0201e-22   8.0201e-22  -8.9206e-22
1100.0  13.945635   1.5370e-05   1.5370e-05   1.5370e-05   1.5370e-05  -1.1299e-22  -7.0127e-22   1.2896e-21  -7.0127e-22   7.0127e-22   7.0127e-22
1110.0  13.952074   1.5404e-05   1.5404e-05   1.5404e-05   1.5404e-05   1.2379e-22   1.2379e-22  -1.2379e-22   1.2379e-22  -1.2379e-22  -1.2379e-22
1120.0  13.958530   1.5438e-05   1.5439e-05   1.5439e-05   1.5439e-05   3.6836e-22   3.6836e-22  -3.6836e-22   3.6836e-22  -3.6836e-22  -3.6836e-22
1130.0  13.965004   1.5473e-05   1.5473e-05   1.5473e-05   1.5473e-05  -1.1193e-22  -1.1193e-22   1.1193e-22  -1.1193e-22   1.1193e-22   1.1193e-22
1140.0  13.971495   1.5508e-05   1.5508e-05   1.5508e-05   1.5508e-05  -6.6740e-22  -6.6740e-22   6.6740e-22  -6.6740e-22   6.6740e-22   6.6740e-22
1150.0  13.978004   1.5543e-05   1.5543e-05   1.5543e-05   1.5543e-05  -3.5130e-22  -3.5130e-22   3.5130e-22  -3.5130e-22   3.5130e-22   3.5130e-22
1160.0  13.984531   1.5578e-05   1.5578e-05   1.5578e-05   1.5578e-05  -1.9624e-22  -1.9624e-22   1.9624e-22  -1.9624e-22   1.9624e-22   1.9624e-22
1170.0  13.991075   1.5613e-05   1.5613e-05   1.5613e-05   1.5613e-05   2.1185e-22   2.1185e-22  -2.1185e-22   2.1185e-22  -2.1185e-22  -2.1185e-22
1180.0  13.997637   1.5649e-05   1.5649e-05   1.5649e-05   1.5649e-05  -7.9080e-22  -7.9080e-22   7.9080e-22  -7.9080e-22   7.9080e-22   7.9080e-22
1190.0  14.004218   1.5684e-05   1.5684e-05   1.5684e-05   1.5684e-05  -7.2056e-22  -7.2056e-22   7.2056e-22  -7.2056e-22   7.2056e-22   7.2056e-22
1200.0  14.010816   1.5720e-05   1.5720e-05   1.5720e-05   1.5720e-05  -1.2000e-21  -1.8008e-21   2.4015e-21  -1.0669e-22   1.8008e-21   1.0669e-22
1210.0  14.017433   1.5756e-05   1.5756e-05   1.5756e-05   1.5756e-05  -5.6975e-22  -5.6975e-22   5.6975e-22  -5.6975e-22   5.6975e-22   5.6975e-22
1220.0  14.024068   1.5792e-05   1.5793e-05   1.5793e-05   1.5793e-05  -8.0968e-22  -8.0968e-22   8.0968e-22  -8.0968e-22   8.0968e-22   8.0968e-22
1230.0  14.030721   1.5829e-05   1.5829e-05   1.5829e-05   1.5829e-05   5.7722e-22   5.7722e-22  -5.7722e-22   5.7722e-22  -5.7722e-22  -5.7722e-22
1240.0  14.037393   1.5866e-05   1.5866e-05   1.5866e-05   1.5866e-05   4.5937e-22   4.5937e-22  -4.5937e-22   4.5937e-22  -4.5937e-22  -4.5937e-22
1250.0  14.044084   1.5902e-05   1.5903e-05   1.5903e-05   1.5903e-05   6.5555e-22   4.8305e-23   5.5894e-22  -1.6458e-21  -4.8305e-23  -4.8305e-23
1260.0  14.050793   1.5940e-05   1.5940e-05   1.5940e-05   1.5940e-05   3.2259e-22   3.2259e-22  -3.2259e-22   3.2259e-22  -3.2259e-22  -3.2259e-22
1270.0  14.057522   1.5977e-05   1.5977e-05   1.5977e-05   1.5977e-05   4.7955e-22  -1.3035e-22   7.4024e-22  -1.3035e-22   1.3035e-22  -1.5637e-21
1280.0  14.064269   1.6015e-05   1.6015e-05   1.6015e-05   1.6015e-05  -9.6091e-23  -9.6091e-23   9.6091e-23  -9.6091e-23   9.6091e-23   9.6091e-23
1290.0  14.071036   1.6052e-05   1.6052e-05   1.6052e-05   1.6052e-05   1.1438e-22  -4.9820e-22   1.1108e-21  -4.9820e-22   4.9820e-22  -1.1959e-21
1300.0  14.077822   1.6090e-05   1.6091e-05   1.6091e-05   1.6091e-05   1.1568e-22   1.1568e-22  -1.1568e-22   1.1568e-22  -1.1568e-22  -1.1568e-22
1310.0  14.084627   1.6129e-05   1.6129e-05   1.6129e-05   1.6129e-05   7.8867e-22   7.8867e-22  -7.8867e-22   7.8867e-22  -7.8867e-22  -7.8867e-22
1320.0  14.091452   1.6167e-05   1.6167e-05   1.6167e-05   1.6167e-05   3.6810e-22   3.6810e-22  -3.6810e-22   3.6810e-22  -3.6810e-22  -3.6810e-22
1330.0  14.098296   1.6206e-05   1.6206e-05   1.6206e-05   1.6206e-05  -4.6474e-22  -4.6474e-22   4.6474e-22  -4.6474e-22   4.6474e-22   4.6474e-22
1340.0  14.105160   1.6245e-05   1.6245e-05   1.6245e-05   1.6245e-05  -3.5447e-22  -3.5447e-22   3.5447e-22  -3.5447e-22   3.5447e-22   3.5447e-22
1350.0  14.112045   1.6285e-05   1.6285e-05   1.6285e-05   1.6285e-05   6.2682e-23   6.2682e-23  -6.2682e-23   6.2682e-23  -6.2682e-23  -6.2682e-23
1360.0  14.118949   1.6324e-05   1.6324e-05   1.6324e-05   1.6324e-05  -4.8150e-22  -4.8150e-22   4.8150e-22  -4.8150e-22   4.8150e-22   4.8150e-22
1370.0  14.125874   1.6364e-05   1.6364e-05   1.6364e-05   1.6364e-05   6.2901e-22   6.2901e-22  -6.2901e-22   6.2901e-22  -6.2901e-22  -6.2901e-22
1380.0  14.132819   1.6404e-05   1.6404e-05   1.6404e-05   1.6404e-05   3.3021e-22   3.3021e-22  -3.3021e-22   3.3021e-22  -3.3021e-22  -3.3021e-22
1390.0  14.139784   1.6445e-05   1.6445e-05   1.6445e-05   1.6445e-05  -6.4184e-22  -6.4184e-22   6.4184e-22  -6.4184e-22   6.4184e-22   6.4184e-22
1400.0  14.146770   1.6486e-05   1.6486e-05   1.6486e-05   1.6486e-05   5.2442e-22   5.2442e-22  -5.2442e-22   5.2442e-22  -5.2442e-22  -5.2442e-22
1410.0  14.153777   1.6527e-05   1.6527e-05   1.6527e-05   1.6527e-05  -1.5584e-22  -1.5584e-22   1.5584e-22  -1.5584e-22   1.5584e-22   1.5584e-22
1420.0  14.160805   1.6568e-05   1.6568e-05   1.6568e-05   1.6568e-05   1.2971e-21   6.6616e-22  -3.5240e-23  -1.0279e-21  -6.6616e-22  -6.6616e-22
1430.0  14.167854   1.6610e-05   1.6610e-05   1.6610e-05   1.6610e-05   4.8037e-23   4.8037e-23  -4.8037e-23   4.8037e-23  -4.8037e-23  -4.8037e-23
1440.0  14.174925   1.6652e-05   1.6652e-05   1.6652e-05   1.6652e-05  -3.1275e-22  -9.4665e-22   1.5805e-21   7.4742e-22   9.4665e-22  -7.4742e-22
1450.0  14.182016   1.6694e-05   1.6694e-05   1.6694e-05   1.6694e-05   2.2385e-22   2.2385e-22  -2.2385e-22   2.2385e-22  -2.2385e-22  -2.2385e-22
1460.0  14.189130   1.6737e-05   1.6737e-05   1.6737e-05   1.6737e-05   1.0226e-22   1.0226e-22  -1.0226e-22   1.0226e-22  -1.0226e-22  -1.0226e-22
1470.0  14.196265   1.6780e-05   1.6780e-05   1.6780e-05   1.6780e-05   6.8170e-22   6.8170e-22  -6.8170e-22   6.8170e-22  -6.8170e-22  -6.8170e-22
1480.0  14.203422   1.6823e-05   1.6823e-05   1.6823e-05   1.6823e-05   7.5088e-22   7.5088e-22  -7.5088e-22   7.5088e-22  -7.5088e-22  -7.5088e-22
1490.0  14.210602   1.6867e-05   1.6867e-05   1.6867e-05   1.6867e-05  -8.2141e-22  -8.2141e-22   8.2141e-22  -8.2141e-22   8.2141e-22   8.2141e-22
1500.0  14.217804   1.6911e-05   1.6911e-05   1.6911e-05   1.6911e-05   2.7430e-23   2.7430e-23  -2.7430e-23   2.7430e-23  -2.7430e-23  -2.7430e-23
1510.0  14.225028   1.6955e-05   1.6955e-05   1.6955e-05   1.6955e-05  -7.0623e-22  -7.0623e-22   7.0623e-22  -7.0623e-22   7.0623e-22   7.0623e-22
1520.0  14.232275   1.7000e-05   1.7000e-05   1.7000e-05   1.7000e-05  -3.8302e-22  -3.8302e-22   3.8302e-22  -3.8302e-22   3.8302e-22   3.8302e-22
1530.0  14.239545   1.7045e-05   1.7045e-05   1.7045e-05   1.7045e-05  -7.9095e-22  -7.9095e-22   7.9095e-22  -7.9095e-22   7.9095e-22   7.9095e-22
1540.0  14.246838   1.7090e-05   1.7090e-05   1.7090e-05   1.7090e-05   6.4051e-22   6.4051e-22  -6.4051e-22   6.4051e-22  -6.4051e-22  -6.4051e-22
1550.0  14.254154   1.7136e-05   1.7136e-05   1.7136e-05   1.7136e-05  -6.3694e-22  -6.3694e-22   6.3694e-22  -6.3694e-22   6.3694e-22   6.3694e-22
1560.0  14.261493   1.7182e-05   1.7182e-05   1.7182e-05   1.7182e-05  -1.2010e-21  -1.8538e-21   2.5066e-21  -1.5973e-22   1.8538e-21   1.5973e-22
1570.0  14.268857   1.7229e-05   1.7229e-05   1.7229e-05   1.7229e-05   6.7675e-22   2.2323e-23   6.3210e-22  -1.6717e-21  -2.2323e-23  -1.7164e-21
1580.0  14.276244   1.7276e-05   1.7276e-05   1.7276e-05   1.7276e-05  -2.8780e-22  -2.8780e-22   2.8780e-22  -2.8780e-22   2.8780e-22   2.8780e-22
1590.0  14.283655   1.7324e-05   1.7323e-05   1.7323e-05   1.7323e-05   2.5251e-22   2.5251e-22  -2.5251e-22   2.5251e-22  -2.5251e-22  -2.5251e-22
1600.0  14.291090   1.7371e-05   1.7371e-05   1.7371e-05   1.7371e-05  -5.9919e-22  -5.9919e-22   5.9919e-22  -5.9919e-22   5.9919e-22   5.9919e-22
1610.0  14.298550   1.7420e-05   1.7420e-05   1.7420e-05   1.7420e-05   4.8094e-22   4.8094e-22  -4.8094e-22   4.8094e-22  -4.8094e-22  -4.8094e-22
1620.0  14.306035   1.7468e-05   1.7468e-05   1.7468e-05   1.7468e-05  -5.5433e-22  -5.5433e-22   5.5433e-22  -5.5433e-22   5.5433e-22   5.5433e-22
1630.0  14.313545   1.7518e-05   1.7518e-05   1.7518e-05   1.7518e-05  -7.8586e-22  -7.8586e-22   7.8586e-22  -7.8586e-22   7.8586e-22   7.8586e-22
1640.0  14.321079   1.7567e-05   1.7567e-05   1.7567e-05   1.7567e-05   5.5831e-22   5.5831e-22  -5.5831e-22   5.5831e-22  -5.5831e-22  -5.5831e-22
1650.0  14.328640   1.7617e-05   1.7617e-05   1.7617e-05   1.7617e-05  -8.1094e-22  -8.1094e-22   8.1094e-22  -8.1094e-22   8.1094e-22   8.1094e-22
1660.0  14.336225   1.7668e-05   1.7668e-05   1.7668e-05   1.7668e-05  -2.0012e-22  -2.0012e-22   2.0012e-22  -2.0012e-22   2.0012e-22   2.0012e-22
1670.0  14.343837   1.7719e-05   1.7719e-05   1.7719e-05   1.7719e-05   1.2287e-21   5.5687e-22   1.1499e-22  -1.1372e-21  -5.5687e-22  -5.5687e-22
1680.0  14.351475   1.7770e-05   1.7770e-05   1.7770e-05   1.7770e-05   7.4017e-22   7.4017e-22  -7.4017e-22   7.4017e-22  -7.4017e-22  -7.4017e-22
1690.0  14.359139   1.7822e-05   1.7822e-05   1.7822e-05   1.7822e-05   6.9967e-22   6.9967e-22  -6.9967e-22   6.9967e-22  -6.9967e-22  -6.9967e-22
1700.0  14.366830   1.7875e-05   1.7875e-05   1.7875e-05   1.7875e-05   4.6001e-22   4.6001e-22  -4.6001e-22   4.6001e-22  -4.6001e-22  -4.6001e-22
1710.0  14.374547   1.7928e-05   1.7928e-05   1.7928e-05   1.7928e-05   1.1917e-21   5.1241e-22   1.6688e-22  -1.1817e-21  -5.1241e-22  -5.1241e-22
1720.0  14.382292   1.7981e-05   1.7981e-05   1.7981e-05   1.7981e-05   4.1777e-25   4.1777e-25  -4.1777e-25   4.1777e-25  -4.1777e-25  -4.1777e-25
1730.0  14.390064   1.8035e-05   1.8035e-05   1.8035e-05   1.8035e-05   3.6201e-22  -3.2110e-22   1.0042e-21  -3.2110e-22   3.2110e-22  -1.3730e-21
1740.0  14.397864   1.8090e-05   1.8090e-05   1.8090e-05   1.8090e-05   3.6454e-22   3.6454e-22  -3.6454e-22   3.6454e-22  -3.6454e-22  -3.6454e-22
1750.0  14.405691   1.8145e-05   1.8145e-05   1.8145e-05   1.8145e-05   3.8331e-22   3.8331e-22  -3.8331e-22   3.8331e-22  -3.8331e-22  -3.8331e-22
1760.0  14.413547   1.8200e-05   1.8200e-05   1.8200e-05   1.8200e-05  -5.7007e-22  -1.2591e-21   1.9481e-21   4.3500e-22   1.2591e-21  -4.3500e-22
1770.0  14.421431   1.8257e-05   1.8256e-05   1.8256e-05   1.8256e-05  -8.9583e-23  -8.9583e-23   8.9583e-23  -8.9583e-23   8.9583e-23   8.9583e-23
1780.0  14.429344   1.8313e-05   1.8313e-05   1.8313e-05   1.8313e-05  -6.7890e-22  -6.7890e-22   6.7890e-22  -6.7890e-22   6.7890e-22   6.7890e-22
1790.0  14.437286   1.8371e-05   1.8370e-05   1.8370e-05   1.8370e-05   1.4246e-21   7.2950e-22  -3.4435e-23  -9.6457e-22  -7.2950e-22  -7.2950e-22
1800.0  14.445258   1.8429e-05   1.8428e-05   1.8428e-05   1.8428e-05  -5.4760e-22  -5.4760e-22   5.4760e-22  -5.4760e-22   5.4760e-22   5.4760e-22
1810.0  14.453259   1.8487e-05   1.8487e-05   1.8487e-05   1.8487e-05  -1.8251e-23  -1.8251e-23   1.8251e-23  -1.8251e-23   1.8251e-23   1.8251e-23
1820.0  14.461290   1.8546e-05   1.8546e-05   1.8546e-05   1.8546e-05  -4.5568e-22  -4.5568e-22   4.5568e-22  -4.5568e-22   4.5568e-22   4.5568e-22
1830.0  14.469351   1.8606e-05   1.8606e-05   1.8606e-05   1.8606e-05  -5.1129e-22  -5.1129e-22   5.1129e-22  -5.1129e-22   5.1129e-22   5.1129e-22
1840.0  14.477443   1.8667e-05   1.8666e-05   1.8666e-05   1.8666e-05  -1.2648e-22  -1.2648e-22   1.2648e-22  -1.2648e-22   1.2648e-22   1.2648e-22
1850.0  14.485566   1.8728e-05   1.8727e-05   1.8727e-05   1.8727e-05   2.9804e-22  -4.0974e-22   1.1175e-21  -4.0974e-22   4.0974e-22  -1.2843e-21
1860.0  14.493720   1.8789e-05   1.8789e-05   1.8789e-05   1.8789e-05  -5.5691e-22  -5.5691e-22   5.5691e-22  -5.5691e-22   5.5691e-22   5.5691e-22
1870.0  14.501906   1.8852e-05   1.8852e-05   1.8852e-05   1.8852e-05   6.9810e-22   6.9810e-22  -6.9810e-22   6.9810e-22  -6.9810e-22  -6.9810e-22
1880.0  14.510123   1.8915e-05   1.8915e-05   1.8915e-05   1.8915e-05  -7.4573e-22  -7.4573e-22   7.4573e-22  -7.4573e-22   7.4573e-22   7.4573e-22
1890.0  14.518373   1.8979e-05   1.8979e-05   1.8979e-05   1.8979e-05  -1.3180e-21  -2.0347e-21   2.7514e-21  -3.4063e-22   2.0347e-21   3.4063e-22
1900.0  14.526656   1.9043e-05   1.9043e-05   1.9043e-05   1.9043e-05  -9.4246e-23  -8.1327e-22   1.5323e-21  -8.1327e-22   8.1327e-22  -8.8079e-22
1910.0  14.534972   1.9109e-05   1.9108e-05   1.9108e-05   1.9108e-05  -6.7781e-22  -6.7781e-22   6.7781e-22  -6.7781e-22   6.7781e-22   6.7781e-22
1920.0  14.543321   1.9175e-05   1.9174e-05   1.9174e-05   1.9174e-05   6.5926e-23  -6.5778e-22   1.3815e-21  -6.5778e-22   6.5778e-22  -1.0363e-21
1930.0  14.551703   1.9241e-05   1.9241e-05   1.9241e-05   1.9241e-05   2.8138e-22   2.8138e-22  -2.8138e-22   2.8138e-22  -2.8138e-22  -2.8138e-22
1940.0  14.560120   1.9309e-05   1.9309e-05   1.9309e-05   1.9309e-05   7.2061e-22  -7.8840e-24   7.3638e-22  -1.7019e-21   7.8840e-24  -1.6862e-21
1950.0  14.568572   1.9377e-05   1.9377e-05   1.9377e-05   1.9377e-05   2.0022e-22   2.0022e-22  -2.0022e-22   2.0022e-22  -2.0022e-22  -2.0022e-22
1960.0  14.577059   1.9446e-05   1.9446e-05   1.9446e-05   1.9446e-05  -2.7759e-22  -2.7759e-22   2.7759e-22  -2.7759e-22   2.7759e-22   2.7759e-22
1970.0  14.585581   1.9516e-05   1.9516e-05   1.9516e-05   1.9516e-05   1.5163e-21   7.8040e-22  -4.4506e-23  -9.1366e-22  -7.8040e-22  -7.8040e-22
1980.0  14.594138   1.9587e-05   1.9587e-05   1.9587e-05   1.9587e-05   2.2748e-22   2.2748e-22  -2.2748e-22   2.2748e-22  -2.2748e-22  -2.2748e-22
1990.0  14.602732   1.9659e-05   1.9659e-05   1.9659e-05   1.9659e-05   7.3771e-22   7.3771e-22  -7.3771e-22   7.3771e-22  -7.3771e-22  -7.3771e-22
2000.0  14.611363   1.9732e-05   1.9731e-05   1.9731e-05   1.9731e-05   7.3754e-22   7.3754e-22  -7.3754e-22   7.3754e-22  -7.3754e-22  -7.3754e-22
2010.0  14.620031   1.9805e-05   1.9805e-05   1.9805e-05   1.9805e-05   7.4764e-22   7.4764e-22  -7.4764e-22   7.4764e-22  -7.4764e-22  -7.4764e-22
2020.0  14.628736   1.9879e-05   1.9879e-05   1.9879e-05   1.9879e-05  -3.2923e-22  -3.2923e-22   3.2923e-22  -3.2923e-22   3.2923e-22   3.2923e-22
2030.0  14.637479   1.9955e-05   1.9954e-05   1.9954e-05   1.9954e-05  -2.5073e-24  -2.5073e-24   2.5073e-24  -2.5073e-24   2.5073e-24   2.5073e-24
2040.0  14.646261   2.0031e-05   2.0031e-05   2.0031e-05   2.0031e-05   7.2949e-22   7.2949e-22  -7.2949e-22   7.2949e-22  -7.2949e-22  -7.2949e-22
2050.0  14.655082   2.0108e-05   2.0108e-05   2.0108e-05   2.0108e-05  -8.2794e-22  -8.2794e-22   8.2794e-22  -8.2794e-22   8.2794e-22   8.2794e-22
2060.0  14.663943   2.0186e-05   2.0186e-05   2.0186e-05   2.0186e-05   9.3721e-23   9.3721e-23  -9.3721e-23   9.3721e-23  -9.3721e-23  -9.3721e-23
2070.0  14.672843   2.0266e-05   2.0265e-05   2.0265e-05   2.0265e-05  -5.4820e-22  -5.4820e-22   5.4820e-22  -5.4820e-22   5.4820e-22   5.4820e-22
2080.0  14.681784   2.0346e-05   2.0346e-05   2.0346e-05   2.0346e-05   4.9751e-22   4.9751e-22  -4.9751e-22   4.9751e-22  -4.9751e-22  -4.9751e-22
2090.0  14.690766   2.0427e-05   2.0427e-05   2.0427e-05   2.0427e-05   7.5344e-22   7.5344e-22  -7.5344e-22   7.5344e-22  -7.5344e-22  -7.5344e-22
2100.0  14.699790   2.0510e-05   2.0509e-05   2.0509e-05   2.0509e-05   6.9689e-23   6.9689e-23  -6.9689e-23   6.9689e-23  -6.9689e-23  -6.9689e-23
2110.0  14.708855   2.0593e-05   2.0593e-05   2.0593e-05   2.0593e-05  -5.2671e-22  -5.2671e-22   5.2671e-22  -5.2671e-22   5.2671e-22   5.2671e-22
2120.0  14.717964   2.0678e-05   2.0678e-05   2.0678e-05   2.0678e-05   1.7136e-23   1.7136e-23  -1.7136e-23   1.7136e-23  -1.7136e-23  -1.7136e-23
2130.0  14.727116   2.0764e-05   2.0763e-05   2.0763e-05   2.0763e-05   6.5808e-22   6.5808e-22  -6.5808e-22   6.5808e-22  -6.5808e-22  -6.5808e-22
2140.0  14.736311   2.0851e-05   2.0850e-05   2.0850e-05   2.0850e-05   2.9886e-23   2.9886e-23  -2.9886e-23   2.9886e-23  -2.9886e-23  -2.9886e-23
2150.0  14.745552   2.0939e-05   2.0939e-05   2.0939e-05   2.0939e-05  -2.5370e-22  -2.5370e-22   2.5370e-22  -2.5370e-22   2.5370e-22   2.5370e-22
2160.0  14.754837   2.1028e-05   2.1028e-05   2.1028e-05   2.1028e-05  -6.8147e-22  -6.8147e-22   6.8147e-22  -6.8147e-22   6.8147e-22   6.8147e-22
2170.0  14.764168   2.1119e-05   2.1119e-05   2.1119e-05   2.1119e-05   1.4593e-22  -6.4718e-22   1.4403e-21  -6.4718e-22   6.4718e-22  -1.0469e-21
2180.0  14.773546   2.1211e-05   2.1211e-05   2.1211e-05   2.1211e-05   1.3509e-21   5.5447e-22   2.4193e-22  -1.1396e-21  -5.5447e-22  -5.5447e-22
2190.0  14.782970   2.1305e-05   2.1304e-05   2.1304e-05   2.1304e-05   3.5320e-22   3.5320e-22  -3.5320e-22   3.5320e-22  -3.5320e-22  -3.5320e-22
2200.0  14.792443   2.1399e-05   2.1399e-05   2.1399e-05   2.1399e-05  -4.9340e-22  -4.9340e-22   4.9340e-22  -4.9340e-22   4.9340e-22   4.9340e-22
2210.0  14.801964   2.1496e-05   2.1495e-05   2.1495e-05   2.1495e-05  -5.4341e-22  -5.4341e-22   5.4341e-22  -5.4341e-22   5.4341e-22   5.4341e-22
2220.0  14.811534   2.1593e-05   2.1593e-05   2.1593e-05   2.1593e-05   1.1665e-22   1.1665e-22  -1.1665e-22   1.1665e-22  -1.1665e-22  -1.1665e-22
2230.0  14.821154   2.1692e-05   2.1692e-05   2.1692e-05   2.1692e-05   2.9553e-22   2.9553e-22  -2.9553e-22   2.9553e-22  -2.9553e-22  -2.9553e-22
2240.0  14.830824   2.1793e-05   2.1793e-05   2.1793e-05   2.1793e-05   5.8535e-22   5.8535e-22  -5.8535e-22   5.8535e-22  -5.8535e-22  -5.8535e-22
2250.0  14.840546   2.1895e-05   2.1895e-05   2.1895e-05   2.1895e-05   4.2241e-23  -7.7860e-22   1.5994e-21  -7.7860e-22   7.7860e-22  -9.1547e-22
2260.0  14.850321   2.1999e-05   2.1999e-05   2.1999e-05   2.1999e-05   2.6303e-22   2.6303e-22  -2.6303e-22   2.6303e-22  -2.6303e-22  -2.6303e-22
2270.0  14.860148   2.2104e-05   2.2104e-05   2.2104e-05   2.2104e-05  -1.6081e-22  -1.6081e-22   1.6081e-22  -1.6081e-22   1.6081e-22   1.6081e-22
2280.0  14.870029   2.2211e-05   2.2211e-05   2.2211e-05   2.2211e-05  -2.8060e-22  -2.8060e-22   2.8060e-22  -2.8060e-22   2.8060e-22   2.8060e-22
2290.0  14.879966   2.2320e-05   2.2320e-05   2.2320e-05   2.2320e-05  -6.3643e-22  -6.3643e-22   6.3643e-22  -6.3643e-22   6.3643e-22   6.3643e-22
2300.0  14.889957   2.2431e-05   2.2431e-05   2.2431e-05   2.2431e-05   6.0699e-22   6.0699e-22  -6.0699e-22   6.0699e-22  -6.0699e-22  -6.0699e-22
2310.0  14.900005   2.2543e-05   2.2543e-05   2.2543e-05   2.2543e-05   5.3465e-22   5.3465e-22  -5.3465e-22   5.3465e-22  -5.3465e-22  -5.3465e-22
2320.0  14.910111   2.2657e-05   2.2657e-05   2.2657e-05   2.2657e-05   3.4775e-22   3.4775e-22  -3.4775e-22   3.4775e-22  -3.4775e-22  -3.4775e-22
2330.0  14.920275   2.2774e-05   2.2774e-05   2.2774e-05   2.2774e-05  -7.7256e-22  -7.7256e-22   7.7256e-22  -7.7256e-22   7.7256e-22   7.7256e-22
2340.0  14.930499   2.2892e-05   2.2892e-05   2.2892e-05   2.2892e-05  -1.4294e-21  -5.9183e-22   3.1424e-21  -5.9183e-22   3.9800e-21   5.9183e-22
2350.0  14.940783   2.3012e-05   2.3012e-05   2.3012e-05   2.3012e-05   2.7715e-22   2.7715e-22  -2.7715e-22   2.7715e-22  -2.7715e-22  -2.7715e-22
2360.0  14.951128   2.3134e-05   2.3134e-05   2.3134e-05   2.3134e-05   2.3541e-22   2.3541e-22  -2.3541e-22   2.3541e-22  -2.3541e-22  -2.3541e-22
2370.0  14.961536   2.3258e-05   2.3259e-05   2.3259e-05   2.3259e-05   1.1577e-22   1.1577e-22  -1.1577e-22   1.1577e-22  -1.1577e-22  -1.1577e-22
2380.0  14.972007   2.3385e-05   2.3385e-05   2.3385e-05   2.3385e-05  -8.3650e-22  -8.3650e-22   8.3650e-22  -8.3650e-22   8.3650e-22   8.3650e-22
2390.0  14.982543   2.3514e-05   2.3514e-05   2.3514e-05   2.3514e-05   6.9422e-22   6.9422e-22  -6.9422e-22   6.9422e-22  -6.9422e-22  -6.9422e-22
2400.0  14.993146   2.3645e-05   2.3646e-05   2.3646e-05   2.3646e-05  -6.1635e-22  -6.1635e-22   6.1635e-22  -6.1635e-22   6.1635e-22   6.1635e-22
2410.0  15.003815   2.3779e-05   2.3779e-05   2.3779e-05   2.3779e-05  -8.0404e-22  -8.0404e-22   8.0404e-22  -8.0404e-22   8.0404e-22   8.0404e-22
2420.0  15.014552   2.3915e-05   2.3915e-05   2.3915e-05   2.3915e-05   1.2447e-21   2.0457e-21   5.4149e-22  -1.3424e-21   1.3424e-21  -2.0457e-21
2430.0  15.025360   2.4054e-05   2.4054e-05   2.4054e-05   2.4054e-05   3.8129e-24   3.8129e-24  -3.8129e-24   3.8129e-24  -3.8129e-24  -3.8129e-24
2440.0  15.036238   2.4195e-05   2.4196e-05   2.4196e-05   2.4196e-05  -1.7115e-21  -9.2053e-22   3.5177e-21   7.7353e-22   4.3087e-21  -7.7353e-22
2450.0  15.047188   2.4339e-05   2.4340e-05   2.4340e-05   2.4340e-05  -7.0984e-22  -7.0984e-22   7.0984e-22  -7.0984e-22   7.0984e-22   7.0984e-22
2460.0  15.058213   2.4486e-05   2.4487e-05   2.4487e-05   2.4487e-05   5.5336e-22   5.5336e-22  -5.5336e-22   5.5336e-22  -5.5336e-22  -5.5336e-22
2470.0  15.069312   2.4636e-05   2.4637e-05   2.4637e-05   2.4637e-05  -5.6069e-22  -5.6069e-22   5.6069e-22  -5.6069e-22   5.6069e-22   5.6069e-22
2480.0  15.080488   2.4789e-05   2.4790e-05   2.4790e-05   2.4790e-05  -2.4711e-22  -2.4711e-22   2.4711e-22  -2.4711e-22   2.4711e-22   2.4711e-22
2490.0  15.091742   2.4945e-05   2.4946e-05   2.4946e-05   2.4946e-05   3.2590e-24   3.2590e-24  -3.2590e-24   3.2590e-24  -3.2590e-24  -3.2590e-24
2500.0  15.103076   2.5104e-05   2.5105e-05   2.5105e-05   2.5105e-05  -7.0566e-22  -7.0566e-22   7.0566e-22  -7.0566e-22   7.0566e-22   7.0566e-22
2510.0  15.114492   2.5267e-05   2.5268e-05   2.5268e-05   2.5268e-05   2.1993e-22   2.1993e-22  -2.1993e-22   2.1993e-22  -2.1993e-22  -2.1993e-22
2520.0  15.125991   2.5433e-05   2.5434e-05   2.5434e-05   2.5434e-05  -4.4060e-23  -4.4060e-23   4.4060e-23  -4.4060e-23   4.4060e-23   4.4060e-23
