#Found quasiharmonic mode : None
#T(K), volume, F(eV), S(J/K), H(J/K), a(-6/K), Cp(J/mol), Cv, Cpion, Bt(GPa), T_ph-D(K), T-D(K), F_el_atom, S_el_atom, C_el_atom, M_el, Seebeck_coefficients(10**-6 V/K), Lorenz_number(WOK^{-2}), Q_el, Q_p, Q_e, C_mu, W_p, W_e, Y_p, Y_e
0.0 11.446189848842174 -5.6612895832832235 0.08534022191593431 -546228.0459733892 9.452072996312584e-08 0.19557270832115442 0.19559756336667633 0.19547737949729405 176.22873547221135 457.8192508967893 400.0000000000001 1.906069246816294e-09 4.812151565668897e-05 9.532882385524297e-05 -2.085442345252415e-06 0.021545986330120444 2.440465599879098e-08 1.4290485189309799e-06 3.3820905685615954e-07 1.080299893323227e-06 9.889070039948483e-05 -8.024607900403448e-08 1.509294597934295e-06 7.58149859915087e-07 7.581498474675479e-07 1155.0211083672978 -0.19000966182921367
10.0 11.446110486519364 -5.661291087173361 -0.06491492614113788 -546233.4866549276 -1.1932242146990506e-07 -0.23848980006462528 -0.23865420661448433 -0.25748776220784 176.23419093483577 480.9920434556434 400.00000000000006 -9.94998316434294e-07 0.01907139973774985 0.018997962143209347 1.4379954704632037e-07 -0.4120285307013602 2.4455987348703235e-08 0.0006977098646914835 0.00034896496726729236 0.00034871152147007494 0.018995527762628316 0.00034901826666715546 0.0003486915980243275 0.00048389945464394314 0.00048389945465143264 1073.1868899969325 0.57910326827524
20.0 11.44608921701385 -5.6612893471275285 -0.022138876511163322 -546234.4943712569 -3.631290055432119e-08 -0.010267779861877602 -0.010221627777557862 -0.04861945537068435 176.2356563493433 483.9628381130382 400.00000000000006 -3.966287541478003e-06 0.03824547396678641 0.03835167550880118 -7.203420787938561e-06 -1.1368136313767827 2.455216318542756e-08 0.0013977835638111934 0.0006978740976444787 0.0006998620374169866 0.038348257852387685 0.0006964478607465151 0.0007013357030646777 0.0009689658907810927 0.0009689658907935323 901.9540559659949 1.1116077355771898
30.0 11.446168877335612 -5.661302854096504 0.20726428423894006 -546228.5828544905 2.978636197950501e-07 0.7715562688901048 0.7717704854407287 0.7134434934402549 176.23016973587178 472.12449413216774 400.00000000000006 -8.929713711106224e-06 0.057572362773438183 0.05811277544984394 -2.464869131365301e-05 -2.094498392155378 2.468055843094395e-08 0.002101915897645438 0.001047163770039268 0.0010546976730264708 0.058119310940380954 0.0010422019293071132 0.001059713968338324 0.0014561816918806697 0.0014561816918871105 674.0870471624999 1.4483332891242233
40.0 11.44639230449463 -5.6613500990310675 0.6168904695422547 -546213.2658367413 8.37521466663382e-07 1.9982998461520292 1.9981973186036472 1.9200622776564717 176.2147691145591 450.8698707762262 400.00000000000006 -1.590302893054087e-05 0.077054084728377 0.07823756849555086 -5.271359999354299e-05 -3.2267718894963777 2.4828548007232386e-08 0.002810372617961595 0.0013969321543025133 0.0014133842535909407 0.0782709169973115 0.0013862738654969893 0.0014240987524646047 0.0019457710915519804 0.0019457710915455114 422.3503044744617 1.630109477963927
50.0 11.446802335500909 -5.661449572882015 1.2003355928318655 -546186.0570501237 1.5369749671358529e-06 3.5612804518846066 3.5599340572744858 3.4625980907094718 176.18649250554347 425.59182730840877 400.000000000001 -2.4903985305003896e-05 0.09669265840227498 0.0986823611751354 -9.19197347910547e-05 -4.475323199859021 2.4983506836272918e-08 0.003523419476527051 0.0017472774202850726 0.0017760876044028136 0.09876530599388299 0.0017286570624641872 0.0017947624140628642 0.002437958323404337 0.002437958323382087 179.50826878989605 1.6977658511438927
60.0 11.447463307680852 -5.661624179376203 1.9576994981781806 -546143.14235708 2.3333192822755326e-06 5.3063374183175345 5.302169313975929 5.18693650155504 176.14089840566893 396.4857372477535 400.000000000001 -3.5951839116103704e-05 0.11649367943335542 0.11940091676249445 -0.0001430916241569674 -5.761699775784696 2.5129225675567616e-08 0.004241474524600277 0.002098337294445451 0.0021430869962970403 0.11956446970133225 0.0020693229487158734 0.002172151575884404 0.0029330706999355785 0.0029330706999052226 -206.85182112870476 1.754947817205951
70.0 11.448415130699685 -5.661890170069199 2.898654054798336 -546082.1520777887 3.2191664341919644e-06 7.213971331509087 7.205086460217248 7.073586397131047 176.07522733098256 395.6987409059974 400.000000000001 -4.906304945039204e-05 0.13647230866933596 0.14038493437804106 -0.0002071886344318903 -7.042883402702708 2.524925565602604e-08 0.004965140054855106 0.002450283638626629 0.0025148061849908166 0.1406658890154558 0.002408251821187257 0.0025568882336678505 0.003431494378902403 0.0034314943788655112 49.59272206089157 1.650803169489923
80.0 11.449676790867159 -5.662264018828071 3.9863909086105886 -546002.1729074578 4.123936639123203e-06 9.12521551850335 9.109374793073142 8.963671036017622 175.98815715120494 400.4140357342882 400.000000000001 -6.425594607331518e-05 0.1566095601610434 0.16154448248572723 -0.0002838303747217378 -8.261386934123024 2.5338430335765974e-08 0.0056940825869632354 0.0028030763689055587 0.002890955989896805 0.16198343332818033 0.0027454789575997196 0.002948603629363517 0.003933131338344211 0.003933131338305113 43.444926118927135 1.676497539981887
90.0 11.451243383573669 -5.662757367654066 5.1726492372484545 -545903.7691274271 4.98600904017491e-06 10.91131350469255 10.886122023745028 10.728506961801997 175.8800102890223 403.61791024944836 400.000000000001 -8.154678564348272e-05 0.17688411096798545 0.18280654289055426 -0.0003723057780712952 -9.402319925227836 2.5401424044632078e-08 0.006427797946959633 0.0031566249000765127 0.0032711228221754866 0.1834452899992154 0.003081058101015563 0.0033467398459440705 0.004437765933883333 0.00443776593385224 38.47183304735033 1.6954344955910048
100.0 11.453094286248591 -5.663377172496501 6.414826842338775 -545788.434844387 5.775173813737366e-06 12.517493948489829 12.480618284578078 12.313386544567997 175.75219091398515 405.6186776981656 400.000000000001 -0.00010094972980400499 0.19727567995092044 0.20410740392183063 -0.00047181532380264675 -10.45987421378584 2.544090413761969e-08 0.007165782443191807 0.0035108382168162425 0.0036548940054178425 0.2049866471741757 0.0034150601061026806 0.0037507223370891254 0.004945159709315963 0.004945159709294391 34.28870281221415 1.711462581481916
110.0 11.45520285741609 -5.664126915185427 7.682150601256472 -545657.9719789275 6.4838092326373916e-06 13.93710684168461 13.886444043233656 13.711718046849622 175.6065171518481 407.05463686960144 400.000000000001 -0.00012247689158275464 0.2177644504227116 0.2253887948349869 -0.0005815125076674133 -11.430238430669032 2.545855669331543e-08 0.00790753982376128 0.003865629478922251 0.004041860127840475 0.22654620290766753 0.0037475693765607974 0.004159970447200482 0.005455064405397581 0.0054550644054128725 30.796169820234773 1.725571777654663
120.0 11.457541819600138 -5.665007724405061 8.953719613579175 -545514.164253955 7.11440901717491e-06 15.182780049175648 15.116539661824714 14.936180673500216 175.44485091403317 408.1644041278688 400.000000000001 -0.0001461383658034423 0.23833111049627648 0.2465993756754321 -0.0007005223255605799 -12.311459583885828 2.5456112299659765e-08 0.008652578481282166 0.004220915110193604 0.004431613158161086 0.248068065398375 0.0040786793191379045 0.004573899162144263 0.005967225447117195 0.005967225447114904 27.881560030938772 1.7380979784800654
130.0 11.460085534508384 -5.666019157101324 10.215561524697922 -545358.652051129 7.673417829661787e-06 16.273244265149962 16.189959861035096 16.005547828296617 175.2689417510602 409.04690086654796 400.000000000001 -0.00017194229458417863 0.25895724591770314 0.2676964368533456 -0.0008279598337518307 -13.103384646632566 2.543559409868282e-08 0.009400415861963067 0.00457661510127254 0.004823750551841664 0.26950387754009 0.004408488928454451 0.004991926933508618 0.006481386789675715 0.0064813867896883984 25.432308498417235 1.7492755580513646
140.0 11.462810826841888 -5.66715972223856 11.458453663447683 -545192.8942475289 8.168499694680885e-06 17.228121120367472 17.126622622652604 16.939474511494232 175.08037051014472 409.75496314906434 400.000000000001 -0.00019989497927148258 0.27962573413913355 0.2886466088732406 -0.0009629463813296911 -13.807310209745882 2.5399252150234888e-08 0.010150585894887166 0.004932654420417677 0.005217881269599784 0.29081392124197764 0.004737100892269846 0.00541348500261732 0.006997296287416102 0.006997296287420452 23.35536819489451 1.7592851339829254
150.0 11.465697168467347 -5.668427237218669 12.676448257163386 -545018.1661049598 8.60733144188362e-06 18.065840664978204 17.94521103768075 17.756414799455957 174.8805368351844 410.322996471927 400.000000000001 -0.00023000102937240386 0.3003210296054204 0.30942586552224866 -0.0011046217108567893 -14.42555247460147 2.5349447986617854e-08 0.010902646313779544 0.005288964828189063 0.005613631284494867 0.31196745381828667 0.005064620925884581 0.005838025387894964 0.007514710472944065 0.007514710472932232 21.577436783258964 1.768277522137613
160.0 11.46872657872984 -5.6698190749430974 13.865870094604563 -544835.5721972336 8.997071077401382e-06 18.802874943240347 18.66240462250047 18.472855768046024 174.67066609825105 410.7761324003967 400.000000000001 -0.0002622635358728176 0.32102934307072 0.3300191751943238 -0.0012521519728094328 -14.961073103307609 2.5288564877876543e-08 0.011656184632290477 0.005645486652343443 0.006010647782319257 0.3329426242354582 0.005391157910131006 0.006265026722159471 0.008033398356715564 0.008033398356777797 20.04153438306528 1.7763825613541562
170.0 11.471883405081428 -5.671332337053579 15.024625135962989 -544646.0648773025 9.34415178287901e-06 19.45356809425692 19.292713375385297 19.10314815568477 174.45182449226238 411.13383142725644 400.000000000001 -0.00029668425883462606 0.34173873938103283 0.3504199385721457 -0.0014047345054059013 -15.417199855403897 2.5218944572197875e-08 0.012410822536193765 0.006002170320656718 0.006408602020976168 0.3537261149260108 0.005716824447488232 0.006693998088705535 0.00855314426184434 0.008553144261939566 18.703357459359847 1.7837131518401574
180.0 11.475154063834665 -5.672963975971509 16.151718099476554 -544450.4637782599 9.654235881400446e-06 20.030234423025288 19.848582000226322 19.659605180071775 174.22493678856077 411.41160672913367 400.000000000001 -0.0003332638216988639 0.3624391717690401 0.3706292429535136 -0.001561600321910669 -15.797433961990746 2.514283928161729e-08 0.013166218820521006 0.0063589775703246304 0.0068071910582145085 0.3743125510363876 0.006041737565109572 0.007124481255411434 0.009073749828122559 0.009073749828223034 17.52825968516801 1.7903674495013602
190.0 11.478526780173912 -5.67471088078835 17.246913196909507 -544249.4742750383 9.9322463075668e-06 20.543364378525453 20.34060225486327 20.152709421258475 173.9908041685381 411.62201421025054 400.000000000001 -0.00037200190633666344 0.3831224637526932 0.39065495726697785 -0.0017220150708759571 -16.105323137811723 2.5062372824040747e-08 0.013922071078278125 0.006715882304277202 0.007206138584031669 0.394703711728603 0.006366019379619418 0.007556051698658708 0.009595035321633805 0.009595035321687609 16.48892356749769 1.7964305860432903
200.0 11.481991345740761 -5.676569937359263 18.31049426539374 -544043.704063574 1.0182432369638263e-05 21.0018605813883 20.777754729850983 20.59134986656983 173.750120819975 411.77531014797825 400.000000000001 -0.00041289744386532954 0.40378224711921484 0.4105107148184673 -0.0018852790139460632 -16.344380272127008 2.4979509656577478e-08 0.0146781163384005 0.007072871090184563 0.007605195059623036 0.4149075988152912 0.006689797608246367 0.007988318730154136 0.01011684036110463 0.010116840361127272 15.56361245207778 1.8019762349147728
210.0 11.485538901237014 -5.67853806987339 19.343094602876427 -543833.6776276554 1.0408447257454442e-05 21.413267623036056 21.167643512342543 20.98305277780546 173.503488795264 411.87992649828607 400.000000000001 -0.00045594879713461387 0.4244138643635938 0.4302148452306001 -0.002050726389344775 -16.51803269606322 2.489603224403686e-08 0.015434130828133162 0.007429943316974325 0.008004137323244748 0.4349374303310719 0.007013205865586337 0.008420924962546827 0.010639024153553358 0.010639024153545371 14.7348683712472 1.8070680780754138
220.0 11.489161745845388 -5.6806122690805605 20.345576059338715 -543619.8486558533 1.0613425768032228e-05 21.783980320803156 21.516708413657447 21.334191004898667 173.25143105050378 411.94283238897583 400.000000000001 -0.0005011539316787352 0.4450142443113628 0.44978931590448873 -0.002217724401187902 -16.62959158511373 2.4813527032026085e-08 0.016189929017135674 0.007787111038501849 0.00840276779064809 0.45481062400733646 0.007336383726118158 0.008853545291017516 0.011161465320164717 0.011161465320128069 13.988541166415644 1.8117611549424337
230.0 11.492853172462109 -5.682789610895546 21.318943146207683 -543402.6105970672 1.0800056707374992e-05 22.11942548586851 21.830409915692023 21.650166754057665 172.99440270550613 411.969815900125 400.000000000001 -0.0005485105728099618 0.46558175954306186 0.4692587318108507 -0.0023856719912977325 -16.682234561183556 2.4733378555965747e-08 0.016945362086738556 0.008144398545117063 0.00880091335276869 0.47454782309379634 0.0076594765605273556 0.009285885526211204 0.011684061387325004 0.011684061387263356 13.313060871210045 1.8161030719567726
240.0 11.49660732644997 -5.685067268069188 22.264282162417107 -543182.3055852039 1.0970647692519279e-05 22.424217208240627 22.113386967403397 21.93556778118942 172.73280069409373 411.9657065891714 400.000000000001 -0.0005980163473809823 0.4861160735075336 0.48864942705120484 -0.0025539984946450598 -16.678996960286867 2.4656770583523982e-08 0.017700315955228297 0.008501841709945411 0.009198424054730125 0.4941720009367025 0.0079826351480263 0.009717680807201997 0.01220672801225587 0.01220672801217453 12.69888834067423 1.8201350686329485
250.0 11.50041908517791 -5.6874425168781615 23.18271825958556 -542959.2319642986 1.1127181775378738e-05 22.702287843796572 22.36958994169668 22.194299176942145 172.46697199556945 411.9345526654488 400.000000000001 -0.000649668909519319 0.5066179840439917 0.5079886668544266 -0.0027221622443080766 -16.622768811161674 2.4584692852202587e-08 0.018454708976983043 0.008859487158582955 0.009595171625284026 0.5137076654769377 0.008306015096963364 0.010148693880019679 0.01272939800701298 0.01272939800694364 12.138097001903974 1.823892942971348
260.0 11.504283955572276 -5.6899127402544 24.075385406731627 -542733.6506274948 1.1271366188168636e-05 22.956997678875645 22.602391837658388 22.42969371225073 172.19722062790203 411.8797625617839 400.000000000001 -0.0007034660502426196 0.5270892686744154 0.5273039666249144 -0.0028896491691270017 -16.51629559060539 2.451795190008885e-08 0.01920848941936077 0.009217391309343532 0.009991047913450563 0.5331801724196223 0.008629776147263271 0.010578713272097496 0.013252020217968516 0.013252020217989675 11.62405167467874 1.8274078465436545
270.0 11.508197987101306 -5.692475428390832 24.943405647033707 -542505.7903582783 1.1404673916849412e-05 23.19122635551458 22.814680902480475 22.644603829592846 171.9238135924837 411.80421869104555 400.000000000001 -0.0007594057913484114 0.5475325356769334 0.5466225259217367 -0.003055971412610997 -16.36218147755401 2.445718460565183e-08 0.019961632806875684 0.009575619327322359 0.010385963278630731 0.5526151467868823 0.00895408167595959 0.011007551130916098 0.013774558310601905 0.013774558310644985 11.151159766219678 1.8307069640617082
280.0 11.51215769787271 -5.695128177580765 25.787875052414748 -542275.8523360664 1.1528378938381557e-05 23.40744893294337 23.008937623419012 22.84147816336107 171.646985898612 411.7103693909069 400.000000000001 -0.0008174864643270214 0.5679510837310888 0.5659707695822995 -0.003220665990791155 -16.16289425038533 2.440287326475603e-08 0.020714139207981742 0.009934244030038314 0.010779844971747058 0.5720380066309079 0.009279097860990243 0.011435041346991501 0.014296989501301642 0.014296989501349677 10.714676922569392 1.8338140896611215
290.0 11.516160011829188 -5.69786868784419 26.609854503125632 -542044.0139434612 1.1643585993945662e-05 23.607799131570214 23.187298693750826 23.02242514653608 171.36694486861194 411.60030219573446 400.000000000001 -0.0008777067752852891 0.5883487718931985 0.5853739850341356 -0.0033832935026971685 -15.920771244774448 2.4355361276898222e-08 0.021466030526060408 0.010293344777025632 0.011172635536639244 0.591473579268907 0.009604992791006654 0.011861037735053759 0.01481930327143682 0.014819303271462364 10.310553938740842 1.8367501167997
300.0 11.520202205306143 -5.7006947597450175 27.410363935803197 -541810.4319903402 1.1751255685122195e-05 23.794121943120736 23.35161018375711 23.189265899597583 171.0838737873167 411.47580515917645 400.000000000001 -0.0009400658569880837 0.6087299008412694 0.6048560435231518 -0.0035434369000127783 -15.638025967475446 2.4314868748370924e-08 0.022217347843818513 0.010653006369336016 0.011564291254959358 0.6109457988606645 0.009931935571828553 0.012285412271989964 0.015341500090887424 0.015341500090923815 9.935315255895603 1.8395334515169173
310.0 11.524281861479185 -5.703604290693499 28.19037907482349 -541575.2454508182 1.1852225624373488e-05 23.968017448777587 23.50347179390358 23.34357825583448 170.79793499215197 411.3384153924344 400.000000000001 -0.001004563309212983 0.6290991057013452 0.6244391929431042 -0.0037007003214547807 -15.31675507797156 2.428150752784649e-08 0.022968148858978445 0.011013317979743689 0.011954780651656623 0.6304774738992802 0.010260095449791999 0.012708053409186447 0.01586359017282874 0.015863590172860424 9.58596177959809 1.8421803626023348
320.0 11.528396831459855 -5.7065952709474015 28.950829930021378 -541338.5777928648 1.194722825434832e-05 24.13087737817189 23.644273751785 23.486733467463758 170.5092725332247 411.18945935768284 400.000000000001 -0.0010711992285934546 0.6494612603177679 0.6441439107081284 -0.0038547079935973986 -14.958945527792409 2.4255295360935184e-08 0.023718505439467054 0.011374372129129746 0.012344083073781514 0.6500901137569415 0.010589640967714944 0.013128864471752114 0.01638559227547571 0.016385592275509196 9.259892609932585 1.8447052773183688
330.0 11.53254520099248 -5.709665779465989 29.692600538375636 -541100.5389667554 1.2036905872610439e-05 24.283915677155022 23.775227642637116 23.61992687084647 170.21801444545278 411.0300858954648 400.000000000001 -0.0011399742291185629 0.6698213925193712 0.6639888063085517 -0.004005103199728601 -14.566481699978908 2.4236168984358773e-08 0.024468501317887487 0.011736263720447239 0.01273218735099215 0.6698038044618322 0.010920739165160502 0.013547762152726985 0.01690753256252742 0.016907532562566333 8.95484157680059 1.8471210310790551
340.0 11.536725261878471 -5.71281397972691 30.416529568865876 -540861.2271072117 1.212182332424419e-05 24.42819412889768 23.8973922341785 23.744203564324195 169.92427469549747 410.8612934738498 400.000000000001 -0.0012108894543967253 0.6901846097409061 0.6839905645734854 -0.004151547315865253 -14.141152428176042 2.4223996080195145e-08 0.025218229938200082 0.012099089137762382 0.013119090543193625 0.6896371251243445 0.011253554831268317 0.013964675106931765 0.017429443529771996 0.01742944352981808 8.668825432590896 1.8494390797646925
350.0 11.540935487395224 -5.716038115583693 31.123411513082175 -540620.7299947113 1.2202478729507519e-05 24.56464388443984 24.011695166114805 23.860479962378996 169.62815485071997 410.6839527598946 400.000000000001 -0.0012839465826954776 0.7105560342499984 0.704163922060846 -0.004293718912713819 -13.684657801720897 2.4218586081596153e-08 0.025967792461840535 0.01246294541496468 0.013504796777945742 0.7096070977095434 0.01158824981557968 0.014379542646260849 0.017951363002524087 0.017951363002564093 8.400101323988897 1.8516696785633904
360.0 11.545174511094043 -5.719336507217607 31.813998259847345 -540379.1263137237 1.2279312578183046e-05 24.694083606940744 24.11895121768093 23.969561936642197 169.32974553771916 410.49882539030347 400.000000000001 -0.00135914782571782 0.7309407471850262 0.724521670298548 -0.004431312921213374 -13.198615683747864 2.421969986870976e-08 0.026717295936002125 0.012827929476246155 0.01388931617826572 0.7297291640600561 0.011924982493649497 0.014792313442352626 0.01847333320600883 0.018473333206093224 8.147131655059649 1.853822034784321
370.0 11.549441108467223 -5.7227075472200255 32.4890009076607 -540136.4867392473 1.23527154511914e-05 24.81723480595324 24.219877737939946 24.0721601251986 169.02912767217887 410.3065796417902 400.000000000001 -0.0014364959219870818 0.7513437406076746 0.7450746807546417 -0.004564039859335173 -12.684567886068834 2.4227058422691412e-08 0.027466851623264715 0.013194137448694684 0.014272663879663545 0.7500171851529064 0.012263907485116967 0.015202944138147744 0.018995399909240762 0.018995399909327 7.908554909742342 1.8559044374856908
380.0 11.553734181049988 -5.726149696828497 33.14909170956529 -539892.8748777779 1.2423034584881375e-05 24.93473483475907 24.315107718421253 24.16890288737139 168.7263735441035 410.10780356330474 400.000000000001 -0.0015159941256086703 0.7717698768023167 0.7658319473876785 -0.004691625115879612 -12.143985958738941 2.424035052099103e-08 0.028216573489143616 0.01356166404563061 0.014654859134354044 0.7704834584919975 0.012605175086973126 0.015611398402170492 0.019517611640940742 0.019517611641003553 7.683161299046346 1.857924367235479
390.0 11.558052742598047 -5.729661482330213 33.79490607508274 -539648.3480845076 1.249057947684074e-05 25.047147941117107 24.405200901930026 24.260347297683097 168.42154777854026 409.9030159949101 400.000000000001 -0.0015976461911359962 0.7922238540975984 0.7868006434340089 -0.004813808288583745 -11.578276564728414 2.4259239563056098e-08 0.02896657684207267 0.013930602018650873 0.015035924499195549 0.79113875030516 0.012948930856307581 0.016017645985765085 0.020040018975855604 0.020040018975885813 7.469872313047807 1.8598885911864418
400.0 11.562395907038178 -5.733241491639763 34.42704457595654 -539402.9581749828 1.2555626676869768e-05 25.15497469072328 24.490653251435468 24.3469885010008 168.11470814170747 409.6926759577511 400.000000000001 -0.00168145635516049 0.8127101785409008 0.8079861897224806 -0.004930342572033173 -10.988786421247157 2.4283369614568674e-08 0.02971697711903802 0.014301041675307904 0.015415885103644632 0.8119923398247821 0.013295315258245389 0.01642166186079263 0.020562673888480168 0.020562673888489168 7.267723487984085 1.8618032439084402
410.0 11.566762877935433 -5.736888371053053 35.04607491869095 -539156.7520465008 1.2618423891651679e-05 25.258660027387876 24.571905045923614 24.429267695084476 167.8059062466251 409.4771905057877 400.000000000001 -0.0017674293152218391 0.8332331408124625 0.8293923323034058 -0.005040994191481403 -10.376806799312108 2.4312370753428685e-08 0.030467888809115724 0.014673070459015093 0.01579476799338801 0.8330520734157018 0.013644463366401773 0.016823425442713952 0.02108562917104099 0.021085629171001846 7.075849810726192 1.8636738966656226
420.0 11.57115293926178 -5.740600822175781 35.65253385881067 -538909.7722220856 1.267919351226888e-05 25.358600188615625 24.649347823554628 24.507578961062883 167.49518819964032 409.2569214538337 400.000000000001 -0.0018555702065063315 0.853796797822659 0.8510212275527417 -0.0051455418780786515 -9.743577582105562 2.434586379331074e-08 0.03121942450664512 0.015046772587381001 0.016172601545181554 0.8543244266856669 0.013996504612981176 0.017222919893663945 0.021608937912102444 0.021608937912029162 6.893473300182708 1.8655056175451743
430.0 11.575565447284315 -5.744377599022461 36.246929040502614 -538662.0573278586 1.2738135652736418e-05 25.4551486567669 24.723330354425507 24.582275123571492 167.18259514553637 409.03219110654493 400.000000000001 -0.0019458845768410371 0.8744049584886282 0.8728735331954127 -0.0052437763818946135 -9.09029089053339 2.43834644523755e-08 0.03197169408547237 0.015422228745201643 0.016549414948101387 0.8758145730010318 0.014351562585499841 0.01762013149997252 0.022132653032368832 0.022132653032276333 6.719892401036731 1.8673030232276613
440.0 11.579999823419191 -5.748217505280261 36.8297407516692 -538413.6425129414 1.27954307757254e-05 25.548621295904486 24.794163794097894 24.653672792007974 166.86816374715488 408.803287161017 400.000000000001 -0.0020383783603571026 0.8950611732358753 0.8949485038965133 -0.005335500018161515 -8.41809429116099 2.442478702614638e-08 0.032724803985695 0.015799515828112422 0.01692523774663638 0.8975264570441578 0.014709754867069397 0.018015049118625597 0.022656826873792352 0.022656826873698025 6.554472885214263 1.8690703241905129
450.0 11.58445554792101 -5.752119391730934 37.40142358903151 -538164.5598196266 1.2851241965611951e-05 25.639300798899768 24.86212614351775 24.722056708674796 166.55192662362685 408.57046691538983 400.000000000001 -0.0021330578501886238 0.9157687268139436 0.917244090224965 -0.0054205262430589325 -7.728093607306374 2.446944761564369e-08 0.033478856604421625 0.016178706733094447 0.01730009944094137 0.9194628722164366 0.015071192917195272 0.01840766368722635 0.02318151083843395 0.023181510838359475 6.396640019628711 1.8708113642154378
460.0 11.588932154295808 -5.756082153823465 37.96240803122127 -537914.8385103929 1.2905716900143585e-05 25.727440548178976 24.927466119974962 24.787683508269254 166.2339127249703 408.33396089277494 400.000000000001 -0.0022299296705451917 0.9365306340543306 0.939757039909719 -0.005498679255255133 -7.021355358560174 2.4517066954631028e-08 0.03423394978229856 0.01655987019207739 0.017674029139760856 0.9416255408190162 0.015435981990108812 0.018797967792189747 0.023706755073483632 0.023706755073470406 6.245871800756355 1.872529654625726
470.0 11.593429224343051 -5.760104729389696 38.513101920139505 -537664.5053573608 1.2958989568224159e-05 25.813267977517086 24.990406526484094 24.850784977116398 165.91414766327705 408.09397597095335 400.000000000001 -0.00232900074843456 0.9573496382329331 0.9624830004006849 -0.005569793619904929 -6.298908857378342 2.4567272873614636e-08 0.0349901763778499 0.016943070645069634 0.01804705526163878 0.964015196047793 0.015804221087742657 0.01918595529010725 0.024232608199066016 0.02423260819906979 6.101693087777415 1.8742284046594095
480.0 11.597946383746093 -5.764186096495212 39.053891852481826 -537413.5848989696 1.3011181767820096e-05 25.89698750721203 25.05114719272369 24.911570885390386 165.59265402032116 407.85069809296596 400.000000000001 -0.002430278285284451 0.978228211730314 0.9854166218216391 -0.005633713911344774 -5.561747993714308 2.4619702432905413e-08 0.035747623922079655 0.017328368149272987 0.01841920528040586 0.9866316649254185 0.01617600294457797 0.019571620977501692 0.024759117075293102 0.02475911707531633 5.963670499211225 1.8759105482964502
490.0 11.602483298141259 -5.768325271417706 39.585144484416944 -537162.0996679737 1.3062404417029136e-05 25.978783113673188 25.10986754890464 24.97023145419905 165.2694516173666 407.6042946212575 400.000000000001 -0.002533769728700376 0.9991685587080089 1.0085516594741368 -0.00569029437247361 -4.810832740033892 2.4674003752934473e-08 0.03650637434608655 0.01771581832109305 0.01879050551078395 1.0094739513740367 0.016551414041688882 0.019954960304397664 0.02528632660578605 0.025286326605831744 5.83140795849835 1.8775787681465244
500.0 11.607039669607087 -5.772521306745344 40.10720775311412 -536910.070394278 1.3112758706044624e-05 26.05882058506665 25.166728884188466 25.0269395099532 164.94455774709107 407.3549163876602 400.000000000001 -0.002639482744545287 1.0201726195443508 1.031881075113449 -0.005739398587504347 -4.047090409526803 2.4729837566403892e-08 0.03726650377494072 0.018105472307829162 0.01916098093057269 1.0325403187012916 0.016930534647449976 0.020335969127490746 0.025814279574371338 0.025814279574442843 5.7045427944236735 1.8792355169518875
510.0 11.611615233521988 -5.776773289587853 40.620412019227615 -536657.5161856427 1.3162337104729246e-05 26.13724950530424 25.22187633319147 25.081852369018872 164.61798738419384 407.1026994831837 400.000000000001 -0.0027474251895244235 1.0412420767930874 1.05539713628537 -0.005780899166159469 -3.271416700067999 2.4786878514305925e-08 0.038028082381414904 0.018497376786214968 0.019530655035840047 1.0558283708442135 0.017313438882475295 0.020714643498939603 0.026343016512267718 0.02634301651233598 5.582742322880025 1.8808830361123667
520.0 11.616209755745096 -5.78108033989335 41.12507113465735 -536404.4546888822 1.3211224255657671e-05 26.214205004389854 25.275440627386015 25.135113491311763 164.28975337629169 406.8477668245963 400.000000000001 -0.0028576050843978906 1.0623783624473742 1.079091513078093 -0.005814677437102747 -2.4846765555627153 2.484481620572827e-08 0.038791174293591225 0.01889157398504156 0.019899549725905925 1.0793351317826287 0.017700194806475687 0.021090979487115538 0.026872575592990666 0.026872575593059052 5.4657008323777525 1.882523373108371
530.0 11.620823030084892 -5.785441608864346 41.621483439980295 -536150.9022338284 1.3259497761500779e-05 26.28980930540728 25.327539642612507 25.186853933692973 163.95986662436673 406.5902295288205 400.000000000001 -0.0029700305879846447 1.083582666308946 1.1029553717143075 -0.005840623149334761 -1.6877048748697803 2.4903356059878005e-08 0.03955583755074453 0.01928810172939302 0.020267685214989832 1.1030571226038681 0.018090864524831697 0.021464973025912833 0.02740299255262322 0.027402992552694204 5.353136925091357 1.8841583971014588
540.0 11.6254548760196 -5.789856277466615 42.109932695891096 -535896.8739620347 1.3307228882082015e-05 26.36417309450819 25.378279769237047 25.23719363003137 163.6283362268656 406.33018812168245 400.000000000001 -0.0030847099720332973 1.1048559452781355 1.1269794644768172 -0.005858634179789563 -0.8813070966356467 2.4962219947508805e-08 0.04032212410229523 0.01968699350403113 0.020635079967778983 1.1269904357656513 0.01848550431278218 0.021836619789513047 0.027934300632924368 0.027934300632995866 5.244791165403814 1.885789812828372
550.0 11.63010513664341 -5.794323555025053 42.59068895289564 -535642.3839419412 1.3354483154755512e-05 26.43739673702127 25.427757127582964 25.286242521486315 163.29516963597774 406.0677336032386 400.000000000001 -0.0032016515970563577 1.1261989333954148 1.1511542155349561 -0.005868616246196381 -0.06625968621377525 2.502114664811202e-08 0.04109007984498457 0.02008827853373546 0.02100175065626347 1.1511308061730179 0.018884164755233128 0.02220591508975145 0.02846653054512898 0.02846653054520578 5.14042399090128 1.8874191737856492
560.0 11.63477367681129 -5.798842677900973 43.06400936332652 -535387.4452720133 1.3401320944140526e-05 26.509571358031025 25.476058647985553 25.33410155572066 162.9603727569843 405.80294838885266 400.000000000001 -0.003320863889217299 1.1476121524788172 1.1754698023103598 -0.005870482624377674 0.7566894515344532 2.5079892138523145e-08 0.04185974469376419 0.020491981878521 0.021367712135408057 1.1754736787498383 0.019286890900285274 0.02257285379347892 0.02899971045236601 0.028999710452440798 5.039813860575956 1.8890478934580628
570.0 11.639460381462168 -5.803412908245615 43.530138939572424 -535132.0701731677 1.3447797934504627e-05 26.580779805026587 25.523263032066993 25.380863572934885 162.62395007719297 405.53590714218524 400.000000000001 -0.0034423553182982083 1.1690959232151492 1.1999162320917043 -0.005864153869191391 1.5868206122494417 2.513822972801718e-08 0.04263115268223874 0.020898124541761758 0.021732977435471222 1.200014272248672 0.019693722424677047 0.022937430257561696 0.02953386596868298 0.029533865968775785 4.94275559974505 1.8906772563760013
580.0 11.644165154100609 -5.808033532825016 43.98931126219824 -534876.270071652 1.3493965569850891e-05 26.65109750627105 25.569441609512566 25.426614092592253 162.28590476743653 405.26667751403545 400.000000000001 -0.0035661343768092933 1.1906503765753067 1.2244834136787983 -0.0058495575389913065 2.4234419661282187 2.5195950054510756e-08 0.04340433208879552 0.021306723589476245 0.022097557768849245 1.2247476391048022 0.020104693809430665 0.023299638279364862 0.030069020172987126 0.030069020173053053 4.849058923552025 1.8923084281043547
590.0 11.64888791542099 -5.812703861911677 44.44174914142376 -534620.0556734013 1.3539871445041922e-05 26.720593236768398 25.61465910267046 25.471432012868945 161.94623877744286 404.99532079891753 400.000000000001 -0.0036922095602728152 1.2122754654360546 1.2491612238994538 -0.005826627922714789 3.265889249775242 2.5252860955933918e-08 0.0441793055848769 0.0217177922789603 0.02246146254971576 1.2496687211940571 0.02051983452407862 0.023659471060798284 0.030605193635930242 0.030605193636001914 4.758547118052091 1.8939424640507152
600.0 11.653628602057882 -5.817423228238757 44.887665235205404 -534363.4370307771 1.3585559661758319e-05 26.78932980371434 25.65897430964992 25.515390234802624 161.60495291611875 404.72189251970985 400.000000000001 -0.0038205893486802957 1.2339709763023805 1.2739395689117146 -0.0057953057704439575 4.113525462068811 2.53087872305051e-08 0.044956090402099386 0.022131340195409792 0.022824699424518088 1.2747724014137582 0.020939169217943594 0.02401692118415579 0.03114240445856753 0.031142404458644454 4.671055854215851 1.895580318227644
610.0 11.658387165453039 -5.822190986012856 45.327262626968576 -534106.4236024878 1.3631071145968207e-05 26.857364659528635 25.702440715182817 25.55855621927433 161.26204692670603 404.44644294902537 400.000000000001 -0.003951282189148384 1.2557365410352337 1.2988084402543056 -0.0057555380264485406 4.96574055256645 2.5363570298964894e-08 0.04573469851523214 0.02254737339487503 0.023187274312001342 1.3000535510470064 0.021362717917025653 0.024371980598206486 0.03168066832088655 0.0316806683209738 4.586432125082234 1.8972228510062719
620.0 11.66316357082329 -5.827006509981658 45.76073536580887 -533849.0243074084 1.3676443932128023e-05 26.924750450459435 25.745107037326804 25.60099248479099 160.91751955234128 404.169017575166 400.000000000001 -0.004084296479766778 1.2775716484999693 1.3237579656684473 -0.005707277565535379 5.821951093204924 2.5417067781446425e-08 0.04651513683825291 0.02296589455235673 0.02354919145116833 1.3255070729217744 0.02179049622514262 0.02472464061311029 0.03221999853913805 0.03221999853920643 4.504533290358259 1.8988708360180058
630.0 11.667957796222833 -5.831869194552976 46.18826897180828 -533591.2475729282 1.3721713424056698e-05 26.9915355091878 25.787017717068274 25.642757054430383 160.57136861158895 403.8896575190747 400.000000000001 -0.004219640554621032 1.2994756560609186 1.3487784547574098 -0.005650482932438425 6.68159992604414 2.5469153000972295e-08 0.04729740743097456 0.023386903113714705 0.023910453455997377 1.3511279404109326 0.022222515528055528 0.02507489190291904 0.03276040613050789 0.03276040613056219 4.425226211423565 1.9005249673471165
640.0 11.672769831689006 -5.836778452962013 46.610040908908445 -533333.101378394 1.3766912628659849e-05 27.057764296138643 25.828213357016526 25.683903856541882 160.22359104993487 403.60839990811576 400.000000000001 -0.004357322669978119 1.3214478008570143 1.3738604395967575 -0.005585118084961571 7.544155781679709 2.5519714425037263e-08 0.0480815077139358 0.023810395450353215 0.024271061375647718 1.3769112323580879 0.022658783199401136 0.025422724514534673 0.03330189988415409 0.03330189988419886 4.348386473215845 1.9021858657012864
650.0 11.677599678464826 -5.841733716483807 47.02622102761693 -533074.5932941522 1.3812072366575432e-05 27.12347779518374 25.868731114631508 25.724483084742744 159.87418298818082 403.32527821161636 400.000000000001 -0.004497350991614689 1.3434872108019573 1.3989947104409968 -0.005511152140786213 8.409112864576809 2.5568655055997475e-08 0.04886743068947228 0.024236365015559876 0.02463101475919162 1.4028521640398037 0.02309930280733116 0.02576812788214112 0.03384448643736245 0.033844486437407686 4.273897680844804 1.903854084012547
660.0 11.682447348289294 -5.846734433688077 47.436971979647396 -532815.7305166423 1.3857221464326581e-05 27.18871386904217 25.90860505478755 25.764541522335627 159.52313976973682 403.0403225426028 400.000000000001 -0.004639733583250176 1.365592915260894 1.424172346706548 -0.00542855912851365 9.275990403062966 2.561589178035729e-08 0.0496551651670694 0.024664802501599623 0.02499031172387328 1.4289461143028193 0.023544074320845668 0.026111090846223737 0.03438817035592871 0.03438817035597746 4.201650821836436 1.905530112839995
670.0 11.68731286275176 -5.851780069733863 47.842449606455205 -532556.5198999462 1.3902386931273988e-05 27.253507578792323 25.94786646592099 25.804122835356594 159.17045600162152 402.75355992939245 400.000000000001 -0.004784478396052801 1.387763855363609 1.4493847434357314 -0.005337317743191862 10.144332162980088 2.5661354686299652e-08 0.050444695991303086 0.025095695996686148 0.025348949026078052 1.4551886490344201 0.023993094314892945 0.02645160167641015 0.034932954217825773 0.034932954217882485 4.131543686338147 1.9072143856765496
680.0 11.692196252702708 -5.856870105701535 48.2428033034716 -532296.9679841537 1.3947594116310385e-05 27.317891470101067 25.986544143528977 25.843267836633384 158.8161256127096 402.46501456046735 400.000000000001 -0.004931593259176871 1.4099988939211112 1.4746236334676845 -0.005237411106812171 11.01370592509741 2.570498635809548e-08 0.05123600427083036 0.025529031141078143 0.025706922134226873 1.4815755411410745 0.024446356173384858 0.02678964809744551 0.03547883869938064 0.03547883869941668 4.063480342044567 1.9089072835430991
690.0 11.697097557716418 -5.862004037959898 48.638176361714166 -532037.0810208732 1.3992866853494477e-05 27.381895830468324 26.024664644368357 25.88201472491168 158.46014186699745 402.17470800551655 400.000000000001 -0.005081085871309739 1.4322968249191663 1.49988110555664 -0.005128826533852587 11.883702927293074 2.5746741155257677e-08 0.05202906760706575 0.025964791281543033 0.02606422530298888 1.508102787221599 0.02490385028935378 0.027125217317711985 0.036025822663093794 0.0360258226631561 3.9973706571450682 1.9106091391668247
700.0 11.70201682560144 -5.867181377566281 49.028706288328586 -531776.8649961776 1.403822759608517e-05 27.44554892058603 26.06225251434328 25.9203993018923 158.1024973984304 401.88265941516744 400.000000000001 -0.005232963793146632 1.4546563825689747 1.5251496186937339 -0.005011555302867121 12.75393727329127 2.5786584483655513e-08 0.052823860321327056 0.02640295762370915 0.02642085164807495 1.5347666211344864 0.025365564261563722 0.027458296059763333 0.036573903246713294 0.036573903246790926 3.933129863698018 1.912320241301241
710.0 11.706954111954651 -5.8724016496976486 49.414525107499095 -531516.3256512501 1.408369753538426e-05 27.508877181456214 26.099330492744137 25.958455168567788 157.74318425454547 401.5888857016858 400.000000000001 -0.005387234440783352 1.4770762498998 1.5504220128884216 -0.004885592433512963 13.624045310308627 2.5824492064933776e-08 0.05362035367938412 0.026843509381552215 0.02677679322130013 1.5615635246573283 0.02583148308694414 0.02778887059243998 0.03712307595254929 0.03712307595263993 3.8706781610902268 1.9140408383807241
720.0 11.711909479753942 -5.877664393110875 49.795759643057124 -531255.4685009657 1.4129296711050025e-05 27.57190542046835 26.135919695228303 25.996213903790654 157.38219391175977 401.2934014532093 400.000000000001 -0.0055439050799634924 1.4995550668842532 1.5756915166777001 -0.004750936470158721 14.493684978477956 2.5860449210042024e-08 0.05441851611246018 0.027286423923713082 0.0271320410852671 1.5884902354477126 0.026301589348302404 0.02811692676415778 0.03767333473685144 0.03767333473692913 3.809940354582327 1.9157711418316465
730.0 11.716882998988263 -5.882969159630477 50.17253178402976 -530994.2988506237 1.4175044115775122e-05 27.634656979075743 26.17203977768038 26.03370522745041 157.01951729612858 400.99622015516934 400.000000000001 -0.005702982821121912 1.5220914380910056 1.6009517516253315 -0.004607589271794412 15.362535135225723 2.5894450101863098e-08 0.05521831343388002 0.02773167691610924 0.027486585387402868 1.6155437525089247 0.0267758633968286 0.02844245003705142 0.03822467209853174 0.03822467209860903 3.7508455219126278 1.9175113297284492
740.0 11.721874746321301 -5.888315513662217 50.54495873427119 -530732.8218110189 1.4220957786663382e-05 27.697153882581055 26.207709082876043 26.070957148505208 156.6551448227717 400.6973528410418 400.000000000001 -0.005864474615199858 1.5446839398641152 1.6261967340758472 -0.004455555808939325 16.230294858047987 2.5926497091373586e-08 0.05601970905065863 0.02817924246057809 0.027840415432904213 1.6427213393670819 0.027254283528978858 0.028765425521679773 0.038777079167005374 0.03877707916708262 3.6933267101388862 1.9192615497994
750.0 11.726884804784945 -5.893703031731039 50.91315324723544 -530471.0423120309 1.4267054889210233e-05 27.759416974135164 26.242944771675077 26.107996099716594 156.28906639530362 400.3968088794718 400.000000000001 -0.006028387250163859 1.5673311270309416 1.6514208744185706 -0.004294843967321514 17.096682729243824 2.5956600011064927e-08 0.056822664169426704 0.028629093229147917 0.028193519756392164 1.6700205251579916 0.027736826157370748 0.02908583801205596 0.039330545788584075 0.03933054578866131 3.637320659657449 1.9210219217770899
760.0 11.731913263501113 -5.899131302041958 51.27722384687908 -530208.965114881 1.4313351797722972e-05 27.821466035794323 26.27776294030146 26.144847061680192 155.92127143539108 400.0945960850977 400.000000000001 -0.006194727348181413 1.5900315391445976 1.6766189741141302 -0.004125464358786426 17.96143610624878 2.5984775508837737e-08 0.057627137996196565 0.02908120059374812 0.028545886191967684 1.6974391038210772 0.02822346597539875 0.029403672020797817 0.039885060611226965 0.03988506061130389 3.582767547493596 1.922792540378365
770.0 11.736960217430092 -5.904599924062605 51.63727503560977 -529946.5948232015 1.435986416827045e-05 27.88331989663557 26.31217872511251 26.181533675910263 155.55174889317107 399.790720819316 400.000000000001 -0.006363501363414278 1.6127837062691786 1.7017862207253076 -0.003947430139474179 18.824310381188035 2.6011046405002046e-08 0.05843308792955701 0.029535534751131624 0.02889750194148416 1.7249751315892325 0.02871417619940924 0.029718911730147773 0.04044061116732897 0.04044061116740523 3.5296107529680194 1.9245734777242753
780.0 11.742025767142561 -5.910108508126182 51.9934074901269 -529683.9358930406 1.4406607003721572e-05 27.944996529341367 26.346206396122113 26.218078348156787 155.18048726910624 399.485188081978 400.000000000001 -0.0065347155803737594 1.6355861543182608 1.7269181811845806 -0.003760756835383268 19.685078233205427 2.6035441074523553e-08 0.05924046974696184 0.029992064842850153 0.02924835364086064 1.7526269229565452 0.02920892859913443 0.030031541147827412 0.04099718395431612 0.040997183954388276 3.477796643036653 1.9263647854217036
790.0 11.747110018613391 -5.915656675053679 52.34571824594306 -529420.9926419198 1.4453594716345942e-05 28.006513137044706 26.379859440419864 26.254502343524983 154.80747461762752 399.17800159489275 400.000000000001 -0.006708376112797699 1.6584374099591614 1.7520107935197249 -0.0035654621753646925 20.5435288770078 2.6057992856192085e-08 0.06004923778385292 0.030450759070155885 0.029598427424303256 1.7803930452976302 0.02970769348368017 0.030341544300172742 0.04155476451283911 0.04155476451291184 3.4272743739454476 1.9281664966526875
800.0 11.752213083036882 -5.921244055794313 52.69430087132338 -529157.7692570429 1.4500841188199866e-05 28.067886231827323 26.41315063651812 26.290825874579742 154.43269855735696 398.86916387781366 400.000000000001 -0.00688448890299501 1.6813360050973674 1.777060357247585 -0.0033615659316371923 21.399467310910776 2.6078739489971305e-08 0.06085934510543556 0.030911584803763287 0.029947708986318815 1.80827231230412 0.03021043990604008 0.030648905199395483 0.042113337502433845 0.042113337502510166 3.3779957070669484 1.9299786285083098
810.0 11.75733507665985 -5.926870291083138 53.03924563131754 -528894.269802751 1.4548359807987102e-05 28.129131700685992 26.446092120557644 26.32706817805348 154.05614630284893 398.55867631774004 400.000000000001 -0.0070630597216294645 1.7042804809561574 1.802063522632511 -0.0031490897677463607 22.252713567483656 2.6097722583399925e-08 0.06167074367096244 0.0313745086883979 0.030296183641449852 1.836263776393362 0.03071713586467655 0.030953607806285886 0.042672886774475643 0.04267288677456088 3.3299148469968034 1.931801181934433
820.0 11.76247612063268 -5.932535031114909 53.38063964252321 -528630.4982273052 1.4596163573976062e-05 28.19026488069823 26.47869544521482 26.36324760170325 153.67780464104953 398.2465392320273 400.000000000001 -0.007244094167882739 1.7272693917682296 1.8270172789949832 -0.0029280570940122654 23.103101969691835 2.611498710758884e-08 0.06248338449046033 0.031839496742134925 0.030643836381662917 1.8643667202367125 0.031227748500676677 0.031255635989783655 0.04323339544236418 0.043233395442453276 3.2829882625757634 1.9336341500507772
830.0 11.767636340876875 -5.938237935233332 53.718567019169726 -528366.4583690723 1.4644264943880883e-05 28.251300566044346 26.510971632070543 26.399381623802924 153.29765995688805 397.932752556491 400.000000000001 -0.007427597669972863 1.750301308096378 1.8519189422414284 -0.002698492930324892 23.950480395204075 2.6130580923038864e-08 0.06329721777386749 0.03230651445051666 0.0309906519313684 1.8925806475435585 0.03174224428875548 0.03155497348511199 0.04379484594882685 0.04379484594891588 3.237174630509731 1.9354774942826194
840.0 11.772815867967982 -5.943978671634838 54.05310901107144 -528102.1539621763 1.4692676607441547e-05 28.31225322554567 26.54293121812897 26.435487083770592 152.9156968625196 397.6173144239973 400.000000000001 -0.00761357548597814 1.7733748198012185 1.8767661417750792 -0.0024604237762928067 24.79470955131125 2.6144554335257957e-08 0.0641121930726023 0.03277552685550478 0.03133661480003708 1.9209052732293777 0.03226058921839552 0.03185160385420677 0.044357220130328515 0.04435722013041555 3.1924344382252055 1.9373312233878162
850.0 11.778014837031083 -5.949756917086132 54.38434413395622 -527837.5886416833 1.4741408788980527e-05 28.373135559015253 26.57458429710657 26.471578752081825 152.53183759922376 397.30022231619273 400.000000000001 -0.007802032704936292 1.7964885386737457 1.9015568069334283 -0.002213877488584438 25.635662262655075 2.6156959679909566e-08 0.06492825941360582 0.03324649863930693 0.03168170933241589 1.9493405130850485 0.03278274896389935 0.03214551044970647 0.04492049927852848 0.04492049927861276 3.1487336338081473 1.9391942535239033
860.0 11.78323338860908 -5.955572356677858 54.71234829578948 -527572.7659477394 1.479048760646246e-05 28.433958792165257 26.605940556287948 26.50766963891357 152.1456039383135 396.9814727844573 400.000000000001 -0.007992974248903129 1.8196411009000535 1.9262891532516877 -0.0019588831662766598 26.473222775378254 2.6167850937132965e-08 0.06574536543131548 0.033719394205921335 0.03202591975895719 1.9778864732349029 0.033308689070655526 0.03243667636065996 0.045484664202630434 0.04548466420271061 3.1060498365517706 1.9410623825100677
870.0 11.788471692164542 -5.9614246841478655 55.03719499045968 -527307.6893147719 1.4840084112976895e-05 28.494761914730162 26.637009314792138 26.54380024225508 151.75575222086363 396.6610600236653 400.000000000001 -0.008186404892780311 1.8428311727752749 1.9509616724750825 -0.0016954710645458557 27.30728611885514 2.617728337712467e-08 0.06656345961987521 0.03419417782368626 0.03236923030547925 2.0065434436132414 0.03383837515285923 0.03272508446701598 0.04604969538032803 0.046049695380402406 3.0643335663466935 1.9429401012776317
880.0 11.793730000806496 -5.967326878450871 55.35858079686237 -527043.991477513 1.4890434973936533e-05 28.555610406374306 26.667798277492736 26.58003727825605 151.3617400381201 396.340118863292 400.000000000001 -0.008382329308147219 1.8660574607209686 1.9755731281182598 -0.0014236725432614622 28.137757541324373 2.618531324457068e-08 0.06738249073973335 0.034670813846444326 0.032711625378599674 2.035311897466425 0.034371772933085715 0.033010717806647646 0.046615573222359846 0.04661557322242594 3.023482544837014 1.9448492005335387
890.0 11.799008577202965 -5.973269155029549 55.67684287316606 -526780.5196381544 1.4941203432359206e-05 28.616474439258326 26.69831711007688 26.616351912933666 150.96708608877168 396.0178154447517 400.000000000001 -0.008580751980534044 1.8893186955211125 2.0001225263246565 -0.0011435199188136146 28.964551599558625 2.6191997502654063e-08 0.06820240728229139 0.03514926643062419 0.033053089313303044 2.064192463322901 0.034908847882472754 0.03329355939981864 0.047182277667047676 0.04718227766711246 2.9834660146429375 1.9467900746814635
900.0 11.80430743291808 -5.979229508834442 55.99266043533257 -526514.6111267065 1.4991447680316276e-05 28.677216159228717 26.728576224510654 26.65260710206605 150.57940850609606 395.69227709840027 400.000000000001 -0.00878167702277968 1.912613596287112 2.0246090571626705 -0.0008550461271792765 29.787591156279046 2.6197393482823103e-08 0.06902315624214558 0.0356294989179606 0.03339360576246331 2.093185865353279 0.035449564755363754 0.03357359148678182 0.04774978727023686 0.04774978727030301 2.944328346617697 1.9487394141972196
910.0 11.809626240140137 -5.985191514951186 56.30655194938518 -526244.2767592375 1.5040272342610095e-05 28.73771245147293 26.758585044294243 26.688680383355102 150.20674337018156 395.3621353086743 400.000000000001 -0.008985108157556227 1.9359408685901467 2.049032068117827 -0.0005582845322072941 30.606806859238656 2.620155849954599e-08 0.0698446831514313 0.03611147388984204 0.03373315767684061 2.1222928991045373 0.03599388767888062 0.033850795472550696 0.04831807919795546 0.04831807919802546 2.9060733165816615 1.9506868487563738
920.0 11.814964403878786 -5.99114434778714 56.6188749418146 -525968.2061439404 1.5087073293947676e-05 28.79788529653475 26.788352069445914 26.72449423183511 149.8548549235975 395.0265222445755 400.000000000001 -0.009191048816416768 1.9592992251236927 2.073391064699648 -0.0002532688889377546 31.42213684971776 2.6204549532175892e-08 0.07066693291973533 0.03659515363109372 0.034071727681209876 2.1515144364003875 0.036541780622544116 0.034125152297191215 0.04888712980406654 0.04888712980413493 2.8686774119117686 1.9526311142162815
930.0 11.820321168246561 -5.997082799880003 56.92982595399185 -525685.7728154666 1.5131551626886613e-05 28.85769620913059 26.81788494535256 26.760010492562692 149.52651214956734 394.68506510316456 400.000000000001 -0.009399502257756884 1.9826874090413524 2.097685716567902 5.996665795777037e-05 32.23352648763135 2.6206422963982534e-08 0.07148985076136755 0.0370805006325627 0.0344092984990469 2.1808514360554825 0.03709320790465906 0.03439664285670849 0.049456915277174496 0.049456915277240276 2.832115037930474 1.9545719931997891
940.0 11.825695724895253 -6.003007300981855 57.23944049527192 -525397.039395901 1.5173717195380553e-05 28.917146621923067 26.847190527875263 26.79523075827433 149.22140502826886 394.3378803738867 400.000000000001 -0.009610471677116188 2.006104214821758 2.121915863648737 0.0003813875672836249 33.04092803864922 2.620723437460257e-08 0.07231338302343787 0.03756747803532752 0.03474585333639495 2.2103049543314093 0.03764813464429593 0.034665248379141936 0.05002741222225179 0.050027412222315853 2.7963616187340428 1.9565092819557455
950.0 11.831087323455376 -6.008923937428948 57.547592994065596 -525102.7627842734 1.5213893199187263e-05 28.976279552642076 26.876274945047754 26.83019803031992 148.93612774646027 393.9855680305983 400.000000000001 -0.009823960308209402 2.029548506526164 2.1460815223221528 0.0007109588832050332 33.844300327718344 2.6207038386200976e-08 0.0731374779083005 0.038056050012676645 0.035081376222330256 2.239876155179938 0.038206527159348774 0.03493095074895172 0.05059859817163608 0.05059859817169893 2.761393692432617 1.9584427575671337
960.0 11.836495384026945 -6.014844471803917 57.8539967470519 -524804.3993752805 1.5252726073430314e-05 29.035184661233142 26.905143655719076 26.865001769449464 148.66431823814312 393.62920564522585 400.000000000001 -0.010039971513143457 2.0530192333463013 2.1701828917836794 0.001048645202941457 34.64360836326193 2.6205888563445086e-08 0.07396208608514185 0.03854618208664526 0.03541585230401269 2.2695663203442984 0.03876835331347829 0.035193732771663544 0.05117045202089846 0.051170452020959184 2.7271800464828178 1.9603748511106471
970.0 11.841919609337598 -6.020786362838795 58.158203858725194 -524504.1103095312 1.529115327540162e-05 29.094005785719958 26.933801504859883 26.899785425470874 148.39780778280013 393.27034256818536 400.000000000001 -0.01025850885840398 2.076515441962407 2.1942203602490773 0.001394410629726603 35.43882293163636 2.620383736693101e-08 0.07478716117195458 0.03903784136892104 0.0357492680877539 2.2993768589215007 0.039333582747040054 0.03545357842491452 0.05174295437531623 0.05174295437537458 2.6936484726234697 1.962320993282461
980.0 11.847360037100083 -6.02677278410086 58.459604976581716 -524204.766794343 1.5330010653353292e-05 29.15288146900378 26.96225276115834 26.934686968354796 148.12988349802146 392.9109978698668 400.000000000001 -0.01047957612880759 2.100036276278642 2.2181945006489863 0.0017482187645678987 36.22992005726793 2.6200936152420125e-08 0.0756126597473232 0.0395309965495126 0.03608161146213442 2.3293093051026323 0.03990218687378811 0.03571047287353509 0.05231608756166639 0.052316087561720834 2.6607147977548973 1.964301123013357
990.0 11.852816893033474 -6.032799080605655 58.758375752218726 -523905.8367304752 1.5369440878159282e-05 29.211831074653432 26.990504359394208 26.96972504369323 147.85842445553163 392.5507729681876 400.000000000001 -0.010703177170479462 2.1235809433385366 2.242106030960195 0.0021100328626970843 37.016880080313015 2.6197235179751375e-08 0.07643854013668419 0.04002561724233891 0.03641287113867549 2.359365276851942 0.04047413826949317 0.035964401867191007 0.05288983476085086 0.052889834760900985 2.6283939278325184 1.966304614155845
1000.0 11.858290352212778 -6.038857982473493 59.05476419716706 -523606.4595246719 1.5409193234584988e-05 29.270809974848547 27.018563239338242 27.004854211841995 147.58448057316565 392.1890471307331 400.000000000001 -0.0109293157133027 2.147148676409751 2.2659557630065525 0.002479816093894926 37.799686884594074 2.6192783503282687e-08 0.07726476113778813 0.040521673330011956 0.03674303603251952 2.389546422685844 0.04104941007990902 0.036215351057879104 0.053464179085081526 0.05346417908512516 2.59672831012078 1.968311731321099
1010.0 11.863780528661229 -6.0449492594656995 59.348818106492615 -523306.63616178394 1.5449177157556786e-05 29.329814855436055 27.04643545616012 27.04007026319054 147.3090768108994 391.82581109557884 400.000000000001 -0.011157995383992668 2.1707387367511415 2.289744592245514 0.0028575315919541983 38.578327613775755 2.6187628866999456e-08 0.07809128215055605 0.04101913504189904 0.03707209531422396 2.4198544129534887 0.041627976115990825 0.03646330603456523 0.05403910366190661 0.05403910366194089 2.5656953235557545 1.970323484942445
1020.0 11.869287525693915 -6.051072686577104 59.64058389437595 -523006.36762544047 1.548939431859713e-05 29.388857093237853 27.074126897406046 27.075383595900995 147.0324843442335 391.46105614134774 400.000000000001 -0.011389219749112538 2.1943504210065967 2.313473497336858 0.003243142435175223 39.35279242239349 2.61818176576845e-08 0.07891806349442784 0.04151797311820299 0.03740003856302937 2.4502909412785896 0.042209808066985835 0.036708255427442014 0.05461459185779968 0.05461459185782196 2.5352670147509713 1.9723430007331655
1030.0 11.874811448549085 -6.057228043648921 59.930106702105505 -522705.65482138674 1.55298503963746e-05 29.447945549337057 27.10164329191683 27.110802015541484 146.7547201589332 391.09477325699766 400.000000000001 -0.011622992329644305 2.217983062667753 2.3371435337955693 0.0036366116608757826 40.123074184236565 2.6175394866195507e-08 0.07974506650992404 0.042018158862657695 0.037726855815725616 2.480857719484408 0.04279486750861418 0.036950199001309865 0.05519062734795022 0.05519062734795333 2.5054249253217495 1.9743706026243193
1040.0 11.880352404448292 -6.063415115241154 60.21743044648271 -522404.49857849244 1.5570550094962124e-05 29.50708834465661 27.12899021514292 27.146332518734145 146.47577591025888 390.7269531424132 400.000000000001 -0.011859316605636246 2.241636031502714 2.3607558259224595 0.004037902288604967 40.88916819728078 2.6168404056844645e-08 0.08057225358565365 0.042519664156243024 0.0380525375799448 2.511556470486682 0.04338313556105934 0.03718911802459429 0.05576719413342475 0.0557671941333278 2.476152627853744 1.9764061661251788
1050.0 11.885910502583492 -6.069633690511327 60.502597865644304 -522102.8996501606 1.5611498320075562e-05 29.566293547433837 27.156173094060875 27.181981988216975 146.19564310562274 390.35758621335003 400.000000000001 -0.012098196020743524 2.2653087329286374 2.3843115592168598 0.004446977341079075 41.651071907854686 2.6160887345692978e-08 0.08139958818172738 0.04302246146862053 0.03837707484613878 2.542388921563863 0.0439746145561585 0.03742497362556886 0.056344276556388205 0.05634427655627163 2.447434221525277 1.9784495996126914
1060.0 11.89148585410884 -6.075883563097735 60.785650562785 -521800.85871565016 1.5652699876051026e-05 29.625569091486824 27.18319721177587 27.21775711820094 145.9143131169783 389.9866626057551 400.000000000001 -0.0123396339867234 2.2890006073524822 2.407811973285882 0.004863799861740001 42.40878465349679 2.6152885386999026e-08 0.08222703485035934 0.04352652386800236 0.03870045909831196 2.5733567980276257 0.044569322139346564 0.03765771271101278 0.05692185931437019 0.05692185931429107 2.4192544216706917 1.9805008046466352
1070.0 11.897078572134218 -6.082164531007132 61.06662904787835 -521498.37638134335 1.5694159555915937e-05 29.684922805360017 27.210067711849135 27.253664450130145 145.6317771736423 389.6141721796079 400.000000000001 -0.012583633887879309 2.3127111294806086 2.431258355229866 0.005288332930576171 43.16230742374101 2.614443736699363e-08 0.08305455925366649 0.04403182502916335 0.0390226823238087 2.604461817279544 0.04516728311485607 0.03788727613881042 0.05749992747295608 0.05749992747292011 2.3915985010896708 1.9825596865134454
1080.0 11.902688771722287 -6.0884763965065645 61.345572777516836 -521195.4531819429 1.5735882127980275e-05 29.744362412169835 27.236789602398908 27.289710378671806 145.348026384913 389.2401045221822 400.000000000001 -0.012830199085450737 2.336439807606433 2.454652033498025 0.005720539677646863 43.91164263811219 2.6135581004284146e-08 0.0838821281789428 0.04453833923993385 0.03934373702209458 2.635705683255157 0.04576852450948075 0.03811360366946206 0.058078466477339 0.05807846647734849 2.3644522706698603 1.984626151956114
1090.0 11.908316569887784 -6.094818966019233 61.62252019296831 -520892.089581611 1.5777872347741777e-05 29.803895535951682 27.26336776001174 27.325901163750505 145.0630517087481 388.86444895091 400.000000000001 -0.013079332921952753 2.3601861828818076 2.4779943722011737 0.006160383294433712 44.656793940590276 2.6126352556203098e-08 0.08470970955158566 0.04504604140630476 0.03966361621257786 2.6670900812494116 0.04637307054701997 0.0383366390045657 0.05865746216282835 0.05865746216288287 2.3378020540931885 1.9867001094467098
1100.0 11.913962085599518 -6.101192050024182 61.89750875654721 -520588.28597504785 1.5820134964579573e-05 29.863529707352086 27.2898069334951 27.362242941485867 144.776843983536 388.4871945157255 400.000000000001 -0.013331038725459234 2.3839498285766214 2.501286765866216 0.006607827043366641 45.39776600980395 2.6116786830455215e-08 0.08553727244582411 0.04555490705620753 0.039982313441557685 2.6986166731150476 0.04698093754288387 0.03855633490294023 0.05923690076430205 0.05923690076439503 2.311634663223259 1.9887814696920882
1110.0 11.919625439784998 -6.107595462959674 62.170574986391124 -520284.04268851376 1.5862674727223642e-05 29.92327236784172 27.316111747498827 27.398741733224163 144.48939389204224 388.1083300009868 400.000000000001 -0.01358531981383336 2.4077303493314783 2.5245306346175562 0.0070628342656392186 46.134564384223154 2.6106917201467567e-08 0.08636478709341572 0.04606491234209033 0.040299822788344854 2.7302870928261243 0.04759212871638914 0.03877265837702658 0.059816768924692704 0.05981676892481226 2.2859373776324703 1.9908701450919288
1120.0 11.925306755336653 -6.114029023130071 62.44175448972374 -519979.3599807983 1.590549638993489e-05 29.98313087527246 27.342286706028197 27.435403455503252 144.2006919937993 387.7278439270542 400.000000000001 -0.013842179498900903 2.4315273804076174 2.5477274197692084 0.007525368387440667 46.86719530162432 2.609677563088411e-08 0.087192224890463 0.04657603404239781 0.04061613887059834 2.7621029423973136 0.04820662861564576 0.03898559627481722 0.06039705370258178 0.06039705370270519 2.2606979224919006 1.992966050248123
1130.0 11.931006157121086 -6.1204925526161 62.71108199469069 -519674.2380441331 1.5948604720166463e-05 30.043112508890516 27.36833619586851 27.472233929079287 143.9107286956659 387.3457245513937 400.000000000001 -0.0141016210905718 2.4553405869381137 2.5708785798112306 0.0079953929247616 47.595665552120344 2.6086392691686978e-08 0.08801955840250304 0.047088249562053874 0.04093125684893237 2.7940657881493953 0.048824405963760725 0.0391951524387423 0.060977742578964676 0.06097774257905279 2.235904449267543 1.9950691018474433
1140.0 11.93672377199021 -6.126985877188352 62.97859138083894 -519368.6770050523 1.5992004502023102e-05 30.1032244736876 27.394264489936766 27.509238886914552 143.6194942656474 386.9619598693754 400.000000000001 -0.014363647900916845 2.479169663183656 2.593985586773046 0.00847287148690281 48.31998234405326 2.6075797595462573e-08 0.08884676136800468 0.047601536932039376 0.04124517243083574 2.8261771573101013 0.049445443698340696 0.039401317669663975 0.061558823463246475 0.06155882346324133 2.2115455171281564 1.997179218626322
1150.0 11.942459728793946 -6.1335088262238875 63.24431570830846 -519062.6769252055 1.6035700542657583e-05 30.163473905758448 27.42007575057263 27.546423982813593 143.3269788402789 386.5765376147071 400.000000000001 -0.014628263248180654 2.503014331795198 2.6170499229448527 0.008957767779007317 49.040153182061715 2.606501822236112e-08 0.0896738087003805 0.04811587480809834 0.041557881873977603 2.8584385349378465 0.05006973040906562 0.039604078291314876 0.06214028469843398 0.06214028469843601 2.1876100747259413 1.999296321646502
1160.0 11.948214158395718 -6.140061232625825 63.50828724581186 -518756.2378021125 1.6079697678337984e-05 30.223867876826986 27.445774032785195 27.58379479888146 143.0331723973535 386.1894452595029 400.000000000001 -0.014895470460757308 2.5268743430898395 2.640073077945527 0.009450045602859669 49.75618575667707 2.6054081153369558e-08 0.09050067648874902 0.048631242468910735 0.04186938198879702 2.8908513611633984 0.050697256315790244 0.03980342017295875 0.06272211506600296 0.06272211506602235 2.1640874439820768 2.0014203340653287
1170.0 11.953987193689292 -6.146642932745788 63.770537497452594 -518449.3595698747 1.612400077718858e-05 30.284413398550896 27.47136328745391 27.62135685244201 142.73806477251367 385.8006700140721 400.000000000001 -0.015165272881113304 2.5507494743364028 2.6630565461088866 0.009949668857561742 50.468087844767695 2.6043011704466146e-08 0.09132734199738464 0.04914761981338146 0.04217967014066383 2.923417028726662 0.05132801097318934 0.03999933102419527 0.06330430378977517 0.0633043037897923 2.140967304272995 2.003551181119105
1180.0 11.95977896961736 -6.153253766309119 64.03109722844778 -518142.0420998358 1.6168614746686822e-05 30.345117428171 27.49684736449794 27.659115603992486 142.44164565584381 385.4101988263802 400.000000000001 -0.015437673869666744 2.5746395290574347 2.686001824178521 0.010456601539012175 51.17586722022719 2.6031833962351706e-08 0.0921537836641052 0.049664987357457835 0.04248874425144873 2.9561368808051034 0.05196198441577707 0.04019179924832812 0.06388684053941997 0.06388684053943375 2.1182396766964002 2.005688790435715
1190.0 11.965589623192868 -6.159893576342711 64.28999648981402 -517834.28520118725 1.6213544536873894e-05 30.405986872493663 27.522230016017126 27.697076463202 142.14390458366108 385.0180183812011 400.000000000001 -0.01571267680863317 2.598544336348582 2.708910409291665 0.010970807738585593 51.879531574295115 2.602057082142789e-08 0.09297998109767604 0.05018332623046588 0.04279660280059107 2.9890122091196827 0.05259916698429537 0.04038081411338065 0.06446971543349161 0.06446971543350198 2.0958949103227464 2.0078330917709826
1200.0 11.9714192935209 -6.16656220910542 64.5472646420589 -517526.08862153254 1.6258795145937902e-05 30.467028593245917 27.547514899406174 27.73524479601279 141.8448309473714 384.62411509899607 400.000000000001 -0.01599028510581839 2.6224637502159625 2.7317837972331263 0.011492251641258803 52.57908844491327 2.6009244021726537e-08 0.09380591507429789 0.05070261817098089 0.0431032448257162 3.0220442523044135 0.05323954913546079 0.04056636593883709 0.06505291904196572 0.06505291904197255 2.0739236680785624 2.0099840172771706
1210.0 11.977268121823816 -6.173259514020886 64.80293037794027 -517217.4520473938 1.6304371624948017e-05 30.52824941140149 27.572705580445664 27.773625930458103 141.54441396892918 384.2284751344715 400.000000000001 -0.016270502198387056 2.6463976489338945 2.7546234809433883 0.012020897523161576 53.274545154564976 2.5997874187530324e-08 0.09463156753330358 0.051222845522336816 0.043408669922822746 3.0552341945288815 0.053883121251659796 0.04074844628164378 0.06563644238838345 0.06563644238838673 2.052316914481022 2.012141501215954
1220.0 11.983136251466593 -6.179985343612753 65.05702174432567 -516908.37510467845 1.6350279080153512e-05 30.589656111699078 27.597805536369755 27.812225162436157 141.2426427266604 383.8310843749224 400.000000000001 -0.01655333155659561 2.670345934423449 2.777430949262924 0.012556709748650372 53.96590875603972 2.5986480866441426e-08 0.09545692157212743 0.05174399122781605 0.04371287824606233 3.088583164360232 0.05452987343406352 0.0409270481380639 0.06622027695162133 0.06622027695162189 2.031065903043022 2.0143054800963123
1230.0 11.989023827984681 -6.186739553442131 65.30956616320707 -516598.857359092 1.6396522679938512e-05 30.651255448124303 27.622818158911343 27.8510477622274 140.93950614108033 383.4319284382917 400.000000000001 -0.016838776687491133 2.6943085316533244 2.8002076858969023 0.013099652766979383 54.65318598561204 2.5975082568683355e-08 0.09628196144064742 0.05226603882558502 0.04401587050714599 3.1220922338534427 0.05517979620089884 0.041102165239748564 0.06680441466733876 0.06680441466733632 2.0101621643177885 2.0164758928244524
1240.0 11.994930999113622 -6.193522002047256 65.56059045190857 -516288.89831650234 1.64431076583935e-05 30.713054148147773 27.647746757323517 27.890098979564133 140.63499295980884 383.03099267095405 400.000000000001 -0.017126841138595302 2.718285388063598 2.822955168583638 0.013649691108649824 55.3363832231305 2.5963696806437804e-08 0.09710667253496891 0.0527889724434205 0.044317647974401755 3.1557624178573205 0.055832880336937576 0.04127379219803133 0.06738884792913058 0.06738884792912489 1.989597495417165 2.0186526804257596
1250.0 12.000857914820195 -6.200332550885275 65.8101208425253 -515978.49742325663 1.6490039319149803e-05 30.775058917805918 27.672594561376144 27.929384049354688 140.3290917791818 382.62826214524074 400.000000000001 -0.017417528501556097 2.7422764730130167 2.845674868451228 0.014206789381494302 56.015506458538766 2.5952340133042183e-08 0.09793104139072265 0.05331277679327664 0.04461821247150553 3.1895946735245637 0.05648911184525983 0.04144192954546281 0.06797356958942319 0.0679735695894145 1.9693639487510322 2.0208357863410606
1260.0 12.006804727334973 -6.207171064276048 66.0581830006302 -515667.6540664503 1.6537323038999336e-05 30.837276445778542 27.69736472432524 27.968908196231716 140.02179101686573 382.2237216567446 400.000000000001 -0.017710842415785345 2.766281777250191 2.8683682495468235 0.0147709122665613 56.69056126437009 2.59410281818885e-08 0.09875505567594134 0.05383743716573465 0.044917566375908005 3.2235899000138906 0.05714848056292557 0.04160657511301577 0.06855857296014359 0.06855857296013204 1.9494538229440739 2.0230251559955073
1270.0 12.012771591186615 -6.214037409347934 66.30480204328482 -515356.3675741482 1.6584964273249095e-05 30.899713408976808 27.72206032585315 28.008676640452705 139.71307892525402 381.81735572138274 400.000000000001 -0.01800678657207857 2.7903013124091465 2.8910367685241 0.015342024513861161 57.36155277378312 2.5929775704885796e-08 0.09957870418357986 0.054362939424377525 0.04521571261698019 3.25774893837324 0.0578109854805985 0.04176771870298135 0.06914385181319194 0.06914385181317806 1.9298596524533305 2.025220737164033
1280.0 12.018758663238366 -6.22093145598546 66.5500025563895 -515044.6372155524 1.663296856114951e-05 30.96237647782784 27.746684374976958 28.048694603353177 139.40294358879447 381.40914857215944 400.000000000001 -0.01830536471622579 2.814335110529491 2.9136818744746584 0.015920090938019462 58.02848566372519 2.5918596610361333e-08 0.10040197682373994 0.05488927000013012 0.045512654673897916 3.2920725715928083 0.058476632235608866 0.041925344588131054 0.06972940038075112 0.06972940038073366 1.9105741980941984 2.0274224801278655
1290.0 12.024766102726058 -6.22785307677885 66.7938086114008 -514732.46220112505 1.6681341527134988e-05 31.02527231989177 27.771239812921706 28.08896731100227 139.09137291420654 380.9990841557261 400.000000000001 -0.018606580652620313 2.8383832236011224 2.9363050088894953 0.016505076413901296 58.69136414282728 2.5907504000291495e-08 0.10122486461564664 0.05541641588559401 0.04580839657328366 3.326561524816883 0.05914543158932879 0.042079433026317864 0.0703152133554503 0.07031521335542884 1.8915904393484668 2.0296303372077715
1300.0 12.03079407129686 -6.23480214697531 67.03624378144238 -514419.84168266586 1.6730088886374912e-05 31.08840760509188 27.795729515955585 28.129499999354543 138.778354626117 380.5871461287293 400.000000000001 -0.01891043824784696 2.862445723133354 2.9589076057373362 0.017096945872232372 59.3501919436528 2.5896510206767677e-08 0.102047359679423 0.05594436462941024 0.04610294288661815 3.3612164657037087 0.059817398013960535 0.04222996166546246 0.07090128589041146 0.0709012858903854 1.8729015656450858 2.031844262916483
1310.0 12.036842733050982 -6.2417785444320435 67.27733115684697 -514106.77475333534 1.6779216449579624e-05 31.151789010962734 27.82015629818411 28.170297919315004 138.4638762655488 380.17331785388467 400.000000000001 -0.01921694143429375 2.886522699748723 2.9814910916477246 0.017695664295276047 60.00497231895567 2.5885626827615654e-08 0.10286945522772098 0.05647310433068403 0.04639629872744693 3.396038004923784 0.06049254802641825 0.04237690720130274 0.07148761359920539 0.07148761359917494 1.8545009683330713 2.034064214050902
1320.0 12.04291225458418 -6.248782149570932 67.51709336014648 -513793.2604476342 1.682873012630211e-05 31.21542322732262 27.844522914299645 28.21136634113612 138.14792519453897 379.75758239580637 400.000000000001 -0.01952609421375183 2.910614262800928 3.0040568861864947 0.018301196712594267 60.65570804160349 2.587486476109769e-08 0.10369114555723863 0.05700262363349286 0.04668846974838922 3.431026696786124 0.06117089821504576 0.042520247342192875 0.07207419255573336 0.07207419255569843 1.836382233090633 2.0362901496858052
1330.0 12.049002805032675 -6.2558128453348125 67.75555256054214 -513479.2977413302 1.68786359307114e-05 31.279316961506623 27.868832062283474 28.252710559294076 137.83048858328164 379.33992251663716 400.000000000001 -0.019837900661021472 2.9347205400168814 3.0266064022125443 0.0189135081969354 61.30240140785527 2.5864234239638638e-08 0.10451242604017066 0.05753291172150605 0.04697946213796898 3.466183039983337 0.06185246301837566 0.042659963021795 0.07266101929405788 0.07266101929401828 1.8185391325735005 2.03852203122738
1340.0 12.055114556119321 -6.262870517145347 67.99273048787326 -513164.88555134065 1.6928939982603796e-05 31.343476942010135 27.893086386056744 28.29433589570531 137.51155340910316 378.9203206714062 400.000000000001 -0.020152364927547267 2.9588416771623356 3.049141046304825 0.01953256386027656 61.94505424368944 2.585374486252582e-08 0.10533329311562104 0.05806395831273477 0.04726928261727752 3.501507478445922 0.0625372522221531 0.042796040893467925 0.07324809080819789 0.07324809080815316 1.800965620217423 2.040759822055361
1350.0 12.061247682201028 -6.269955052862384 68.22864844610676 -512850.0227355686 1.6979648514971956e-05 31.407909924705947 27.917288478077282 28.33624770545662 137.1911064510825 378.49875900319387 400.000000000001 -0.020469491245052998 2.982977837730669 3.0716622192493297 0.020158328850052337 62.58366791390014 2.5843405627543088e-08 0.10615374428100906 0.058595753654431454 0.04755793843648016 3.537000402296976 0.06322526856728514 0.04292847571372392 0.07383540455190393 0.07383540455185421 1.783655822983616 2.0430034878709495
1360.0 12.067402360319525 -6.277066342744804 68.46332732637875 -512534.70809268235 1.7030767877572147e-05 31.472622697653563 27.94144088187992 28.37845138107646 136.86913429548474 378.07521933798046 400.000000000001 -0.02078928392920399 3.0071292026549195 3.0941713165770994 0.020790768345595664 63.21824333370644 2.5833224961508433e-08 0.10697377808351582 0.059128288518167815 0.04784543737118467 3.5726621488997186 0.06391651788279076 0.04305726020072508 0.07442295843844275 0.07442295843838836 1.7666040349597896 2.045252996746517
1370.0 12.073578770252148 -6.284204279412792 68.69678761959241 -512218.94036185753 1.7082304539476865e-05 31.537622084648902 27.965546094556338 28.420952355505804 136.5456233129651 377.6496831793453 400.000000000001 -0.02111174738328992 3.0312959700417434 3.116669729143102 0.02142984755481559 63.84878098260815 2.5823210749689287e-08 0.1077933941115706 0.05966155419509002 0.04813178771867236 3.608493003988267 0.06461101000119124 0.04318238411037936 0.0750107508403849 0.07501075084032656 1.7498047122188343 2.047508318611591
1380.0 12.079777094565678 -6.291368757811506 68.92904942860585 -511902.71822246327 1.713426509720078e-05 31.60291495237442 27.989606569172782 28.46375610863594 136.2205596772249 377.2221317028665 400.000000000001 -0.02143688610193885 3.05547835492758 3.139158843738479 0.02207553171113307 64.4752809202695 2.581337036408039e-08 0.10861259298642678 0.06019554249138209 0.04841699829401094 3.644493202875302 0.06530875500943467 0.043303837976992124 0.07559878058942912 0.07559878058936612 1.7332524656921717 2.0497694260232566
1390.0 12.085997518671926 -6.298559675176088 69.16013248002129 -511586.0402937023 1.7186656275629734e-05 31.668508213343785 28.01362471712259 28.506868169616137 135.89392934522172 376.7925457502638 400.000000000001 -0.021764704674865503 3.079676589056082 3.161640043727653 0.02272778607070295 65.09774280420392 2.580371069053221e-08 0.1094313763538381 0.06073024572394072 0.048701078426055644 3.6806629317285577 0.06600976403287012 0.043421612320968014 0.07618704697626347 0.07618704697619581 1.7169420568543168 2.052036293496947
1400.0 12.09224023088416 -6.305776930998006 69.39005613558945 -511268.90513420966 1.7239484933719074e-05 31.73440883139036 28.037602910410996 28.55029412168758 135.5657180554303 376.3609058233426 400.000000000001 -0.02209520779064612 3.1038909206761467 3.184114709702782 0.02338657590992503 65.71616590905009 2.5794238154725334e-08 0.11024974687585035 0.06126565671627325 0.04898403795334295 3.7170023289089484 0.06671405083346289 0.04353569604238745 0.07677554975047737 0.07677554975040551 1.700868392168782 2.0543088976617594
1410.0 12.098505422476908 -6.313020426992663 69.61883940325639 -510951.3112415939 1.7292758071777873e-05 31.80062382787087 28.06154348387095 28.59403960772154 135.23591133155378 375.92719207764895 400.000000000001 -0.022428400240547014 3.128121614360497 3.206584220149332 0.024051866523272267 66.33054914725923 2.5784958746992224e-08 0.11106770822274467 0.061801768794637654 0.04926588721989421 3.753511486364645 0.06742162695998531 0.04364608126275937 0.07736428912054442 0.0773642891204687 1.685026517205769 2.056587217689998
1420.0 12.104793287747226 -6.3202900670682745 69.84650094785988 -510633.2570519353 1.734648283237196e-05 31.86716028443469 28.085448737307264 28.63811033231888 134.90449445966033 375.4913843158349 400.000000000001 -0.02276428692238435 3.1523689508437798 3.229049952115811 0.024723623221446958 66.94089109100452 2.577587804599034e-08 0.11188526506513488 0.062338575784424324 0.04954663707093077 3.7901904510739977 0.06813250113726668 0.043752763927868185 0.07795326575387579 0.07795326575379649 1.6694116131364505 2.058871234549698
1430.0 12.111104024077253 -6.327585757295942 70.07305910148924 -510314.74093924 1.7400666508023763e-05 31.934025349792442 28.10932093756748 28.682512067910693 134.57145250203106 375.05346198087176 400.000000000001 -0.02310287284443701 3.1766332268795803 3.2515132818817536 0.0254018113298763 67.54718999514469 2.5767001241235286e-08 0.1127024230662324 0.06287607200678784 0.04982629884850756 3.827039226531379 0.0688466804995181 0.043855742566714304 0.07854248077695462 0.07854248077687179 1.6540189910582552 2.0611609316066013
1440.0 12.117437832000158 -6.3349074058809585 70.29853187353217 -509995.76121483947 1.745531654370067e-05 32.00122624352976 28.133162320538645 28.727250657910528 134.2367702912014 374.61340414887025 400.000000000001 -0.023444163129420964 3.2009147551162425 3.273975585619224 0.026086396187561353 68.1494438210967 2.5758333154508903e-08 0.1135191888743089 0.06341425227554406 0.0501048843870782 3.8640577742712683 0.0695641706426024 0.04395501823170647 0.07913193577557014 0.07913193577548372 1.6388440880815165 2.063456294305376
1450.0 12.123794915266544 -6.342254923135224 70.5229369604087 -509676.31612675195 1.7510440546289624e-05 32.0687702625287 28.156975093067757 28.772332022486758 133.90043240965628 374.1711895217228 400.000000000001 -0.023788163018501108 3.2252138639901835 3.2964382400419483 0.02677734314628557 68.7476502614571 2.5749878260155896e-08 0.11433557011534477 0.06395311189432458 0.05038240600898946 3.9012460154239834 0.07028498253222394 0.04405058758312081 0.07972163279514376 0.07972163279505405 1.6238824625367596 2.0657573104509925
1460.0 12.13017548091609 -6.349628221450847 70.74629175502659 -509356.40385897807 1.7566046286629512e-05 32.13666478507905 28.1807614348066 28.817762162039898 133.56242320015812 373.72679641931506 400.000000000001 -0.024134877875383265 3.249530897637304 3.318902623039154 0.027474617570195082 69.34180676526269 2.5741640704291965e-08 0.11515157538591314 0.06449264665401608 0.050658876519925566 3.9386038323003385 0.07100913309773119 0.04414244228818194 0.08031157434118227 0.0803115743410894 1.6091297902006376 2.068063970044977
1470.0 12.136579739347058 -6.357027215274846 70.96861335593658 -509036.022530776 1.762214170238865e-05 32.204917274145366 28.204523499977483 28.86354715985761 133.2227267388466 373.28020277172675 400.000000000001 -0.024484313190454455 3.2738662158201026 3.341370114287754 0.028178184835754433 69.93191056372902 2.5733624322939778e-08 0.11596721424625031 0.06503285283045307 0.05093430920428615 3.9761310699973933 0.07173664458034186 0.04423056966590845 0.080901763379822 0.08090176337972649 1.5945818614297647 2.0703762646599406
1480.0 12.143007904391673 -6.364451821084931 71.18991857623607 -508715.17019586684 1.7678734910440635e-05 32.273535286522645 28.228263419062266 28.909693190680898 132.88132686538242 372.8313861108935 400.000000000001 -0.024836474585005895 3.298220193871888 3.3638420958417483 0.028888010332086544 70.51795869639159 2.5725832659122332e-08 0.11678249721358495 0.06557372718240573 0.05120871782052742 4.013827538024508 0.07246754391956839 0.04431495329401655 0.08149220333851787 0.08149220333841989 1.5802345750645719 2.072694188788612
1490.0 12.14946019339269 -6.371901957366372 71.4102239522101 -508393.84484159976 1.773583420738452e-05 32.34252647487918 28.251983300412626 28.956206522185 132.538207149764 372.3803235620352 400.000000000001 -0.025191367815517406 3.3225932226563915 3.386319952694186 0.029604059461703545 71.0999480375205 2.571826897893631e-08 0.11759743575569678 0.06611526694984263 0.051482116596458294 4.051693011943732 0.07320186221678565 0.04439557353891112 0.08208289810685476 0.08208289810675456 1.5660839366260113 2.075017738800719
1500.0 12.15593682728219 -6.379377544589923 71.62954575172562 -508072.04438807024 1.7793448077697705e-05 32.411898594060006 28.275685231781807 29.003093520750834 132.1933508927991 371.92699183479886 400.000000000001 -0.025548998778029228 3.346985708542509 3.408805073309175 0.030326297641628912 71.6778753227162 2.5710936286633793e-08 0.11841204228472046 0.06665746985247561 0.05175452022449927 4.089727235021319 0.0739396337638858 0.04447240852083466 0.08267385203749525 0.08267385203739286 1.5521260541792214 2.077346913310498
1510.0 12.162438030663688 -6.38687850519076 71.84789998239336 -507749.7666871856 1.7851585200766378e-05 32.481659506719275 28.299371281778377 29.050360656597427 131.8467411168141 371.4713672140695 400.000000000001 -0.025909373512587548 3.371398073393914 3.43129885012185 0.031054690304918774 72.25173717560212 2.5703837338742022e-08 0.11922633015120986 0.06720033408859381 0.05202594385691276 4.127929919887481 0.07468088721032914 0.04454544294088071 0.08326506994727365 0.08326506994716909 1.5383571349522152 2.0796817132276186
1520.0 12.168964031895268 -6.394404763548456 72.06530239949699 -507427.0095216925 1.7910254444347346e-05 32.551817182584614 28.32304350124135 29.098014502581243 131.4983605648091 371.0134255505058 400.000000000001 -0.02627249820778267 3.395830754572482 3.4538026800033674 0.031789202902580804 72.82153013452022 2.5696974657249114e-08 0.12004031363844994 0.06774385833417615 0.052296403101002406 4.166300750200191 0.07542564419169569 0.04461466944675424 0.08385655711842996 0.08385655711832334 1.524773484278176 2.082022140372242
1530.0 12.175515063176949 -6.4019562459679396 72.2817685137129 -507103.7706041455 1.796946492097762e-05 32.62237972809464 28.34670392453843 29.146061763404305 131.14819169423055 370.5531422506755 400.000000000001 -0.02663837920537104 3.4202842049558724 3.4763179646903337 0.032529800905898416 73.38725067917113 2.569035054188997e-08 0.12085400795704837 0.06828804174229972 0.05256591401429646 4.204839382311828 0.07617392050260176 0.0446800874544466 0.08444831930000662 0.08444831929989846 1.5113714936846865 2.0843682032272577
1540.0 12.18209136064095 -6.409532880661468 72.49731359862386 -506780.0475758258 1.80292258214572e-05 32.693355306211146 28.370354570787605 29.19450919503447 130.7962166653516 370.0904922668317 400.000000000001 -0.027007023005002777 3.444758892968468 3.49884611117667 0.03327644980916032 73.94889525712358 2.568396708156226e-08 0.1216674292398009 0.06883288394283703 0.05283449309971565 4.243545446935357 0.07692575122042274 0.04474167801937816 0.08504036270940524 0.08504036270929813 1.4981476680022037 2.086719896985864
1550.0 12.188693164443382 -6.417134597731535 72.71195269802729 -506455.83800562046 1.8089547053050445e-05 32.76475245645935 28.393997445002086 29.243363924393076 130.44241734192966 369.62545008638665 400.000000000001 -0.027378436269036636 3.4692553026248674 3.521388532066264 0.03402911513279895 74.5064603101232 2.567782616490403e-08 0.1224805945368222 0.06937838504243442 0.05310215730072594 4.282418550807066 0.07768116800052574 0.044799426536296455 0.08563269403409768 0.08563269403400327 1.485098514820256 2.089077275937851
1560.0 12.195320723252115 -6.42476133099129 72.92570042839918 -506131.1393118445 1.8150438156301928e-05 32.83657958115919 28.41763452857232 29.29263292874077 130.0867749386157 369.1579892139188 400.00000000000006 -0.027752626008899123 3.493773949451325 3.543946652418442 0.03478776246832051 75.05994238800882 2.5671929321431296e-08 0.12329352271318833 0.06992454610423633 0.053368924419256475 4.321458260405673 0.07844011120194563 0.044853411511242725 0.08622532091156344 0.08622532091148002 1.4722208463862723 2.091440302477736
1570.0 12.201974287643697 -6.432413015212786 73.13857128464417 -505805.9488779228 1.8211909208514492e-05 32.90884535892704 28.44126779494817 29.342323459042323 129.7292705374312 368.6880829335022 400.00000000000006 -0.028129599312162617 3.5183153566826264 3.566521899884737 0.035552357415754784 75.60933801245322 2.566627797264341e-08 0.12410623309647818 0.0704713684287676 0.053634812482358775 4.36066412858161 0.07920256435164146 0.04490366874483674 0.08681825121197512 0.08681825121189987 1.4595114473401731 2.0938089899299794
1580.0 12.20865410413671 -6.440089583282517 73.35057998920351 -505480.264160098 1.827396999755089e-05 32.98155830416573 28.46489923137643 29.392442607738012 129.36988552153335 368.2157049979184 400.00000000000006 -0.028509363101974737 3.542880031936012 3.589115696427733 0.03632286554754325 76.15464370241607 2.5660873737575177e-08 0.1249187440982841 0.07101885283949107 0.05389983907815991 4.400035731611671 0.07996851072074654 0.04495023337753757 0.08741149233468647 0.0874114923346138 1.4469670273764372 2.096183341702539
1590.0 12.215360419249766 -6.44779096808699 73.56174126451864 -505154.0826146136 1.833663031127392e-05 33.054726931278196 28.488530825103965 29.442997467268174 129.00860127407975 367.74082915994995 400.00000000000006 -0.028891924301483178 3.5674684828287315 3.6117294640100246 0.0370992524361275 76.69585597685725 2.565571823526148e-08 0.1257310741301988 0.07156700015986975 0.054164021794787104 4.439572645772659 0.08073793358039438 0.0449931405498044 0.08800505167905147 0.088005051678973 1.4345842961895476 2.098563361203377
1600.0 12.222093479501487 -6.455517102512711 73.77206983303108 -504827.40169771336 1.8399899937546387e-05 33.128359754667365 28.51216456337762 29.49399513007316 128.645399178228 367.2634291723795 400.00000000000006 -0.029277289833835634 3.5920812169780363 3.634364624594204 0.037881483653949125 77.23297135473662 2.5650813084737202e-08 0.12654324160381497 0.07211581121336665 0.054427378220367584 4.47927444734138 0.08151081620171854 0.04503242540209638 0.08859893664442413 0.08859893664432866 1.422359963473988 2.1009490518404563
