#Found quasiharmonic mode : None
#T(K), volume, F(eV), S(J/K), H(J/K), a(-6/K), Cp(J/mol), Cv, Cpion, Bt(GPa), T_ph-D(K), T-D(K), F_el_atom, S_el_atom, C_el_atom, M_el, Seebeck_coefficients(10**-6 V/K), Lorenz_number(WOK^{-2}), Q_el, Q_p, Q_e, C_mu, W_p, W_e, Y_p, Y_e
0.0 11.446142561107553 -5.6612879782875485 0.0 -546231.2508120375 0.0 0.0 0.0 0.0 176.2319874055843 400.0 400.0 0.0 0.0 0.0 0.0 0.0 2.443004551768e-08 0.0 0.0 0.0 0.0 0.0 0.0 0.0 0.0 0.0 0
10.0 11.44614349955966 -5.661289093306612 0.022415342514576383 -546231.134241597 3.2768513432648493e-09 0.02965208132869809 0.029652080154745235 0.010520896299789377 176.23192270853383 569.5485354915734 400.0 -9.912568907199747e-07 0.01912863150252002 0.01913118502890871 -2.108955917550798e-06 -0.42743267018152376 2.4433607741350763e-08 0.0006993037666294694 0.0003493305295612364 0.00034992299774675735 0.019131213582449257 0.0003489341602596414 0.00035036960636982805 0.0004847196176853186 0.00048471961767399343 3482.5511549572393 0.0005029771934125302
20.0 11.446151061095954 -5.6612937738581195 0.07089415990786156 -546230.3921163906 4.986429658889755e-08 0.1551871191845911 0.15518657550182213 0.11677807707415089 176.2314012017918 510.6521667974731 400.0 -3.965993309158341e-06 0.038287303596813316 0.03840904211044023 -9.259058443112478e-06 -1.0655960187499693 2.4517637625187063e-08 0.001399156992860063 0.0006982144613379109 0.0007008922923090968 0.03841017559901711 0.0006963721910125006 0.0007027848018475623 0.0009697170402831485 0.0009697170402774479 214.39394702548128 1.5561280240514255
30.0 11.446195993428002 -5.661308545753114 0.21061218195838374 -546226.9169053247 2.5588085681212256e-07 0.6630079430529365 0.6629864683534716 0.6049270319993658 176.22830232338023 442.5566896920727 400.0 -8.931895775573226e-06 0.05756572840138421 0.05808091105357073 -2.4639729533925382e-05 -2.058791422580954 2.4680160514159208e-08 0.0021018273208666598 0.0010471538708401488 0.0010546232113038446 0.058089518123977946 0.00104219244799947 0.0010596348728671896 0.0014561712073609884 0.0014561712073852282 145.8992652758693 1.5415556755686548
40.0 11.446359181884098 -5.661350306995649 0.5426868387684447 -546215.5571445884 7.448547311668617e-07 1.8057516939764329 1.8055090822131583 1.727578847612706 176.21704734422855 412.9980091551042 400.0 -1.590477566061344e-05 0.0770177106801328 0.07817284636372666 -5.11132782329072e-05 -3.2571508475907383 2.4852855974262707e-08 0.0028092553408898048 0.0013966624602146746 0.0014125426429999202 0.07820406838784921 0.0013863264911250798 0.0014229288497647245 0.001945182146223293 0.0019451821462153876 104.93573435076216 1.5713833380129039
50.0 11.446736024484537 -5.6614435131862635 1.1169133800129751 -546190.4119793955 1.4825836826977105e-06 3.4683427134535063 3.467141369484474 3.369712841471167 176.19105531267815 403.63613668243994 400.0 -2.490383189247869e-05 0.09665571200066109 0.0986298719823394 -9.005014970057357e-05 -4.5349617882087605 2.5009528185160068e-08 0.0035222044674795418 0.0017469769598244512 0.0017751772715973563 0.09870800493773249 0.0017287337999664324 0.0017934706675131098 0.0024372819461126213 0.0024372819462166765 80.29684488051352 1.6036842480126325
60.0 11.447393407312862 -5.6616125563384685 1.916992012575309 -546147.5483123248 2.359811611575941e-06 5.391206454352857 5.387554898020423 5.271817461584534 176.1457085390009 401.5317226625647 400.0 -3.594874342862055e-05 0.11647485910655868 0.11938899276832324 -0.00014186678389174073 -5.8224508224302465 2.5143748636408354e-08 0.004240781090639703 0.0020981613981406132 0.002142569458590264 0.11954618692039132 0.0020693948315723826 0.002171386259067321 0.002932643049190535 0.002932643048941142 64.41957760550441 1.6318067403019876
70.0 11.44836182061187 -5.661877429241865 2.896232873815661 -546085.3878819661 3.2803034820836516e-06 7.362523722406565 7.354294284882619 7.222137886649726 176.07889500473604 401.9725827609651 400.0 -4.9058451712027175e-05 0.136463210586133 0.14038583575683825 -0.00020645149582668631 -7.08007699544878 2.525420713745757e-08 0.004964793005265772 0.0024501990812317315 0.0025145436927614547 0.14066004930697565 0.0024083160104990823 0.00255647699476669 0.003431251058794395 0.003431251058843489 53.46815122697398 1.656022397942518
80.0 11.449644387150222 -5.662252772944772 4.00373138716869 -546004.0408339938 4.1807313533377164e-06 9.252612788797078 9.237341740050185 9.09105979103355 175.9903859165182 403.2378715448961 400.0 -6.425057269590078e-05 0.15660510039541797 0.1615529977635305 -0.00028338111964387253 -8.283444800974095 2.534056615031434e-08 0.005693906095960663 0.0028030377126452627 0.0028908181551179765 0.16198559030296908 0.002745530900371418 0.0029483751955892467 0.00393299007307447 0.00393299007302689 45.519024114086335 1.676953352574143
90.0 11.451227602383304 -5.662748442193786 5.195226004404967 -545904.5938166836 5.025882717709326e-06 10.995496909913424 10.970680907063878 10.812674586636625 175.88109578711226 404.6711416342129 400.0 -8.154104284379052e-05 0.17688254778174686 0.1828223232767983 -0.00037203513309980467 -9.416771944399335 2.5402972792184755e-08 0.006427709984476394 0.003156608514376751 0.003271051245356122 0.18345558421354924 0.0030810963315757484 0.003346613652900645 0.004437683345532346 0.004437683345507727 39.517180776686 1.6951981573300194
100.0 11.453089398638577 -5.663370482288836 6.4358041680892875 -545788.601485434 5.799583993090701e-06 12.565802607989115 12.529107233209302 12.361673802197123 175.75252780130873 406.02439729362203 400.0 -0.0001009439034599233 0.19727630430334253 0.20412880579199216 -0.0004716661528701348 -10.470056809332373 2.5442174535097788e-08 0.007165750127646093 0.0035108344713218743 0.0036548654353377205 0.20500368462671895 0.0034150864886187786 0.003750663639027316 0.004945115691659517 0.004945115691647999 34.843210507482276 1.7112247879265001
110.0 11.455204329899967 -5.664122073820525 7.699348892596388 -545657.7710826109 6.497274673450298e-06 13.961505501390453 13.910877384509707 13.736091889147122 175.60641738822173 407.2143504641188 400.0 -0.00012247119905068265 0.21776675928184802 0.2254136122433296 -0.0005814496423745893 -11.437537901005824 2.5459500104184262e-08 0.007907548410769358 0.0038656347436875145 0.004041863450065477 0.22656782489388932 0.00374758732644001 0.004159961084329348 0.00545504848131811 0.0054550484813208535 31.11189288488573 1.7253892497956929
120.0 11.45754661684944 -5.66500431304581 8.966988432791528 -545513.7839935225 7.120916368900638e-06 15.192748180820447 15.126453623261684 14.946122372479246 175.44452308674659 408.22487152138444 400.0 -0.000146132968750691 0.23833466569749406 0.2466258083412013 -0.0007005205716464007 -12.316593802591937 2.545672504973057e-08 0.008652619034793063 0.004220927838746992 0.00443164098311241 0.2480923843646766 0.004078692344639239 0.004573926690153825 0.005967230880336096 0.005967230880345115 28.07194206007971 1.7379672355474596
130.0 11.460091787075793 -5.666016815063529 10.22545707746709 -545358.2047788384 7.675783513713872e-06 16.275110376608016 16.191728013298547 16.007387163429964 175.26851421601953 409.066135980022 400.0 -0.00017193730821559567 0.25896168071302944 0.26772321317805264 -0.0008280000998909374 -13.10686464030443 2.543592449154553e-08 0.009400481400173246 0.004576634318997417 0.004823796872331063 0.2695294701819624 0.0044084998918343605 0.004991981508338883 0.0064814085560293555 0.006481408556041229 25.5527807967044 1.7491802934074385
140.0 11.462817451943195 -5.667158164941672 11.46567965706555 -545192.4425689778 8.168545307210992e-06 17.225796167118453 17.12418566404819 16.937123394106468 175.07991753814196 409.7572042186264 400.0 -0.00019989048180110722 0.27963075289481215 0.2886727730119836 -0.0009630143153883108 -13.809555252618017 2.5399355050339445e-08 0.01015067044216664 0.004932679232891691 0.005217941004417441 0.29083966527649563 0.004737111788821055 0.005413558653345587 0.0069973304104517416 0.006997330410465964 23.434736763753108 1.7592122369865257
150.0 11.465703579335845 -5.668426249097751 12.681648214575828 -545017.742009736 8.606176402518322e-06 18.061617331322243 17.94087869748596 17.75216671210743 174.8800985922639 410.31867445609237 400.0 -0.00022999706990887365 0.30032639252659515 0.30945061921481 -0.001104706840246119 -14.426904756933824 2.5349366246502355e-08 0.01090274470164406 0.005288994288684434 0.00561370021188203 0.3119923961298921 0.005064632934319581 0.005838111767324477 0.007514753739747032 0.0075147537397623355 21.631514027284787 1.7682188259780203
160.0 11.468732487768186 -5.6698184960618025 13.869568275398327 -544835.1897285782 8.99537665333176e-06 18.798032076616405 18.657464067100612 18.467990232804514 174.67026225544035 410.7697595218596 400.0 -0.00026226014012012546 0.3210348509972186 0.33004184381188895 -0.0012522468962149346 -14.961799186131278 2.5288330775466287e-08 0.011656292420204665 0.005645519746637752 0.006010722475960974 0.3329659567230202 0.005391171550244032 0.006265120869960634 0.008033448135230882 0.008033448135249897 20.07942917301102 1.7763335554374466
170.0 11.471888698198358 -5.671332050046048 15.027225579302794 -544645.7280630119 9.34229294171573e-06 19.448777017428657 19.287838930081676 19.098337017233085 174.45146282912404 411.12731023278934 400.0 -0.0002966814332594966 0.3417442251504725 0.3504400001955726 -0.0014048341386491076 -15.417498099854587 2.521858592761855e-08 0.012410935936333904 0.006002205993766612 0.006408679748030449 0.35374720459836556 0.0057168397671694 0.006694096169164507 0.008553198367498583 0.008553198367519858 18.730548550853666 1.7836714070990838
180.0 11.475158723089963 -5.672963895224346 16.153522988077874 -544450.171397636 9.652414152447336e-06 20.025815709024116 19.84409432492785 19.655169349541453 174.22461850593575 411.40567508879917 400.0 -0.00033326155679264753 0.362444497130033 0.37064635948266383 -0.0015617012589113194 -15.797446805023004 2.514238329854557e-08 0.013166334627571009 0.006359014769568151 0.006807269666045994 0.3743309686051286 0.006041754207074425 0.007124580420496584 0.009073806432366292 0.00907380643238923 17.548169028052815 1.7903315868243375
190.0 11.478530837529592 -5.674710944061591 17.248144729638483 -544249.2226241501 9.930560982245543e-06 20.539443621929927 20.336625625949836 20.148774641156894 173.99052707060633 411.616895177809 400.0 -0.0003720001796921963 0.38312751871648715 0.39066898077303286 -0.0017221150836819708 -16.105150268350865 2.506184684298726e-08 0.01392218661172478 0.0067159200250953895 0.007206216396685213 0.39471923464180425 0.00636603675023661 0.00755614986148817 0.009595092893695699 0.00959509289385301 16.503759102619835 1.7963997175475555
200.0 11.48199485614708 -5.676570099504941 18.31131426348366 -544043.4885004989 1.0180924207100242e-05 20.998459979159545 20.774309495552885 20.58793831110552 173.7498811264933 411.7710067243287 400.0 -0.0004128962231202564 0.4037869493647238 0.4105216680540223 -0.0018853766842778555 -16.34409024478642 2.4978940126523802e-08 0.014678229395674975 0.007072908416064695 0.007605270791041898 0.4149201887569036 0.006689815063275135 0.007988414332399843 0.01011689763165405 0.010116897632064553 15.574839154888533 1.8019496927407732
210.0 11.485541927490216 -5.6785382982048835 19.343620299207274 -543833.4933956043 1.0407124787095556e-05 21.410358340086603 21.164698923005872 20.98013545413823 173.50328221048198 411.876356727831 400.0 -0.0004559480427589359 0.42441815761983614 0.43022288594836944 -0.0020508208482444027 -16.517672115700613 2.4895443240605897e-08 0.01543423964326914 0.007429979448657898 0.008004210006720696 0.43494719512509056 0.007013222787163818 0.008421016856105325 0.010639080089889395 0.010639080089660293 14.743481803064773 1.8070453021776927
220.0 11.489164350445002 -5.680612539987989 20.34589216184367 -543619.6912901723 1.0612280784675627e-05 21.781511562780707 21.514211916561823 21.33171686709687 173.25125325735854 411.93989115419777 400.0 -0.0005011535995409336 0.4450180956026873 0.4497946956838404 -0.0022178151455984154 -16.629191908803843 2.4812939084944897e-08 0.016190032220713187 0.007787145310102625 0.00840283672264712 0.45481777458090333 0.007336399565304512 0.008853632655408674 0.011161519103769347 0.011161519103571688 13.995232096352488 1.8117416481723987
230.0 11.492855413565588 -5.682789907381626 21.31911079403489 -543402.4760992723 1.0799073225163293e-05 22.11734004814374 21.82830278887861 21.64807829097587 172.99424973250837 411.9673960208264 400.0 -0.0005485106164156244 0.46558515563069985 0.4692617571678692 -0.0023857587644343053 -16.681816928149058 2.4732808046657055e-08 0.01694545866441139 0.008144430429980209 0.008800978045599267 0.47455263313668866 0.007659490850525397 0.009285967813885998 0.01168411239406522 0.011684112393845508 13.31831732420724 1.8160863896809243
240.0 11.496609256152777 -5.6850675779573745 22.26434546871704 -543182.1904713692 1.0969806939598513e-05 22.422459332576395 22.111612191925865 21.933808905490135 172.73266899864382 411.96371609393873 400.0 -0.0005980167197027853 0.4861190170047654 0.48865042708625844 -0.0025540812025940723 -16.67857552966556 2.4656229680834326e-08 0.017700405205121214 0.00850187081665237 0.009198484197935489 0.49417477338048665 0.007982647517302023 0.009717757687819194 0.012206775789987863 0.012206775790064963 12.703060721789742 1.820120812249405
250.0 11.50042074907514 -5.6874428315091325 23.182709048970793 -542959.1332494292 1.1126464898101234e-05 22.700806803719022 22.36809576747837 22.192818834799187 172.46685845679562 411.93291253070987 400.0 -0.0006496695644383665 0.5066204895988498 0.5079879689198376 -0.0027222409024152293 -16.622353027294814 2.4584189838120097e-08 0.01845479046649756 0.008859513220971657 0.00959522705242774 0.5137087071793932 0.00830602531334906 0.010148765153148505 0.012729442253409046 0.012729442253417883 12.141440529967651 1.8238807605411735
260.0 11.504285392993145 -5.68991305353645 24.075326630431643 -542733.5657804755 1.1270755592010283e-05 22.955749061274673 22.601133033260435 22.428447181518454 172.19712255006206 411.8784074899936 400.0 -0.0007034669436258704 0.5270913595049378 0.5273018797562192 -0.0028897238640709496 -16.51589170322903 2.451749172051517e-08 0.01920856294301165 0.009217414172062089 0.009991098574399301 0.5331797767370465 0.008629784187854529 0.01057877875515712 0.013252060757230148 0.013252060757246772 11.626754673753167 1.8273974307554066
270.0 11.508199231653865 -5.692475736106805 24.94331384090234 -542505.7172462629 1.1404153834330145e-05 23.190172156052604 22.81361881669189 22.643552825167166 171.92372866516195 411.8030954779073 400.0 -0.0007594068817385758 0.5475342406049274 0.5466193308854354 -0.003056042278099315 -16.361793554951163 2.4456769511242625e-08 0.019961698346149914 0.00957563892974867 0.010386009215493623 0.5526135828526129 0.008954087532421386 0.011007610813728525 0.013774595071648002 0.01377459507167509 11.153362880113804 1.830698047667844
280.0 11.512158778108633 -5.695128476881108 25.787762106493233 -542275.7891681254 1.1527935603200559e-05 23.40655708988586 23.008039685802224 22.84059037580582 171.6469121737315 411.70943473661174 400.0 -0.0008174877134381957 0.5679524347708691 0.5659667140800408 -0.0032207331909495456 -16.162524852700688 2.4402503447524746e-08 0.020714196894342004 0.00993426038976689 0.010779886298392351 0.5720355138636741 0.009279101367883862 0.011435095526458139 0.014297022497399992 0.014297022497433217 10.716486308429758 1.8338064447299038
290.0 11.516160951922272 -5.697868976875353 26.609728937389082 -542043.9592182202 1.1643207559823782e-05 23.6070428317346 23.186537693938778 23.021673549109405 171.3668807059826 411.59952150512606 400.0 -0.0008777081482041481 0.5883498023810391 0.5853692826251935 -0.0033833572203975275 -15.920421871949245 2.435503544613198e-08 0.021466080607742622 0.010293357973993065 0.011172672421366334 0.5914703656668636 0.009604993505658244 0.011861087102084384 0.014819332581779318 0.014819332581806916 10.312050569817922 1.8367435475018543
300.0 11.520203025682061 -5.700695037376534 27.41023182183778 -541810.3844495594 1.1750932077415217e-05 23.79347888136953 23.35096350650984 23.188628006353106 171.08381779857342 411.47515048431785 400.0 -0.0009400673222470739 0.6087306440503719 0.6048508750164252 -0.0035434973287044517 -15.63769735890827 2.4314584618352527e-08 0.022217390656714017 0.010653016531319304 0.011564323905882674 0.6109420418315389 0.009931933149029255 0.012285457507684767 0.015341525844508336 0.015341525844544136 9.936561451790629 1.8395277927521343
310.0 11.524282579392533 -5.703604556317202 28.190244703437596 -541575.2040393449 1.1851948330687887e-05 23.9674691237615 23.502920696158196 23.343035414500687 170.79788599843636 411.33786420341795 400.0 -0.0010045648387291852 0.6290995938703288 0.6244337092608132 -0.0037007576591414878 -15.316447415503747 2.4281262209488547e-08 0.022968184801710315 0.011013325269570414 0.011954809304571741 0.6304733226300105 0.010260090650801378 0.012708094150908945 0.015863612534866657 0.015863612534904727 9.587005928303235 1.8421754754750375
320.0 11.52839746148481 -5.7065955243295425 28.950696296074725 -541338.5416246975 1.1946990095124372e-05 24.13040846159443 23.643802718355637 23.486270225122478 170.50922951237808 411.18899345815356 400.0 -0.001071200797516783 0.6494615240125939 0.644138236471953 -0.0038547624384528034 -14.958658576086727 2.4255085661562482e-08 0.023718534952448477 0.011374376733765706 0.012344107982135909 0.6500856923744401 0.010589634307553704 0.013128900644894774 0.016385611435775622 0.016385611435805615 9.260772623664186 1.8447010424435377
330.0 11.53254575545079 -5.709666020638243 29.692469693858584 -541100.5072965863 1.2036700824772575e-05 24.28351347242341 23.77482383110294 23.619530428799738 170.21797656802315 411.0296904217456 400.0 -0.0011399758156532217 0.6698214602556488 0.6639830436236752 -0.004005154946628546 -14.566214906770037 2.423599162631748e-08 0.024468524866133382 0.011736265841910419 0.012732208777782833 0.6697992154601082 0.010920730862442687 0.013547794003690694 0.01690754872632543 0.016907548726367065 8.955587353508932 1.8471173494737196
340.0 11.53672575120158 -5.712814208906059 30.416402880665363 -540861.19930673 1.2121646330384791e-05 24.427848110893933 23.897045006426403 23.743863314226743 169.92424126887744 410.8609565962472 400.0 -0.0012108910395672242 0.6901845077999513 0.6839847966671924 -0.00415159655383062 -14.1409049988978 2.422384785171937e-08 0.025218247997495086 0.01209908898579253 0.013119108754465562 0.689632452712576 0.01125354493005632 0.01396470306743877 0.01742945691033591 0.017429456910378165 8.669460741291571 1.8494358676626357
350.0 11.540935920428465 -5.716038333112516 31.123289851584925 -540620.7055329577 1.2202325553621595e-05 24.564345317375274 24.011395698154764 23.86018710080194 169.62812525036304 410.6836647230528 400.0 -0.0012839481501275556 0.7105557866334401 0.7041582165733318 -0.004293765822818043 -13.684428757792535 2.4218463933662535e-08 0.025967805507864827 0.012462943201224224 0.013504812037716767 0.7096024108749467 0.011588238356989366 0.014379567150875459 0.017951373815392618 0.01795137381541175 8.40064518118862 1.8516668661033313
360.0 11.54517489535482 -5.719336713521444 31.813882137201773 -540379.1047408332 1.2279179662845394e-05 24.69382522706572 24.118692177343096 23.969309144937935 169.32971925462354 410.49857821351935 400.0 -0.0013591493613709388 0.7309403756635313 0.7245160821277876 -0.004431357674931481 -13.198403910278945 2.4219600970627154e-08 0.026717304436003623 0.012827925409870919 0.013889328744647989 0.72972451924203 0.011924969640661125 0.014792334795342496 0.0184733416646156 0.018473341664705527 8.147599380653388 1.8538195630735426
370.0 11.549441450354383 -5.72270774277503 32.488890579242614 -540136.4676730245 1.2352599802712724e-05 24.81701056076135 24.219653019999015 24.071941306333184 169.02910427982584 410.3063667719253 400.0 -0.0014364974139722255 0.7513432648284128 0.7450692544281661 -0.0045640826175405965 -12.684372172378396 2.4226980187504235e-08 0.02746685602984209 0.013194131733026528 0.014272674001913933 0.7500126284946894 0.012263893407172679 0.015202962622669411 0.018995406221770452 0.018995406221841916 7.9089589278299295 1.855902256250785
380.0 11.553734486024073 -5.726149882138517 33.148987248519134 -539892.8579925965 1.2422933692613713e-05 24.934539670594184 24.314912227562242 24.16871295161286 168.72635267239548 410.1076195988295 400.0 -0.0015159955639569762 0.7717693144306282 0.76582671898132 -0.0046916660277953074 -12.143805033713987 2.4240290609789184e-08 0.02821657423582328 0.013561656875828767 0.01465486705083979 0.7704790276826258 0.012605159947733204 0.015611414288090073 0.01951761600797163 0.019517616008034307 7.683511728582504 1.8579224352194843
390.0 11.558053015330524 -5.729661657910114 33.794807427062715 -539648.3331021328 1.2490491223187715e-05 25.0469776271488 24.40503037516754 24.260181985063404 168.42152909156403 409.9028564936747 400.0 -0.0015976475675965694 0.7922232209733348 0.7867956420853933 -0.004813847491387889 -11.57810912797575 2.4259195875526284e-08 0.02896657434029744 0.013930593580126998 0.01503593043594788 0.7911344760517924 0.012948914812168246 0.016017659528129197 0.02004002158887043 0.0200400215889283 7.470177455159553 1.8598868730469023
400.0 11.562396151534275 -5.733241658003538 34.42695159928155 -539402.9448569783 1.2555549274995561e-05 25.154825676257904 24.49050411286626 24.34684423745934 168.11469138863023 409.69253722463094 400.0 -0.0016814576630232794 0.812709488837274 0.8079814387985652 -0.004930380190460854 -10.988631170533985 2.4283340271276806e-08 0.029716971756303688 0.014301032142706657 0.015415889273514727 0.8119882470071271 0.013295298457400182 0.016421673298903514 0.020562674928830134 0.02056267492902736 7.267990179885407 1.8618017103090962
410.0 11.566763097638765 -5.736888528705492 35.0459874137421 -539156.7401879333 1.2618355833563205e-05 25.25852932455246 24.57177428788282 24.429141474263172 167.8058911569741 409.47706946395704 400.0 -0.0017674305491728454 0.8332324071882434 0.8293878502892893 -0.005041030338737125 -10.376662454495683 2.431235407407076e-08 0.03046788094794288 0.014673059995867245 0.015794770595365704 0.8330481819825882 0.01364444594830346 0.016823434999639415 0.02108562880980021 0.021085628809569747 7.0760837175245515 1.8636725226740416
420.0 11.571153137140067 -5.740600971606776 35.65245158946695 -538909.7616462983 1.2679133513222867e-05 25.358485275541796 24.649232909276023 24.50746824682782 167.49517458367296 409.25681553227145 400.0 -0.0018555713624553785 0.8537960315664901 0.8510170287139753 -0.005145576654122318 -9.743442905523546 2.4345858273371257e-08 0.0312194144843822 0.015046761345548956 0.016172602764752943 0.8543207523394112 0.013996486708140847 0.017222927776241348 0.021608936309036035 0.02160893630890423 6.8936791416784535 1.8655043815294379
430.0 11.575565625899866 -5.744377740703238 36.24685174967768 -538662.0478821258 1.273808262644374e-05 25.45504740001528 24.723229138223775 24.58217777193153 167.18258286531116 409.03209814954437 400.0 -0.0019458856518038332 0.8744041696467787 0.8728696280837543 -0.005243809875690953 -9.09016470400406 2.4383468740852786e-08 0.03197168221439584 0.01542221686531433 0.016549414956914046 0.8758111277338727 0.014351544315455225 0.017620137898940604 0.022132650336739588 0.02213265033667587 6.720074115695852 1.8673019078556317
440.0 11.579999984993586 -5.748217639661086 36.82966817250445 -538413.6340648405 1.27953838043056e-05 25.548531885509018 24.79407445580822 24.65358698577684 166.8681526296527 408.8032053547476 400.0 -0.0020383793523173835 0.8950603707293247 0.8949448997321753 -0.005335532307634093 -8.417975489546242 2.442479990482471e-08 0.032724790553629375 0.01579950343970916 0.016925236702975546 0.8975232495549513 0.014709736344537625 0.01801505420909175 0.022656823224303603 0.02265682322428382 6.554633778347995 1.8690693151309343
450.0 11.584455694384124 -5.752119519239855 37.40135545283825 -538164.5522540149 1.2851200256226548e-05 25.639221693189366 24.862047134554825 24.72198090198931 166.55191651869876 408.5703947287113 400.0 -0.0021330587580293417 0.9157679185412739 0.9172407912000554 -0.005420557395984347 -7.727981168783902 2.4469467980912456e-08 0.033478841875559676 0.016178693955042855 0.017300097490132206 0.919459908248437 0.015071174246308088 0.018407667629251584 0.023181506363621002 0.02318150636347399 6.396782890040676 1.8708104478285676
460.0 11.588932287326504 -5.756082274865773 37.962344073031424 -537914.8317268748 1.2905679778776588e-05 25.727370431695135 24.927396118868174 24.787616384257394 166.2339035326935 408.33389702911325 400.0 -0.0022299304938828745 0.9365298269830604 0.9397540474377416 -0.005498709329405541 -7.021248351792806 2.451709380189434e-08 0.034233933998226614 0.016559857132905274 0.017674026414861925 0.9416228234406618 0.015435963266710354 0.018797970731516254 0.023706749891832753 0.023706749891814562 6.24599901168886 1.872528820184348
470.0 11.593429345407914 -5.7601048443480005 38.51304188250508 -537664.4992681604 1.2958956457359604e-05 25.81320572391187 24.990344402162364 24.850725410570405 165.91413927940297 408.09391932878805 400.0 -0.0023290014875822183 0.9573488384799479 0.9624803133414634 -0.005569822664705137 -6.29880644581107 2.4567305284518005e-08 0.034990159758638166 0.016943057403624822 0.01804705188387248 0.964012725903734 0.01580420239971664 0.019185957358921535 0.024232602419777222 0.02423260241980903 6.101806649694493 1.8742276428117726
480.0 11.597946494127486 -5.764186205729848 39.05383548796029 -537413.5794271461 1.3011152170952078e-05 25.896932149136976 25.05109197413108 24.911517912448744 165.59264635525741 407.85064773374694 400.0 -0.002430278941156392 0.9782274246333219 0.9854142366882266 -0.0056337419684822 -5.561649437290481 2.461973956490718e-08 0.03574760666745513 0.017328354815189514 0.01841920135986516 0.9866294404630044 0.016175984372186664 0.019571622295268463 0.024759110798617548 0.02475911079866361 5.963772127788543 1.8759098509771148
490.0 11.602483398965797 -5.768325375267418 39.58509155712147 -537162.094745911 1.3062377913018255e-05 25.978733818874254 25.10981839981243 24.970184248237338 165.26944462208965 407.6042497427671 400.0 -0.0025337703027150525 0.9991677888897645 1.0085495706369165 -0.005690321476785592 -4.810737394649089 2.4674044831079244e-08 0.03650635663663487 0.017715804975316503 0.01879050114710895 1.0094719690597738 0.016551395657918154 0.019954960978716713 0.02528631992348512 0.025286319923541235 5.831499114478682 1.8775781296642342
500.0 11.607039761866437 -5.772521405528176 40.10715803956074 -536910.065962415 1.3112734923363213e-05 26.058776633150785 25.166685082270508 25.02689735814541 164.94455132179547 407.3548763022606 400.0 -0.0026394832385895645 1.0201718709702499 1.0318792750053738 -0.005739424767963972 -4.046997724554498 2.4729881876936518e-08 0.03726648577328698 0.018105459023150944 0.019160976213597084 1.0325385732310548 0.01693051651834313 0.020335969254943853 0.025814272570213476 0.025814272570242162 5.704624745462283 1.8792349305850478
510.0 11.611615318089104 -5.776773383602054 40.62036530868104 -536657.512191393 1.3162315723357669e-05 26.13721027235215 25.22183725260618 25.08181465674228 164.61798148168785 407.10266359992227 400.0 -0.002747425605854604 1.041241352823684 1.0553956156098656 -0.005780924446549895 -3.2713262142933646 2.478692539974455e-08 0.038028064233389024 0.018497363627731012 0.01953065004629785 1.0558268553490233 0.01731342106745754 0.02071464316593147 0.02634300926238888 0.026343009262478425 5.582816157168801 1.8808824966904338
520.0 11.616209833392437 -5.781080429418447 41.12502722913783 -536404.4510857194 1.3211205002265881e-05 26.214169948568806 25.275405724252142 25.135079687545986 164.28974793327646 406.84773463410176 400.0 -0.0028576054255970433 1.0623776658868809 1.0790902610228206 -0.005814701837259004 -2.4845878918893956 2.4844865061158643e-08 0.038791156129348345 0.018891561010722306 0.01989954453598185 1.0793338380337856 0.017700177358668235 0.021090978770680106 0.02687256816651772 0.026872568166591324 5.465767488812589 1.8825228764802062
530.0 11.620823101496963 -5.785441694162159 41.62144215401466 -536150.8989805037 1.3259480394116374e-05 26.289777953823343 25.32750844286816 25.186823577658195 163.95986159771172 406.5902005909138 400.0 -0.0029700308569068487 1.0835819994504512 1.1029543761651468 -0.005840646685622274 -1.687617734061468 2.4903406330052785e-08 0.039555819485862134 0.01928808899048171 0.020267679889018127 1.1030560412126253 0.01809084749135688 0.021464971994505245 0.02740298501196327 0.02740298501203254 5.3531972211710634 1.8841579391498509
540.0 11.625454941804094 -5.789856358782315 42.10989385609882 -535896.8710219123 1.3307213194696368e-05 26.364145034578655 25.378251858472588 25.237166322345892 163.62833160517988 406.3301620550023 400.0 -0.0030847101717527397 1.104855309945895 1.1269787122327624 -0.005858656865935921 -0.8812212504272069 2.496227112459747e-08 0.04032210623880734 0.019686981045506313 0.020635074562815145 1.1269895563790964 0.01848548773505592 0.021836618503751418 0.027934293034222325 0.02793429303429163 5.244845806163756 1.8857893909296206
550.0 11.630105197342612 -5.79432363258818 42.59065239747337 -535642.3812824251 1.3354468963773835e-05 26.43737160621029 25.427732142508177 25.286217913690148 163.29516535902255 406.0677100764781 400.0 -0.0032016517308213225 1.1261983309850792 1.1511536925201407 -0.005868638093966708 -0.06617497003014407 2.5021198269848388e-08 0.041090062272378595 0.020088266394736123 0.02100174522265593 1.1511301176633963 0.018884148669252906 0.022205913603125692 0.028466522938672092 0.028466522938743466 5.140473598320938 1.887418784515766
560.0 11.634773732907698 -5.798842751926403 43.06397494145442 -535387.4428640594 1.3401308089941936e-05 26.509548837722022 25.47603626925119 25.334079343941873 162.96036876310254 405.8029271136236 400.0 -0.003320863960403374 1.1476115839952508 1.1754694937801506 -0.00587050364414589 0.7567731460315222 2.5079943786596182e-08 0.04185972748991321 0.020491970092737916 0.02136770671733913 1.1754731693953226 0.019286875336905526 0.02257285215300768 0.028999702882949112 0.028999702883021027 5.039858978240599 1.8890475338362884
570.0 11.639460433388674 -5.803412978934543 43.53010651080508 -535132.067990859 1.3447786277789448e-05 26.58075961489171 25.523242978213595 25.380843492061263 162.62394637331076 405.535887866717 400.0 -0.003442355330380684 1.1690953893089877 1.199916122830447 -0.005864174070497315 1.5869033445745502 2.5138281026562182e-08 0.04263113591430411 0.020898113137829587 0.021732972071467637 1.200013929904148 0.01969370740988686 0.02293742850441726 0.02953385847599441 0.029533858476073382 4.942796699596114 1.8906769245656174
580.0 11.644165202243986 -5.808033600365809 43.98928069582706 -534876.2680918347 1.3493954986051732e-05 26.651079398031797 25.569423631854647 25.426595909845854 162.28590131909456 405.2666600181537 400.0 -0.0035661343333122687 1.190649877577294 1.2244834881859439 -0.0058495769309115766 2.4235237542089454 2.519600066861225e-08 0.04340431581406354 0.02130671259131464 0.02209755249227762 1.224747451360341 0.020104679364619436 0.0232996364494441 0.030069012791916955 0.03006901279199484 4.849096424890429 1.8923081216915973
590.0 11.648887960129183 -5.812703926480757 44.4417203158591 -534620.053875367 1.3539861825179864e-05 26.720576990841952 25.61464298096357 25.47141552427811 161.94623558178878 404.9953048895579 400.0 -0.003692209464739868 1.212275001390317 1.249161466563842 -0.005826646514351913 3.265970076872521 2.525291059009136e-08 0.04417928985156419 0.021717781706145706 0.022461457389216316 1.2496686755216928 0.020519820666306022 0.023659469185258165 0.030605186396956127 0.03060518639705899 4.75858138788722 1.8939421813044517
600.0 11.653628643643263 -5.817423290001386 44.88763803736427 -534363.4353959883 1.3585550912184137e-05 26.789315225304474 25.658959848408085 25.515375261134086 161.60494992072205 404.7218780272757 400.0 -0.003820589204667017 1.2339705469977413 1.2739399641703868 -0.005795323571245526 4.113605283289622 2.5308835626997404e-08 0.04495607525010351 0.022131330063502826 0.022824694404427776 1.274772485299653 0.02093915596020209 0.024016919289901413 0.031142397388070595 0.031142397388150073 4.671087218017107 1.8955800573615855
610.0 11.658387204199016 -5.822191045123925 45.327236951698275 -534106.4221143359 1.3631063182491805e-05 26.85735157528129 25.702427740541836 25.558542602545465 161.2620441028951 404.44642972409093 400.0 -0.003951282000172309 1.2557361460352918 1.2988089727358254 -0.005755555046334246 4.965819300890152 2.5363617236098925e-08 0.045734683976853936 0.022547363715713094 0.023187269452783613 1.300053752109596 0.021362705268502775 0.024371978708351175 0.031680661441411934 0.031680661441490614 4.586460870723886 1.897222610425911
620.0 11.663163606984723 -5.827006566586336 45.76071111532078 -533849.0229510047 1.3676436679241907e-05 26.924738706034308 25.74509539436392 25.600980085713683 160.91751691046642 404.1690054859495 400.0 -0.004084296249291047 1.277571287171175 1.3237586203206242 -0.0057072938153400424 5.82202868499645 2.5417113071718715e-08 0.04651512293885482 0.02296588533440211 0.023549186769723333 1.3255073790162715 0.021790484191477645 0.02472463874737718 0.03221999186978502 0.0322199918697031 4.504559671626716 1.8988706145745105
630.0 11.667957830031186 -5.831869248787412 46.18824605515816 -533591.2463349188 1.3721706811156988e-05 26.991524966070585 25.78700726750132 25.64274574911639 160.57136613969882 403.8896464490217 400.0 -0.004219640286057215 1.2994753275990474 1.3487792169541923 -0.0056504984232092475 6.681676265985617 2.5469196489024633e-08 0.04729739418962971 0.023386894362162618 0.02391044896620303 1.3511283397153042 0.022222504111589696 0.02507489007804001 0.03276039968684603 0.03276039968707838 4.425250457715136 1.9005247632528237
640.0 11.672769863351897 -5.836778504953902 46.61001924149322 -533333.1002467986 1.376690659829597e-05 27.057754831235563 25.828203977235855 25.683893535995402 160.22358871106226 403.60838975410945 400.0 -0.004357322366627611 1.3214475043127236 1.3738612952401628 -0.0055851328298202295 7.544230767200913 2.5519755985765004e-08 0.04808149514399479 0.023810387167782186 0.024271057088276107 1.3769117134566762 0.022658772399440377 0.025422722744554406 0.03330189367925025 0.03330189367931419 4.348408786403483 1.9021856777708426
650.0 11.677599708173842 -5.841733766353027 47.02620053072899 -533074.5922582165 1.3812066868102556e-05 27.123469298693866 25.8687226939892 25.724473652661995 159.8741807832707 403.32526888197134 400.0 -0.004497350656687572 1.343486945103808 1.3989956460318733 -0.005511166153205056 8.409186389647845 2.5568694592262752e-08 0.04886741879915968 0.024236357201816928 0.024631010682620316 1.4028527159784574 0.023099292620383967 0.025768126178775726 0.033844480481271644 0.03384448048131044 4.2739182386633745 1.9038539116428859
660.0 11.68244737621646 -5.846734481547157 47.436952580026535 -532815.729566716 1.3857216444302034e-05 27.188706240937357 25.908597494125388 25.76453289152607 159.52313767966305 403.04031395591323 400.0 -0.004639733219850199 1.365592679236922 1.4241733494112854 -0.005428572423291867 9.276062361510125 2.5615929220905865e-08 0.04965515395997802 0.02466479515424738 0.024990307864132456 1.4289467266428006 0.023544064740864925 0.02611108921911309 0.03438816465633812 0.03438816465626051 4.201669789872288 1.9055299540949795
670.0 11.687312889054176 -5.8517801156885065 47.84243123589664 -532556.5190273669 1.3902382351012202e-05 27.253500731083417 25.947859676286864 25.80411492995139 159.17045401834866 402.75355201313477 400.0 -0.004784478007142617 1.387763647761158 1.4493858011320284 -0.005337330335783823 10.144402451246489 2.5661389983513026e-08 0.05044468546689771 0.025095689111098662 0.025348945387258473 1.4551893118881194 0.02399308533350669 0.026451600133391037 0.03493294878000011 0.03493294878007767 4.131561206128301 1.9072142401655616
680.0 11.692196277524758 -5.856870149851097 48.24278589845713 -532296.9671811464 1.3947589940280966e-05 27.317885323792417 25.986538045064986 25.843260589008096 158.8161237429542 402.4650072498498 400.0 -0.004931592847600874 1.4099987134259389 1.47462473478432 -0.005237423014146394 11.013774444561925 2.5705019485884357e-08 0.05123599442491035 0.025529024710856225 0.02570691871852708 1.4815762452044672 0.024446347780137483 0.02678964664477288 0.03547883352675442 0.03547883352683437 4.063496540428275 1.908907150938016
690.0 11.697097581190413 -5.862004080397795 48.6381598630653 -532037.0802804615 1.3992863043763943e-05 27.381890313038525 26.02465916533134 25.882008073144693 158.46014006873472 402.1747012426244 400.0 -0.005081085439783043 1.432296670171634 1.4998822398938312 -0.005128837773748605 11.883769586103453 2.5746772106859343e-08 0.052029058432188656 0.0259647852986087 0.026064222111044408 1.5081035237898233 0.024903842471916977 0.027125215960271686 0.036025817757242194 0.03602581775732165 3.997385654530788 1.9106090177486263
700.0 11.70201684784644 -5.867181418380354 49.02869064088053 -531776.8643121048 1.4038224117357446e-05 27.44554396701123 26.06224759024774 25.920393190775894 158.1024956849191 401.88265314824645 400.0 -0.005232963344229228 1.4546562521789392 1.5251507762353356 -0.005011565893978296 12.754001987806774 2.578661326953336e-08 0.05282385180719701 0.02640295207850608 0.026420848679146267 1.5347673821116794 0.02536555700594434 0.027458294801252673 0.03657389860754476 0.036573898607621357 3.9331437661133903 1.9123201299594124
710.0 11.706954133079973 -5.872401688970563 49.4145102598143 -531516.3250179057 1.4083694364734773e-05 27.508872734740837 26.09932606560868 25.958449550135807 157.74318260448842 401.58887988431036 400.0 -0.005387233976897216 1.477076142460538 1.5504231846050276 -0.004885602395315759 13.624108006173941 2.582451871074852e-08 0.053620345813231524 0.02684350426325572 0.02677679047344233 1.5615643025595694 0.025831476377691422 0.027788869435540108 0.037123071578524576 0.03712307157860014 3.8706910604755875 1.9140407369015169
720.0 11.711909499861198 -5.8776644309204835 49.79574554715706 -531255.4679133206 1.4129293821288568e-05 27.571901428453078 26.135915712909238 25.996208734132512 157.38219234916323 401.29339629307674 400.0 -0.005543904603367294 1.4995549809847022 1.575692694320566 -0.004750945822824799 14.493745591369025 2.586047375469874e-08 0.054418508879389024 0.027286419220402657 0.027132038555504664 1.5884910233987666 0.026301583168702205 0.028116925710686816 0.03767333062514099 0.0376733306252197 3.8099523354972242 1.915771049642254
730.0 11.71688301816955 -5.882969196050098 50.172518395135484 -530994.2983041742 1.4175041486750517e-05 27.63465339524104 26.17203619328116 26.03370046752777 157.0195157865591 400.99621529010244 400.0 -0.005702982333957409 1.5220913723262421 1.6009529277132721 -0.004607598036171296 15.362593611313939 2.5894472595670638e-08 0.05521830681717187 0.027731672614947876 0.027486583071854392 1.6155445442307168 0.026775857729082198 0.02844244908808966 0.038224668245201626 0.038224668245277316 3.750856661134794 1.9175112462114132
740.0 11.721874764663687 -5.888315548760988 50.54494601058359 -530732.8213017322 1.422095539764039e-05 27.697150664806724 26.207705854222805 26.070952762931057 156.65514335809337 400.6973479985416 400.0 -0.005864474119446553 1.54468389284515 1.6261979018756665 -0.004455564006366928 16.2303511542105 2.5926517594293463e-08 0.05601970303208047 0.028179238547957095 0.0278404133269454 1.6427221291652223 0.027254278354380712 0.028765424677699762 0.03877707556713958 0.038777075567218315 3.6933370774193137 1.9192614743180851
750.0 11.726884822366074 -5.893703065574099 50.913141149705105 -530471.0418363004 1.4267052715939718e-05 27.75941408355613 26.242941860847495 26.10799205563656 156.2890649860054 400.3968038720431 400.0 -0.006028386747660197 1.5673310973922485 1.6514220279195662 -0.004294851619557508 17.096736813061714 2.5956618591083118e-08 0.05682265872947441 0.028629089690827673 0.02819351785475848 1.6700213079026418 0.027736821456460555 0.029085837273013844 0.03933054243641972 0.03933054243649852 3.637330320287795 1.9210218532213517
760.0 11.731913280392936 -5.89913133469077 51.27721233901893 -530208.9646694835 1.4313349825265552e-05 27.821463438719856 26.277760313215897 26.14484333071987 155.9212700693122 400.09459080536385 400.0 -0.006194726840630671 1.5900315255515012 1.6766201079999907 -0.004125471487892532 17.96148795583495 2.598479224046394e-08 0.05762713311435328 0.029081197414995655 0.02854588448887527 1.6974398749262953 0.028223461728115268 0.029403671386238034 0.039885057500284905 0.03988505750036184 3.582776557735483 1.9227924784172425
770.0 11.736960233699222 -5.904599955575176 51.63726408331218 -529946.5944052577 1.4359862383174816e-05 27.883317562753334 26.312176351147013 26.181530232411934 155.55174755013942 399.7907182084996 400.0 -0.006363500852367406 1.6127837074237057 1.7017873303413993 -0.003947436767712665 18.82435998485989 2.601106136787728e-08 0.05843308358451458 0.029535531916842564 0.02889750043072922 1.7249758869885181 0.028714172301134773 0.029718911283379824 0.04044060829052835 0.04044060829060281 3.5296191643705623 1.9245734219426653
780.0 11.742025782851512 -5.910108538557299 51.99339706149778 -529683.9354999806 1.440660539104453e-05 27.944994431307542 26.346204247780644 26.218075168803868 155.1804859757807 399.4851850544611 400.0 -0.006534715067258282 1.6355861689641487 1.726919262503675 -0.0037607629851112824 19.685125589048297 2.6035454352162505e-08 0.05924046591682623 0.029992062337661496 0.029248352315912156 1.7526276590774919 0.02920892489765184 0.030031541019174397 0.040997181304079935 0.040997181304155354 3.4778045017275265 1.9263647356245994
790.0 11.747110033818963 -5.915656704455095 52.34570831113962 -529420.9922714543 1.4453593262715867e-05 28.006511249991057 26.37985749302933 26.25449940688577 154.80747335964244 399.17799826805265 400.0 -0.006708375598905302 1.658437436885601 1.7520118431052898 -0.003565467868958718 20.5435739923404 2.6058004534841152e-08 0.06004923444631742 0.030450756878548937 0.029598426278373214 1.7803937590345738 0.029707689974602457 0.030341544471714967 0.041554762081193734 0.04155476208126854 3.427281723721823 1.9281664522021187
800.0 11.752213097792541 -5.921244084214949 52.69429140241683 -529157.7689071312 1.4500839882256984e-05 28.06788453361209 26.413148867956153 26.290823161395664 154.43269732281342 398.8691604326815 400.0 -0.006884488389496219 1.681336043142389 1.7770613722164263 -0.0033615711913866815 21.39951020168527 2.6078749657583392e-08 0.060859342237954146 0.030911582910157054 0.029947708012442176 1.8082730009904313 0.030210436861217507 0.03064890537673664 0.04211333528109528 0.04211333528117009 3.378002587250789 1.9299785889407042
810.0 11.757335091015005 -5.926870318569259 53.039236602156606 -528894.2694715783 1.4548358643009881e-05 28.129130172509512 26.446090511006467 26.32706567189275 154.05614508829825 398.5586729958106 400.0 -0.007063059209574834 1.7042805290088985 1.8020645006167648 -0.0031490946157780872 22.25275425763592 2.6097731328727184e-08 0.06167074125089168 0.03137450707723262 0.03029618283254296 1.8362644377732191 0.03071713388941639 0.030953607361475288 0.04267288475492933 0.042672884755002645 3.3299212915957117 1.9318011473785628
820.0 11.762476134632442 -5.932535057710277 53.38063102860934 -528630.4979132598 1.4596162514688165e-05 28.19026349837076 26.47869397693855 26.363245280267027 153.67780343592906 398.24653633218117 400.0 -0.007244093658214498 1.7272694487705276 1.8270182181037373 -0.0029280615521933154 23.10314049045837 2.611499451937866e-08 0.06248338249518645 0.031839495397941446 0.03064383573058111 1.864367352436494 0.031227747515049357 0.03125563498013709 0.043233393615926395 0.04323339361599789 3.282994316094972 1.9336341167081925
830.0 11.767636354563708 -5.93823796097937 53.71855879754761 -528366.4580707216 1.4644264076722706e-05 28.251299337977702 26.51097028921417 26.399379496954534 153.29765877710716 397.93274980146737 400.0 -0.007427597163503853 1.7503013730440045 1.8519198410231676 -0.0026984970201608368 23.950516784425712 2.613058708933505e-08 0.0632972161809277 0.0323065133579786 0.030990651430965355 1.8925812490439526 0.031742243624576685 0.03155497255635103 0.04379484430669794 0.0437948443068115 3.2371802794025855 1.9354774745156267
840.0 11.772815881381407 -5.943978696570791 54.053101160222106 -528102.153678251 1.469267557250726e-05 28.312252064894246 26.54292998653695 26.435485065712655 152.9156970663197 397.6173118008782 400.0 -0.007613574983426311 1.7733748917446988 1.8767669991815905 -0.0024604275190166893 24.794743852736573 2.6144559342809052e-08 0.06411219185979093 0.03277552599955541 0.031336614443173795 1.9209058428387566 0.03226058860568855 0.031851603254102384 0.044357218663720444 0.0443572186638233 3.1924398050877363 1.9373311885649724
850.0 11.778014850209235 -5.9497569412492135 54.38433663370333 -527837.5883710579 1.4741408900035567e-05 28.373135634225246 26.574583164156753 26.471578011942338 152.53190396618785 397.30021981308437 400.0 -0.007802032206926294 1.7964886167182978 1.9015576222829114 -0.002213880904931071 25.635694525243032 2.615696361364308e-08 0.06492825855906258 0.03324649800514198 0.03168170911203634 1.9493410499117112 0.032782748425392305 0.03214551013367026 0.04492049797864103 0.04492049797873963 3.148735414197091 1.9391952136787765
860.0 11.783233400629314 -5.955572380080257 54.712341124070115 -527572.7656900423 1.4790475822269326e-05 28.43396366186845 26.60593951050748 26.50767373583859 152.1462645864094 396.98147044995903 400.0 -0.007992973755225598 1.8196411840567628 1.92628992602986 -0.0019588862756201855 26.473253050985093 2.6167853879635595e-08 0.06574536490824721 0.033719393776313215 0.032025919665495846 1.9778869764837976 0.033308688739866706 0.03243667616838049 0.045484663056903865 0.04548466305695595 3.106031342097905 1.9410695124102115
870.0 11.788471676608095 -5.961424706173531 55.03718804291765 -527307.6890861882 1.4839887380399914e-05 28.494749311064794 26.637008339679106 26.543786913059332 151.75876383119646 396.66105949210106 400.0 -0.008186404383427404 1.8428312561157663 1.9509623980054627 -0.001695473861409079 27.30731441723121 2.6177285405259176e-08 0.06656345925836882 0.03419417750751906 0.03236923026013901 2.0065439078960647 0.03383837499826815 0.03272508426010067 0.046049694273188974 0.04604969427324989 3.06429370189416 1.9429539789830044
880.0 11.793729826427501 -5.9673136204372215 55.35894841756056 -527042.3619246316 1.4889656233544099e-05 28.55550589859877 26.66779862018628 26.579932115147727 151.36938611670607 396.33898192511475 400.0 -0.00838232868214876 1.8660575232525947 1.975573783451044 -0.001423674923697703 28.137783686563687 2.6185314412088358e-08 0.06738248979410347 0.0346708132551544 0.03271162502425939 2.0353122974044653 0.034371772540642165 0.033010717253461296 0.046615571624185156 0.04661557162425485 3.023489358802929 1.9448487388381197
890.0 11.799008002627716 -5.97323883134384 55.677690995338274 -526776.78748844 1.4939788035360288e-05 28.61624494182137 26.698319000439323 26.61612187078864 150.97813198128202 396.0152319725599 400.0 -0.00858075107944832 1.8893187053008995 2.000123071032732 -0.0011435216594224088 28.964575353249177 2.61919977759634e-08 0.06820240463888173 0.03514926500177045 0.033053088098748226 2.064192754855064 0.0349088467108447 0.03329355792803704 0.04718227477821545 0.04718227477828976 2.983588958498125 1.9467532332514819
900.0 11.804306361970713 -5.979200054706768 55.993482342417046 -526510.9689821294 1.4990313849986926e-05 28.6769939096149 26.7285778312976 26.65238443092206 150.58574422352712 395.6898031251292 400.0 -0.008781675842753462 1.9126135528033361 2.02460947869284 -0.0008550471122237258 29.787612720023525 2.6197392749977092e-08 0.06902315195324385 0.03562949671580261 0.033393603675721965 2.0931860353226566 0.03544956297775039 0.033573588975493465 0.047749783122188964 0.047749783122259006 2.9445218010622916 1.9486798415784028
910.0 11.809625053986323 -5.985197013191479 56.306386900010004 -526244.9095424028 1.5041072673585766e-05 28.73779604793051 26.75858318323408 26.68876361023645 150.19793867746287 395.36268887687487 400.0 -0.008985107072331909 1.935940846245163 2.049032437694061 -0.0005582850786328482 30.606827276586795 2.6201556711011747e-08 0.06984467996272423 0.036111472373956864 0.033733156004020284 2.1222930256521004 0.035993886733222194 0.03385079322950201 0.04831807575991721 0.048318075759985014 2.906091462520259 1.9506807539666327
920.0 11.814963937103977 -5.991229429127388 56.61646614382169 -525978.6124241581 1.5090146900914164e-05 28.79838126395141 26.788342794111543 26.72498973481117 149.83173021706173 395.0339003958762 400.0 -0.009191048483341652 1.9592993523611133 2.0733915291402427 -0.00025326976230812936 31.422157605801928 2.620454689603758e-08 0.07066693544343697 0.03659515518514856 0.034071728650854144 2.1515146792179407 0.036541782738392176 0.03412515270504478 0.04888713040538671 0.04888713040545175 2.868364474054998 1.9527293834885322
930.0 11.820321840776767 -5.997138806852118 56.928242506060485 -525692.664018231 1.5134197444842268e-05 28.858129670077805 26.81787925572353 26.76044333100737 149.50613750173625 394.68985161033794 400.0 -0.009399502840565049 1.9826877127859677 2.097686339070433 5.996497933471114e-05 32.23354749900066 2.6206420017761498e-08 0.07148985981432988 0.037080505577109166 0.03440930260745575 2.180851861093866 0.03709321329154122 0.034396646522788676 0.04945692055313712 0.049456920553203186 2.8318884049651474 1.9546455728593057
940.0 11.825696894435593 -6.002998446992022 57.23969031039376 -525395.9899820993 1.5173892492230927e-05 28.917149143876323 26.84719143023985 26.795232618289695 149.21739683624537 394.33703157320997 400.0 -0.009610472541167188 2.0061045641650814 2.1219165255866264 0.000381385591320547 33.0409476020454 2.6207231431375155e-08 0.072313393768675 0.037567483787851304 0.03474585832910048 2.210305430228098 0.0376481408164783 0.03466525295219672 0.05002741873084381 0.050027418730909816 2.7964780027171945 1.9564746877666
950.0 11.83108824293853 -6.008891918657382 57.54849605316757 -525098.8611943325 1.5212608898948245e-05 28.9760608497674 26.876277956676653 26.82997875319985 148.94477827260005 393.98273688524756 400.0 -0.009823960874300541 2.0295487862043715 2.1460820965675507 0.0007109572735695188 33.844317316683146 2.620703539178711e-08 0.07313748619578629 0.038056054429427374 0.03508138009305973 2.239876543218126 0.03820653211023211 0.034930954085554175 0.05059860292788499 0.050598602927945845 2.7615769811762974 1.9583859157486243
960.0 11.836495824252816 -6.014818967918215 57.854714241208676 -524801.2800897043 1.5251494861822952e-05 29.034999746491778 26.90514577841442 26.86481640207336 148.67474687715264 393.62697085359315 400.0 -0.010039971657671457 2.053019421490886 2.1701833444184193 0.0010486441649737194 34.64362282350048 2.6205885378500765e-08 0.07396209117955671 0.03854618482055704 0.03541585466451281 2.2695665836534133 0.038768356733117654 0.03519373444643904 0.051170454479774356 0.051170454479836355 2.7272595632940777 1.9603502469511038
970.0 11.841919730376356 -6.0207793434873915 58.158398456492776 -524503.2480748185 1.5290595497563723e-05 29.093938936646634 26.93380167428455 26.899718212261174 148.40389192957866 393.2697264016125 400.0 -0.010258508754678859 2.076515575563017 2.1942207243854637 0.0013944100119498302 35.43883552241295 2.6203833918921336e-08 0.07478716444920881 0.03903784316011516 0.03574926957381255 2.299377033466086 0.0393335853383609 0.03545357911084791 0.05174295551277796 0.051742955512834046 2.693627560740716 1.9623280915166774
980.0 11.847360056333097 -6.026772799615728 58.45960073372562 -524204.7664636546 1.5329907580389435e-05 29.152880848443555 26.96225222987975 26.9346860317166 148.13190530413004 392.91099606055025 400.0 -0.010479575960485122 2.100036392946083 2.2181948167269594 0.0017482183536511955 36.22993132477131 2.620093246388596e-08 0.07561266257365858 0.03953099811194712 0.03608161272603423 2.3293094343984473 0.039902189303162944 0.035710473270495584 0.05231608835716045 0.05231608835721658 2.6606755339327517 1.9643142865998384
990.0 11.852816899236553 -6.032799095956126 58.758371617637025 -523905.836485102 1.5369438684126983e-05 29.21183501738774 26.990503845677708 26.969728701439376 147.85877908267489 392.55077203815824 400.0 -0.010703177006031711 2.1235810567669233 2.242106315948368 0.0021100325630204505 37.01689024952887 2.619723129834126e-08 0.07643854300169631 0.040025618827534415 0.03641287241849118 2.359365378787982 0.040474140767618405 0.035964402234077895 0.052889835568835745 0.05288983556888366 2.6283824819556267 1.9663090209286764
1000.0 11.858290358274147 -6.0388579974156436 59.05476022145856 -523606.4592847079 1.540919336441273e-05 29.27080999966375 27.018562744594224 27.00485397896408 147.58450545674947 392.18904622639604 400.0 -0.010929315562770204 2.1471487884264913 2.2659560206996696 0.0024798158832977195 37.79969604379101 2.619277946586653e-08 0.07726476410319424 0.04052167496867542 0.0367430373592613 2.389546500899225 0.041049412672676665 0.036215351430517594 0.05346417995283492 0.05346417995287626 2.5967293184237175 1.968312111796749
1010.0 11.863780534664611 -6.044949274013887 59.348814282442525 -523306.6359265159 1.5449176870332393e-05 29.3298144220321 27.046434978833382 27.04006959786171 147.3090764156109 391.82581021002363 400.0 -0.01115799524732839 2.170738847190244 2.2897448241703944 0.0028575314608546855 38.57833582530963 2.6187624705844925e-08 0.07809128520617073 0.041019136727576455 0.037072096684160394 2.419854468626056 0.041627978794695264 0.036463306411475466 0.05403910458489721 0.05403910458493195 2.565697423555994 1.9703234759775667
1020.0 11.869287531650961 -6.051072700746409 59.64058021486836 -523006.36739461694 1.5489394183608552e-05 29.388856714958276 27.074126436147846 27.075383009958816 147.0324839440781 391.4610552724963 400.0 -0.011389219626199652 2.1943505297160595 2.3134737049994616 0.0032431423746673736 39.352799746471646 2.6181813402325227e-08 0.07891806663029326 0.04151797484466327 0.03740003997243369 2.4502909755881603 0.04220981377694629 0.03670825285334697 0.054614592831476225 0.05461459283149496 2.5352689665145864 1.9723430080709903
1030.0 11.874811454470034 -6.057228057453745 59.93010316041832 -522705.65459477616 1.552985025430493e-05 29.44794518051097 27.101642845575263 27.110801461825258 146.75471974241057 391.09477240299134 400.0 -0.011622992220347942 2.2179831695188597 2.337143718685712 0.003636611662668591 40.12308067898008 2.6175390543576293e-08 0.07974506971668985 0.04201816062408072 0.03772685726106763 2.4808577336116633 0.0427948931580739 0.036950176558615926 0.055190628368011356 0.05519062836801403 2.5054267961319208 1.9743706058118071
1040.0 11.880352410341755 -6.063415128695283 60.217427036261654 -522404.4983558848 1.5570549987865324e-05 29.50708799743968 27.128989782737598 27.146332007933506 146.47577552309824 390.7269523015826 400.0 -0.011859316509812194 2.2416361363880353 2.3607559895061763 0.004037902345050142 40.88917391866745 2.616839969145145e-08 0.08057225685454865 0.04251966594719023 0.038052539057891854 2.5115564656082756 0.043383193397812915 0.037189063456735734 0.05576719519578709 0.05576719519575823 2.4761544049404423 1.9764061713231014
1050.0 11.885910508459263 -6.069633703627914 60.502594580893486 -522102.8994313468 1.561149823481995e-05 29.566293216799032 27.15617267476352 27.181981513866187 146.1956426972599 390.3575853839697 400.0 -0.012098195938247578 2.2653088357617315 2.3843117029328456 0.004446977444916445 41.65107690969429 2.6160882959700595e-08 0.08139959150458215 0.043022463284094994 0.038377076353518384 2.5423888988495946 0.04397469190006488 0.03742489960451728 0.056344277657300476 0.05634427765723825 2.4474359162750465 1.9784496045984392
1060.0 11.891485859974242 -6.075883575889388 60.785647397827866 -521800.8585004433 1.5652699811732376e-05 29.625568777451495 27.183196804888254 27.217756678913148 145.91431272711674 389.9866617863961 400.0 -0.012339633917397105 2.2890007080649952 2.407812098538343 0.004863800006248122 42.40878898739541 2.6152881000397074e-08 0.08222703821954236 0.043526525703373356 0.0387004606321233 2.573356758633473 0.04456936703348591 0.03765767118605643 0.05692186045030795 0.0569218604501922 2.4192560371917122 1.9805008099746122
1070.0 11.897078577997238 -6.0821645434859 61.06662599735163 -521498.3761695591 1.5694159513616572e-05 29.684922507334214 27.210067316786077 27.253664043949673 145.63177676010434 389.61417136878634 400.0 -0.01258363383156362 2.3127112280211275 2.4312584633845375 0.005288333109591952 43.16231113910102 2.614443299771856e-08 0.08305456266207599 0.044031826880148964 0.039022683881231944 2.6044617623439335 0.045167233348184684 0.037887329313891306 0.057499928640606206 0.05749992864040967 2.391600042587507 1.9825596918647819
1080.0 11.90268877759073 -6.088476408683974 61.34556983634785 -521195.45297340245 1.5735882107884093e-05 29.74436213034139 27.23678921867233 27.289710004462858 145.3480259624919 389.24010371856633 400.0 -0.012830199041987924 2.336439903939001 2.4546521258785305 0.00572053988551008 43.911645782134585 2.6135576668349193e-08 0.08388213161998323 0.0445383411025918 0.03934373860047642 2.6357056138953396 0.04576844638030232 0.03811368523968091 0.05807846767360208 0.0580784676733111 2.364453741379593 1.984626157659862
1090.0 11.908316575769472 -6.0948189779063275 61.62251735635476 -520892.08937614434 1.577787234617081e-05 29.803895269472243 27.263367387210245 27.325900819392675 145.0630513007767 388.8644481531377 400.0 -0.013079332891179985 2.360186276981011 2.477994450079563 0.00616038352690097 44.65679655827302 2.6126348267788997e-08 0.0847097130190389 0.04504604327675256 0.039663617809582684 2.66708999855151 0.04637301876788016 0.03833669425115874 0.05865746338436651 0.058657463384817574 2.3378034579585325 1.986700115455676
1100.0 11.913962091500775 -6.101192061631548 61.897506019944714 -520588.28577248834 1.5820134983186498e-05 29.86352945630661 27.2898065712906 27.362242625826802 144.77684356470309 388.48719372262286 400.0 -0.013331038707212684 2.3839499204370886 2.501286830479805 0.006607827294682447 45.39776814401377 2.6116782602136113e-08 0.08553727593415017 0.04555490893142653 0.03998231505466417 2.6986165781517433 0.04698092523445905 0.03855635069969112 0.0592369020089062 0.0592369020091799 2.3116360039611203 1.9887814759579148
1110.0 11.919625445713734 -6.107595474297444 62.1705723455009 -520284.04248869186 1.586267476343911e-05 29.92327213158183 27.31611139561658 27.39874144443382 144.48939347142954 388.1083292113177 400.0 -0.013585319807957892 2.4077304389561625 2.5245306871480073 0.007062834531428593 46.13456607568397 2.610691304422354e-08 0.08636479059741939 0.04606491421909544 0.04029982441534287 2.730286986634361 0.04759213536053149 0.038772655236887915 0.05981677018990119 0.059816770189934004 2.2859386588922455 1.9908701514974485
1120.0 11.925306761297755 -6.114029034207995 62.4417519404592 -519979.359783567 1.5905496439893613e-05 29.983130652661856 27.342286364239882 27.435403191317594 144.2006915763769 387.72784313977314 400.0 -0.01384217950523494 2.4315274678080345 2.5477274613442646 0.007525368664074614 46.867196588954954 2.6096771554236817e-08 0.08719222840530859 0.04657603591837861 0.04061614050946261 2.762102825979621 0.04820663486330553 0.03898559354200304 0.060397054985941626 0.060397054985969985 2.2606991482580505 1.9929660564533855
1130.0 11.93100616312092 -6.120492563443509 62.711079533186926 -519674.237849336 1.594860478855436e-05 30.043112301163468 27.368335863988356 27.47223368965508 143.9107282604074 387.34572376549295 400.0 -0.014101621108973618 2.4553406721363973 2.5708786115083866 0.00799539320874303 47.59566647190313 2.6086388703826206e-08 0.0880195619237923 0.04708825143454483 0.040931258497730175 2.79406566247745 0.04882440993452813 0.039195151989264175 0.0609777438783258 0.06097774387835111 2.2359056215618702 1.9950691082167327
1140.0 11.936723778035198 -6.126985887774205 62.9785890034326 -519368.67681253405 1.599200458648693e-05 30.103224280618097 27.39426416781188 27.509238671001167 143.61949383660405 386.96195908377797 400.0 -0.014363647931241674 2.479169746210249 2.5939856096169316 0.008472871775112545 48.31998293087532 2.6075793703340873e-08 0.08884676489171536 0.047601538798824596 0.04124517408776071 2.8261770233213497 0.04944544721833578 0.039401317673379566 0.0615588247766198 0.061558824776643976 2.21154663848675 1.9971792252595224
1150.0 11.94245973488985 -6.133508836576794 63.24431341152323 -519062.67673481506 1.603570064246809e-05 30.163473726800085 27.420075438077287 27.546423788892 143.32697839565856 386.5765368284523 400.0 -0.014628263290287958 2.5030144126885303 2.617049937908087 0.008957768068485457 49.040153468571454 2.6065014431798196e-08 0.08967381222286437 0.04811587666725165 0.0415578835373077 2.8584383935357516 0.05006973380190746 0.0396040784209569 0.06214028602407462 0.06214028602409892 2.1876111485556673 1.9992963282049276
1160.0 11.948214164548274 -6.14006124275405 63.508285026349284 -518756.23761369934 1.6079697792684538e-05 30.223867712086257 27.445773729813144 27.58379462613937 143.03317195082184 386.18944447164387 400.0 -0.014895470514511847 2.5268744218945147 2.640073085946885 0.009450045891058799 49.75618577363809 2.6054077469134208e-08 0.09050068000668453 0.0486312443187065 0.041869383656936335 2.8908512132148094 0.05069725738667286 0.03980342262001166 0.06272211640227483 0.06272211640229569 2.1640884723863016 2.001420340688263
1170.0 11.953987199903969 -6.146642942657287 63.770535352180936 -518449.3593832908 1.6124000907178694e-05 30.284413248535063 27.471362993913637 27.621356700521012 142.7380643228204 385.800669223702 400.0 -0.015165272946384246 2.550749551102558 2.6630565480140533 0.00994966914226906 50.46808762112074 2.6043008130367525e-08 0.09132734550776293 0.049147621652297385 0.042179671812125764 2.9234168750618497 0.051328010477468114 0.03999933503029481 0.06330430513517035 0.0633043051351863 2.140968289176669 2.00355118797141
1180.0 11.959778975899917 -6.153253776011535 64.03109515439489 -518142.04191493115 1.616861488855972e-05 30.345117291457818 27.496847080308505 27.659115470656925 142.44164519169422 385.4101980326316 400.0 -0.015437673946354358 2.574639603840264 2.6860018208008904 0.010456601818277369 51.17586678315421 2.603183050132241e-08 0.09215378716422079 0.04966498918417905 0.042488745924842704 2.9561367222178143 0.05196198393424775 0.04019180322997303 0.0638868418925787 0.06388684189259092 2.11824062159834 2.005688796933528
1190.0 11.965589629547521 -6.159893585843416 64.28999448414976 -517834.28501782153 1.621354469372149e-05 30.405986750934574 27.522229741103878 27.697076349541835 142.14390413633492 385.01801758330566 400.0 -0.015712676896621588 2.598544409207214 2.708910401392743 0.010970808010722751 51.8795309492774 2.6020567475602865e-08 0.09297998458509463 0.050183328043860345 0.04279660447461481 2.9890120463666507 0.05259916718609827 0.04038081739899634 0.06446971679317727 0.06446971679318847 2.095895815284379 2.007833098773592
1200.0 11.971419299954373 -6.16656221841149 64.54726270210531 -517526.0884395502 1.6258795316867718e-05 30.46702848578076 27.547514633698388 27.735244700256576 141.84483047378635 384.6241142960064 400.0 -0.01599028520501723 2.622463821213623 2.731783785524181 0.011492251904821815 52.57908765581043 2.6009240792515748e-08 0.09380591854686694 0.050702619970104744 0.043103246499161016 3.022044086106426 0.053239549991683954 0.040566368555182974 0.06505292040708034 0.06505292040708745 2.0739245365831653 2.0099840240962727
1210.0 11.977268128339908 -6.173259523139155 64.80292850113842 -517217.4518666568 1.630437180660215e-05 30.52824931721322 27.57270532387226 27.773625851127896 141.54441348333728 384.2284743256932 400.0 -0.016270502308701425 2.646397718136175 2.7546234660853215 0.01202089777694061 53.27454422366031 2.5997871075686825e-08 0.09463157098909714 0.05122284730639839 0.043408671594554346 3.0552340255694994 0.053883122248863116 0.040748448740234 0.06563644375792853 0.06563644375793329 2.0523177487262476 2.012141507666041
1220.0 11.983136258071031 -6.179985352549797 65.05701992825068 -516908.3749250367 1.6350279278179563e-05 30.58965603316186 27.597805288858286 27.812225101293233 141.24264223897288 383.83108355952106 400.0 -0.016553331677948244 2.6703460018987717 2.7774309318686257 0.012556709991643131 53.9659077041236 2.5986477872127058e-08 0.09545692500946487 0.05174399299618726 0.043712879915028195 3.088582993287621 0.054529874331628064 0.04092705067783679 0.06622027832472097 0.06622027832471905 2.03106670282399 2.0143054870385604
1230.0 11.989023834682756 -6.1867395622042975 65.30956440554993 -516598.85718039866 1.6396522887251073e-05 30.651255382817027 27.62281792038524 27.851047716285105 140.93950565423086 383.43192761551074 400.0 -0.01683877681982529 2.694308597471866 2.800207666531922 0.013099652998398565 54.653184832038555 2.597507969152805e-08 0.09628196485805875 0.052266040577775015 0.044015872172367014 3.122092061280065 0.05517979697684751 0.04110216788121125 0.06680441604321097 0.06680441604320957 2.010162933030384 2.01647589944669
1240.0 11.994931005909061 -6.193522010640675 65.5605887504645 -516288.8981386197 1.6443107880585448e-05 30.713054098147797 27.647746527700345 27.89009895038033 140.63499247085653 383.03099184011546 400.0 -0.01712684128184435 2.7182854522967137 2.822955147767469 0.01364969132788071 55.33638198587668 2.596369404559545e-08 0.09710667593117636 0.05278897417906926 0.044317649634960134 3.1557622443603193 0.05583288122080993 0.04127379471036643 0.06738884930708895 0.06738884930708254 1.9895982331223914 2.0186526873913846
1250.0 12.000857921720119 -6.200332559315841 65.81011919521036 -515978.4972460256 1.6490039555876935e-05 30.77505888227755 27.67259434056761 27.92938403561757 140.3290912515266 382.6282613054731 400.0 -0.017417528655681525 2.7422765357337293 2.8456748466599744 0.01420678958810331 56.015505154288945 2.5952337487245338e-08 0.09793104476465744 0.05331277851215823 0.044618214126558434 3.1895944996479697 0.05648911837827784 0.0414419263863796 0.067973570968885 0.06797357096887535 1.9693646580810737 2.020835793094539
1260.0 12.006804734342925 -6.207171072549486 66.0581814054433 -515667.65388973523 1.653732328414537e-05 30.837276423490763 27.697364512234138 27.968908196277788 140.02179049608716 382.2237208073823 400.0 -0.017710842580756697 2.7662818385314036 2.8683682272129736 0.014770912460278564 56.69055990854968 2.5941025649493007e-08 0.09875505902668291 0.05383743886772169 0.044917568024662284 3.2235897262670896 0.05714849983867566 0.041606559188007264 0.06855857434059154 0.06855857434058281 1.9494545054256869 2.0230251624520426
1270.0 12.012771598307422 -6.214037417469761 66.30480049832471 -515356.3673978046 1.6584964532175706e-05 30.899713402076493 27.72206012237425 28.00867665603685 139.7130784139424 381.8173548617425 400.0 -0.018006786747863657 2.790301372324365 2.8910367460396444 0.015342024694551998 57.361551380640144 2.5929773283919933e-08 0.09957870751037927 0.05436294110945645 0.045215714258700385 3.2577487652336674 0.05781101729231908 0.04176769021806017 0.06914385319420084 0.06914385319418545 1.9298603078904877 2.025220744025862
1280.0 12.018758670477759 -6.220931463961009 66.55000105984782 -515044.6370394306 1.6632968836348918e-05 30.962376486468468 27.746684179996 28.04869463427611 139.4029430489019 381.4091477014856 400.0 -0.01830536490281777 2.8143351691523084 2.913681852192354 0.015920091105701906 58.02848424638891 2.5918594298565603e-08 0.10040198012600095 0.05488927166838294 0.04551265630790585 3.2920723995064156 0.058476662823335065 0.041925317302665875 0.06972940176196728 0.0697294017619489 1.9105748282222088 2.0274224871493627
1290.0 12.024766110090034 -6.227853084613286 66.79380716155438 -514732.4620250742 1.668134181265796e-05 31.025272342280978 27.77123962631517 28.08896735515638 139.09137236743362 380.99908327322197 400.0 -0.018606580850027706 2.838383281004902 2.9363049871245974 0.01650507656871522 58.69136271336387 2.590750179515786e-08 0.10122486789291302 0.055416417537193605 0.045808398198950204 3.3265613541990806 0.0591454307815296 0.04207943711138344 0.07031521473659282 0.07031521473657151 1.8915910461296828 2.0296303439806795
1300.0 12.030794078788565 -6.234802154673644 67.03624237663423 -514419.84150655364 1.6730089181694236e-05 31.088407640843464 27.79572933758936 28.129500056075095 138.7783540642051 380.587145233829 400.0 -0.01891043845607728 2.862445779390263 2.958907584768369 0.017096946014433935 59.3501905131079 2.5896508105572773e-08 0.10204736293134423 0.05594436626459788 0.0461029445033515 3.3612162969391264 0.05981737666696948 0.04222998626437474 0.07090128727124859 0.07090128727122483 1.8729021505373837 2.03184426925496
1310.0 12.036842740676006 -6.241778551999118 67.27732979550663 -514106.7745770139 1.6779216758897723e-05 31.151789061851808 27.820156127915347 28.17029799013196 138.4638756933595 380.1733169458344 400.0 -0.01921694165337348 2.8865227549307018 2.981491071719846 0.017695664425224886 60.00497089743357 2.5885624827458026e-08 0.1028694584540811 0.056473105949786155 0.04639630033470471 3.396037838369413 0.06049253163667154 0.04237692681740957 0.07148761497957994 0.07148761497955106 1.8545015312060993 2.0340642205293094
1320.0 12.042912262347823 -6.248782157011439 67.5170920407733 -513793.2602709579 1.682873045087234e-05 31.21542329413096 27.844522751975948 28.211366426618522 138.1479246239555 379.75758147389126 400.0 -0.019526094443710444 2.9106143169788723 3.004056867512441 0.018301196830745797 60.65570663830795 2.5874862858926197e-08 0.10369114875792625 0.057002625236901514 0.046688471345667955 3.431026532771324 0.0611708931144632 0.04252025564346306 0.0720741939355427 0.07207419393550493 1.8363827742843606 2.036290156624363
1330.0 12.049002812941556 -6.255812852653307 67.75555128170892 -513479.2975641461 1.6878636269529428e-05 31.279317043429547 27.868831907743413 28.252710658454948 137.83048799809282 379.33992158005736 400.0 -0.019837900901918292 2.934720593260795 3.0266063849745986 0.018913508303846603 61.302400031148466 2.5864232432279513e-08 0.10451242921518052 0.05753291330967674 0.04697946372480794 3.4661828788113027 0.06185246549450571 0.0426599637206748 0.07266102067325335 0.07266102067321129 1.8185396537421248 2.038522038257892
1340.0 12.055114564177693 -6.26287052434626 67.99272924820569 -513164.8853735119 1.692894032926999e-05 31.343477036336882 27.893086239129268 28.294336005681185 137.51155280526604 378.9203197194887 400.0 -0.02015236517942985 2.958841729540406 3.0491410306556985 0.019532563956581907 61.94505290112442 2.585374314670726e-08 0.1053332962650199 0.05806395988616754 0.047269284193243395 3.501507320393596 0.06253725560733575 0.04279604065768413 0.07324809218676717 0.07324809218672362 1.800966123882411 2.0407598283295187
1350.0 12.061247690413111 -6.269955059950017 68.22864724429095 -512850.0225569592 1.6979648875808544e-05 31.407910034386767 27.91728833858274 28.3362478290723 137.19110584529935 378.498758035336 400.0 -0.020469491508006914 2.982977889309692 3.071662205314466 0.02015832893645489 62.583666612279146 2.5843403999919037e-08 0.106153747404946 0.05859575521367698 0.04755794000117141 3.5370002476169575 0.06322527106179571 0.04292847634315032 0.0738354059298817 0.07383540592983512 1.7836563080537662 2.0430034943851276
1360.0 12.067402368692287 -6.277066349723328 68.46332616117101 -512534.70791313885 1.7030768255795482e-05 31.472622823323594 27.941440749631607 28.3784515188663 136.8691336631377 378.07521835329874 400.0 -0.020789284203310384 3.0071292535008185 3.0941713044572934 0.02079076842286099 63.2182420791396 2.5833223418682697e-08 0.10697378118223529 0.0591282900638341 0.04784543892423765 3.572661997822601 0.0639165202489282 0.04305726093330709 0.07442295981592217 0.07442295981586634 1.7666045022059849 2.045253003502625
1370.0 12.07357877879181 -6.284204286286265 68.69678648979998 -512218.9401812319 1.7082304931999048e-05 31.537622225336715 27.965545969359656 28.420952506421802 136.54562266714336 377.6496821771253 400.0 -0.021111747668633427 3.0312960202186083 3.116669718914915 0.021429847623784252 63.84877978054182 2.582320928823133e-08 0.10779339718537645 0.05966155572781629 0.048131789259751756 3.6084928567221435 0.0646110123642169 0.04318238482115955 0.07501075221748625 0.07501075221742858 1.7498051627753681 2.0475083254124007
1380.0 12.079777103277275 -6.291368764583897 68.92904833308222 -511902.718040618 1.713426549673707e-05 31.602915105492496 27.989606450825875 28.463756270036594 136.2205590382908 377.2221306823926 400.0 -0.021436886398642732 3.055478404497629 3.1391588354559024 0.02207553177268658 64.47527977552532 2.5813368980542812e-08 0.10861259603567743 0.060195544011840706 0.04841699982280284 3.6444930596068668 0.06530875733123397 0.04330383870444347 0.07559878196630794 0.07559878196624296 1.7332529013559201 2.049769432281258
1390.0 12.085997527559279 -6.298559681851242 69.16013141766337 -511586.04011050664 1.7186656694059507e-05 31.668508382883587 28.013624605416723 28.506868345460084 135.89392867708116 376.7925447108628 400.0 -0.021764704983040055 3.079676638079481 3.1616400374235063 0.022727786125780525 65.09774172101915 2.580370938146603e-08 0.10943137937893618 0.06073024723282542 0.04870107994226885 3.680662792623986 0.06600976590112374 0.043421613477812454 0.07618704835309639 0.07618704835302871 1.7169424767362906 2.052036300064225
1400.0 12.092240239957045 -6.305776937579682 69.39005510536853 -511268.9049494962 1.723948536959478e-05 31.734409017601248 28.037602805133822 28.55029431220869 135.56571739238976 376.3609047639954 400.0 -0.022095208110434198 3.1038909692127508 3.1841147053925583 0.023386575959506627 65.71616489115036 2.5794236916699288e-08 0.11024974987729506 0.06126565821433384 0.04898403945672691 3.71700219411809 0.06671404974312585 0.04353570013416921 0.07677555112750759 0.07677555112743595 1.700868796340451 2.0543089048556142
1410.0 12.098505431738921 -6.313020433484527 69.61883840415933 -510951.3110552364 1.7292758516652544e-05 31.800624025615573 28.061543384802945 28.59403980778661 135.23591062224673 375.9271909977333 400.0 -0.02242840057208214 3.1281216624669193 3.2065842178289636 0.024051866568374814 66.33054819783662 2.578495757659726e-08 0.11106771120103259 0.06180177028261745 0.04926588871020218 3.753511356016974 0.067421621088601 0.04364609011243159 0.07736429049800762 0.07736429049793378 1.6850269095258636 2.05658722369594
1420.0 12.10479329720507 -6.320290073473905 69.84649997893025 -510633.25686378806 1.7346483295563105e-05 31.867160498855554 28.085448644225636 28.638110547089546 134.90449374710144 375.49138321457156 400.0 -0.02276428726582696 3.1523689985756387 3.2290499517660094 0.02472362326311704 66.94089021279737 2.5775876939857242e-08 0.1118852680208282 0.06233857726310286 0.04954663854794543 3.790190325283605 0.06813249276741658 0.04375277525341161 0.07795326713205437 0.07795326713197412 1.669411991106243 2.0588712410955035
1430.0 12.111104033737456 -6.327585763618842 70.07305816180981 -510314.74074915977 1.740066698444605e-05 31.934025578553676 28.109320850245634 28.682512295085367 134.5714517843552 375.0534608574299 400.0 -0.02310287319996058 3.17663327429064 3.251513283468311 0.02540181136919915 67.5471891904551 2.5767000196042303e-08 0.11270242599992711 0.06287607347695795 0.049826300312032 3.8270391053965036 0.06884667887113306 0.04385574712879403 0.07854248215615002 0.07854248215606713 1.6540193564196022 2.061160938025566
1440.0 12.117437841868835 -6.334907412124548 70.29853096222212 -509995.76102268696 1.745531703898179e-05 32.00122648866644 28.133162238746827 28.727250899572113 134.23676955647719 374.61340300237435 400.0 -0.02344416349720557 3.2009148022584415 3.2739755890943307 0.02608639622564172 68.14944309182005 2.5758332166990128e-08 0.11351919178663167 0.06341425373801272 0.05010488583693218 3.864057657875225 0.06956418938446975 0.0439550024021619 0.07913193715610709 0.07913193715601997 1.6388444405706002 2.06345630104589
1450.0 12.123794925352295 -6.3422549293028485 70.52293607663508 -509676.31593237165 1.751044105956855e-05 32.06877052375534 28.15697501657477 28.772332278408864 133.90043166362614 374.17118835122386 400.0 -0.023788163398741295 3.225213910914333 3.2964382453464727 0.026777343184255405 68.74764960912695 2.574987732711191e-08 0.11433557300697103 0.06395311334992171 0.050382407445018505 3.9012459038374665 0.07028501184327215 0.04405056116369887 0.07972163417738115 0.07972163417729086 1.6238828027621455 2.0657573174569532
1460.0 12.130175491224428 -6.349628227545795 70.74629089797678 -509356.40366223693 1.7566046810184307e-05 32.13666505805371 28.180761363378434 28.81776242795167 133.56242241593506 373.72679522403445 400.0 -0.02413487826828254 3.2495309443917586 3.3189026301020363 0.027474617609204867 69.34180619105118 2.5741639822591812e-08 0.11515157825752038 0.0644926481035658 0.05065887794198298 3.9386037255798074 0.07100915876722502 0.04414241949029537 0.08031157572548017 0.08031157572539 1.6091301209721323 2.068063975948483
1470.0 12.136579749884039 -6.357027221300329 70.9686125248336 -509036.0223315376 1.7622142246433082e-05 32.2049175641748 28.204523433379375 28.863547441146313 133.2227259440631 373.28020155084647 400.0 -0.02448431359623265 3.2738662624517647 3.3413701230284896 0.028178184876958823 69.93191006849115 2.5733623489529824e-08 0.1159672170985467 0.06503285427479386 0.050934310612241636 3.976130968187715 0.07173665514895136 0.04423056194959533 0.08090176476656853 0.08090176476647096 1.5945821805047857 2.0703762710456997
1480.0 12.143007915166663 -6.364451827044117 71.18991777034985 -508715.1699939747 1.7678735472964722e-05 32.2735355928725 28.22826335706015 28.909693486700213 132.8813260677888 372.83138486338265 400.0 -0.024836475003901178 3.298220240426796 3.3638421061722896 0.02888801037667457 70.51795828070563 2.5725831871033253e-08 0.11678250004732373 0.06557372862239302 0.05120871921427879 4.013827441160979 0.07246753217436241 0.04431496787296129 0.0814922047281294 0.08149220472803224 1.580234883172016 2.072694195492131
1490.0 12.149460204412108 -6.371901963262361 71.41022317082704 -508393.8446369167 1.773583478856307e-05 32.34252679719481 28.251983242771722 28.956206832676628 132.5382063379302 372.3803222869436 400.0 -0.025191368247768558 3.3225932691783835 3.3863199645181776 0.02960405951085913 71.09994770167934 2.571826823328273e-08 0.11759743857163012 0.06611526838632645 0.051482117975907724 4.0516929200502405 0.07320184568641691 0.044395592885213206 0.0820828994997542 0.0820828994996536 1.566084234526214 2.075017745613795
1500.0 12.155936838555549 -6.379377550425775 71.62954499417522 -508072.04418044013 1.7793448679464947e-05 32.41189893249692 28.27568517826927 29.003093845972042 132.1933500454045 371.92699053105366 400.0 -0.025548999223900647 3.3469857550746975 3.4088050865248767 0.03032629769655456 71.67787506678097 2.571093558062215e-08 0.1184120450836427 0.06665747128632299 0.051754521589574054 4.089727148113866 0.07393962076434223 0.04447242431930048 0.08267385343413665 0.08267385343403402 1.5521263425386391 2.07734692006893
1510.0 12.162438042197534 -6.386878510969477 71.84789924801885 -507749.7664764726 1.7851585815526967e-05 32.48165985758794 28.29937123216171 29.05036099296677 131.84674023286138 371.4713658808097 400.0 -0.0259093739723501 3.371398119977255 3.431298864621173 0.031054690366819657 72.25173699939259 2.570383666966891e-08 0.1192263329339083 0.06720033552065975 0.052025945207545186 4.127929837972174 0.07468087748308365 0.04454545545082466 0.08326507134810979 0.08326507134800597 1.5383574156833226 2.0796817189729513
1520.0 12.16896404369739 -6.394404769272997 72.06530168767367 -507427.0093077532 1.7910255085682675e-05 32.55181755345157 28.323043455290467 29.09801485777737 131.49835968163495 371.01342418672215 400.0 -0.026272498681724543 3.3958308012469134 3.453802695674201 0.03178920297266896 72.821530037656 2.5696974022506476e-08 0.1200403164057379 0.06774385976532372 0.05229640443714273 4.166300673275987 0.07542563627890737 0.04461468012683051 0.0838565585239361 0.08385655852383195 1.5247737544020037 2.082022147206913
1530.0 12.175515075257044 -6.401956251641234 72.28176782385017 -507103.77038682404 1.796946556740135e-05 32.62238010779855 28.346703882026535 29.14606212638081 131.14819079599542 370.55314085520763 400.0 -0.02663837969378489 3.420284251760601 3.4763179814177376 0.03252980098538831 73.38725066109409 2.5690349938967474e-08 0.12085401070977077 0.06828804317340417 0.05256591533591434 4.204839310371687 0.07617391671782865 0.044680093991942116 0.08444832071068625 0.0844483207105794 1.511371757769598 2.0843682083710293
1540.0 12.182091373007987 -6.409532886286408 72.4973129301518 -506780.04735497263 1.8029226554195593e-05 32.69335573494694 28.37035453149064 29.194509606104134 130.7962157483251 370.09049083855365 400.0 -0.027007023508213126 3.444758939941327 3.498846128842805 0.033276449899271594 73.9488953171022 2.5683966508046553e-08 0.12166743197881048 0.06883288537476956 0.05283449440679266 4.24354537996565 0.0769257359664049 0.044741696012405616 0.08504036412577053 0.08504036412566394 1.4981479127126807 2.086719909615965
1550.0 12.1886931771068 -6.417134603310979 72.71195205040135 -506455.8377810822 1.8089547565944022e-05 32.76475278020197 28.393997408699782 29.243364229650304 130.44241638437376 369.62544862415547 400.0 -0.027378436787370456 3.469255349802804 3.521388550551662 0.03402911523474102 74.50646044727463 2.567782561848003e-08 0.12248059726299229 0.06937838647607301 0.053102158593257384 4.282418488788903 0.07768109781156626 0.044799499451426035 0.08563269545668424 0.08563269545657914 1.4850987928072779 2.0890772606505608
1560.0 12.195320731828144 -6.424761334691543 72.92570000575185 -506131.1391604751 1.8150438322969498e-05 32.836579712236706 28.417634505636702 29.292633047166497 130.0867743004176 369.1579882237011 400.0 -0.027752626361281115 3.4937739810050235 3.543946665070211 0.034787762541895376 75.05994251345483 2.567192896851664e-08 0.12329352452518327 0.06992454706101034 0.053368925274477355 4.321458221254104 0.07844001498632096 0.04485350953886229 0.08622532186287651 0.08622532186277633 1.472221059346686 2.0914402712763214
1570.0 12.20197428566777 -6.4324130142636955 73.13857140164862 -505805.94891365466 1.8211908893873665e-05 32.9088451921019 28.441267802248717 29.342323294978797 129.7292706850785 368.68808316171373 400.0 -0.02812959923261997 3.518315348924027 3.566521897123101 0.03555235740446949 75.6093380235237 2.5666278074924116e-08 0.12410623263673257 0.07047136819090837 0.05363481226047239 4.360664141109908 0.0792025125244094 0.04490372011232315 0.08681825097784143 0.08681825097775889 1.459511437666626 2.0938089651605685
1580.0 12.208654091439792 -6.440089577707797 73.35058063457562 -505480.2643850579 1.8273969158136992e-05 32.981557816750694 28.464899267370633 29.392442138885798 129.36988646409853 368.21570646403376 400.0 -0.028509362581923457 3.542879984731366 3.5891156778648985 0.036322865444148256 76.1546435567936 2.5660874281245587e-08 0.12491874137344844 0.0710188514055694 0.05389983778724597 4.400035793082202 0.07996861930159233 0.04495012207185612 0.08741149091135421 0.0874114909112905 1.4469668059096559 2.0961833196143926
1590.0 12.2153604063827 -6.4477909625356675 73.56174189866097 -505154.08284171746 1.833663082444653e-05 33.05472711668989 28.488530859578873 29.442997671617178 129.00860224686843 367.7408306456517 400.0 -0.02889192377279664 3.5674684354863357 3.6117294450727147 0.037099252325370924 76.69585578905038 2.5655718765357558e-08 0.1257310714119078 0.07156699872441376 0.05416402051195216 4.4395727045086915 0.08073809059529985 0.04499298081660796 0.08800505025189274 0.08800505025185057 1.4345838471136316 2.098563495527017
1600.0 12.222093492267053 -6.455517108078253 73.77206919211663 -504827.4014718856 1.8399899976314743e-05 33.12835984336175 28.51216452797684 29.493995200062987 128.6453982195933 367.2634276983566 400.0 -0.029277290357365197 3.592081264240156 3.6343646432987673 0.03788148376036567 77.23297151715957 2.565081254635229e-08 0.12654324432609287 0.07211581264796159 0.05442737950805053 4.479274386962891 0.08151069281884608 0.045032551507246804 0.08859893806932578 0.08859893806920652 1.4223603202094592 2.1009489815931133
