#T volume alpha alpha_xx alpha_yy alpha_zz alpha_yz alpha_zy alpha_xz alpha_zx alpha_xy alpha_yx
0.0  11.446143   0.0000e+00   1.1289e-08   1.1289e-08   1.1289e-08   0.0000e+00   0.0000e+00   0.0000e+00   0.0000e+00   0.0000e+00   0.0000e+00
10.0  11.446143   3.2769e-09   3.2769e-09   3.2769e-09   3.2769e-09   0.0000e+00   0.0000e+00   0.0000e+00   0.0000e+00   0.0000e+00   0.0000e+00
20.0  11.446151   4.9864e-08   4.9864e-08   4.9864e-08   4.9864e-08   0.0000e+00   0.0000e+00   0.0000e+00   0.0000e+00   0.0000e+00   0.0000e+00
30.0  11.446196   2.5588e-07   2.5588e-07   2.5588e-07   2.5588e-07   0.0000e+00   0.0000e+00   0.0000e+00   0.0000e+00   0.0000e+00   0.0000e+00
40.0  11.446359   7.4485e-07   7.4486e-07   7.4486e-07   7.4486e-07   0.0000e+00   0.0000e+00   0.0000e+00   0.0000e+00   0.0000e+00   0.0000e+00
50.0  11.446736   1.4826e-06   1.4826e-06   1.4826e-06   1.4826e-06   0.0000e+00   0.0000e+00   0.0000e+00   0.0000e+00   0.0000e+00   0.0000e+00
60.0  11.447393   2.3598e-06   2.3598e-06   2.3598e-06   2.3598e-06   0.0000e+00   0.0000e+00   0.0000e+00   0.0000e+00   0.0000e+00   0.0000e+00
70.0  11.448362   3.2803e-06   3.2803e-06   3.2803e-06   3.2803e-06   0.0000e+00   0.0000e+00   0.0000e+00   0.0000e+00   0.0000e+00   0.0000e+00
80.0  11.449644   4.1807e-06   4.1807e-06   4.1807e-06   4.1807e-06   0.0000e+00   0.0000e+00   0.0000e+00   0.0000e+00   0.0000e+00   0.0000e+00
90.0  11.451228   5.0259e-06   5.0259e-06   5.0259e-06   5.0259e-06   0.0000e+00   0.0000e+00   0.0000e+00   0.0000e+00   0.0000e+00   0.0000e+00
100.0  11.453089   5.7996e-06   5.7996e-06   5.7996e-06   5.7996e-06   0.0000e+00   0.0000e+00   0.0000e+00   0.0000e+00   0.0000e+00   0.0000e+00
110.0  11.455204   6.4973e-06   6.4973e-06   6.4973e-06   6.4973e-06   0.0000e+00   0.0000e+00   0.0000e+00   0.0000e+00   0.0000e+00   0.0000e+00
120.0  11.457547   7.1209e-06   7.1209e-06   7.1209e-06   7.1209e-06   0.0000e+00   0.0000e+00   0.0000e+00   0.0000e+00   0.0000e+00   0.0000e+00
130.0  11.460092   7.6758e-06   7.6758e-06   7.6758e-06   7.6758e-06   0.0000e+00   0.0000e+00   0.0000e+00   0.0000e+00   0.0000e+00   0.0000e+00
140.0  11.462817   8.1685e-06   8.1686e-06   8.1686e-06   8.1686e-06   0.0000e+00   0.0000e+00   0.0000e+00   0.0000e+00   0.0000e+00   0.0000e+00
150.0  11.465704   8.6062e-06   8.6062e-06   8.6062e-06   8.6062e-06   0.0000e+00   0.0000e+00   0.0000e+00   0.0000e+00   0.0000e+00   0.0000e+00
160.0  11.468732   8.9954e-06   8.9954e-06   8.9954e-06   8.9954e-06   0.0000e+00   0.0000e+00   0.0000e+00   0.0000e+00   0.0000e+00   0.0000e+00
170.0  11.471889   9.3423e-06   9.3423e-06   9.3423e-06   9.3423e-06   0.0000e+00   0.0000e+00   0.0000e+00   0.0000e+00   0.0000e+00   0.0000e+00
180.0  11.475159   9.6524e-06   9.6524e-06   9.6524e-06   9.6524e-06   0.0000e+00   0.0000e+00   0.0000e+00   0.0000e+00   0.0000e+00   0.0000e+00
190.0  11.478531   9.9306e-06   9.9306e-06   9.9306e-06   9.9306e-06   0.0000e+00   0.0000e+00   0.0000e+00   0.0000e+00   0.0000e+00   0.0000e+00
200.0  11.481995   1.0181e-05   1.0181e-05   1.0181e-05   1.0181e-05   0.0000e+00   0.0000e+00   0.0000e+00   0.0000e+00   0.0000e+00   0.0000e+00
210.0  11.485542   1.0407e-05   1.0407e-05   1.0407e-05   1.0407e-05   0.0000e+00   0.0000e+00   0.0000e+00   0.0000e+00   0.0000e+00   0.0000e+00
220.0  11.489164   1.0612e-05   1.0612e-05   1.0612e-05   1.0612e-05   0.0000e+00   0.0000e+00   0.0000e+00   0.0000e+00   0.0000e+00   0.0000e+00
230.0  11.492855   1.0799e-05   1.0799e-05   1.0799e-05   1.0799e-05   0.0000e+00   0.0000e+00   0.0000e+00   0.0000e+00   0.0000e+00   0.0000e+00
240.0  11.496609   1.0970e-05   1.0970e-05   1.0970e-05   1.0970e-05   0.0000e+00   0.0000e+00   0.0000e+00   0.0000e+00   0.0000e+00   0.0000e+00
250.0  11.500421   1.1126e-05   1.1126e-05   1.1126e-05   1.1126e-05   0.0000e+00   0.0000e+00   0.0000e+00   0.0000e+00   0.0000e+00   0.0000e+00
260.0  11.504285   1.1271e-05   1.1271e-05   1.1271e-05   1.1271e-05   0.0000e+00   0.0000e+00   0.0000e+00   0.0000e+00   0.0000e+00   0.0000e+00
270.0  11.508199   1.1404e-05   1.1404e-05   1.1404e-05   1.1404e-05   0.0000e+00   0.0000e+00   0.0000e+00   0.0000e+00   0.0000e+00   0.0000e+00
280.0  11.512159   1.1528e-05   1.1528e-05   1.1528e-05   1.1528e-05   0.0000e+00   0.0000e+00   0.0000e+00   0.0000e+00   0.0000e+00   0.0000e+00
290.0  11.516161   1.1643e-05   1.1643e-05   1.1643e-05   1.1643e-05   0.0000e+00   0.0000e+00   0.0000e+00   0.0000e+00   0.0000e+00   0.0000e+00
300.0  11.520203   1.1751e-05   1.1751e-05   1.1751e-05   1.1751e-05   0.0000e+00   0.0000e+00   0.0000e+00   0.0000e+00   0.0000e+00   0.0000e+00
310.0  11.524283   1.1852e-05   1.1852e-05   1.1852e-05   1.1852e-05   0.0000e+00   0.0000e+00   0.0000e+00   0.0000e+00   0.0000e+00   0.0000e+00
320.0  11.528397   1.1947e-05   1.1947e-05   1.1947e-05   1.1947e-05   0.0000e+00   0.0000e+00   0.0000e+00   0.0000e+00   0.0000e+00   0.0000e+00
330.0  11.532546   1.2037e-05   1.2037e-05   1.2037e-05   1.2037e-05   0.0000e+00   0.0000e+00   0.0000e+00   0.0000e+00   0.0000e+00   0.0000e+00
340.0  11.536726   1.2122e-05   1.2122e-05   1.2122e-05   1.2122e-05   0.0000e+00   0.0000e+00   0.0000e+00   0.0000e+00   0.0000e+00   0.0000e+00
350.0  11.540936   1.2202e-05   1.2202e-05   1.2202e-05   1.2202e-05   0.0000e+00   0.0000e+00   0.0000e+00   0.0000e+00   0.0000e+00   0.0000e+00
360.0  11.545175   1.2279e-05   1.2279e-05   1.2279e-05   1.2279e-05   0.0000e+00   0.0000e+00   0.0000e+00   0.0000e+00   0.0000e+00   0.0000e+00
370.0  11.549441   1.2353e-05   1.2353e-05   1.2353e-05   1.2353e-05   0.0000e+00   0.0000e+00   0.0000e+00   0.0000e+00   0.0000e+00   0.0000e+00
380.0  11.553734   1.2423e-05   1.2423e-05   1.2423e-05   1.2423e-05   0.0000e+00   0.0000e+00   0.0000e+00   0.0000e+00   0.0000e+00   0.0000e+00
390.0  11.558053   1.2490e-05   1.2490e-05   1.2490e-05   1.2490e-05   0.0000e+00   0.0000e+00   0.0000e+00   0.0000e+00   0.0000e+00   0.0000e+00
400.0  11.562396   1.2556e-05   1.2556e-05   1.2556e-05   1.2556e-05   0.0000e+00   0.0000e+00   0.0000e+00   0.0000e+00   0.0000e+00   0.0000e+00
410.0  11.566763   1.2618e-05   1.2618e-05   1.2618e-05   1.2618e-05   0.0000e+00   0.0000e+00   0.0000e+00   0.0000e+00   0.0000e+00   0.0000e+00
420.0  11.571153   1.2679e-05   1.2679e-05   1.2679e-05   1.2679e-05   0.0000e+00   0.0000e+00   0.0000e+00   0.0000e+00   0.0000e+00   0.0000e+00
430.0  11.575566   1.2738e-05   1.2738e-05   1.2738e-05   1.2738e-05   0.0000e+00   0.0000e+00   0.0000e+00   0.0000e+00   0.0000e+00   0.0000e+00
440.0  11.580000   1.2795e-05   1.2795e-05   1.2795e-05   1.2795e-05   0.0000e+00   0.0000e+00   0.0000e+00   0.0000e+00   0.0000e+00   0.0000e+00
450.0  11.584456   1.2851e-05   1.2851e-05   1.2851e-05   1.2851e-05   0.0000e+00   0.0000e+00   0.0000e+00   0.0000e+00   0.0000e+00   0.0000e+00
460.0  11.588932   1.2906e-05   1.2906e-05   1.2906e-05   1.2906e-05   0.0000e+00   0.0000e+00   0.0000e+00   0.0000e+00   0.0000e+00   0.0000e+00
470.0  11.593429   1.2959e-05   1.2959e-05   1.2959e-05   1.2959e-05   0.0000e+00   0.0000e+00   0.0000e+00   0.0000e+00   0.0000e+00   0.0000e+00
480.0  11.597946   1.3011e-05   1.3011e-05   1.3011e-05   1.3011e-05   0.0000e+00   0.0000e+00   0.0000e+00   0.0000e+00   0.0000e+00   0.0000e+00
490.0  11.602483   1.3062e-05   1.3062e-05   1.3062e-05   1.3062e-05   0.0000e+00   0.0000e+00   0.0000e+00   0.0000e+00   0.0000e+00   0.0000e+00
500.0  11.607040   1.3113e-05   1.3113e-05   1.3113e-05   1.3113e-05   0.0000e+00   0.0000e+00   0.0000e+00   0.0000e+00   0.0000e+00   0.0000e+00
510.0  11.611615   1.3162e-05   1.3162e-05   1.3162e-05   1.3162e-05   0.0000e+00   0.0000e+00   0.0000e+00   0.0000e+00   0.0000e+00   0.0000e+00
520.0  11.616210   1.3211e-05   1.3211e-05   1.3211e-05   1.3211e-05   0.0000e+00   0.0000e+00   0.0000e+00   0.0000e+00   0.0000e+00   0.0000e+00
530.0  11.620823   1.3259e-05   1.3259e-05   1.3259e-05   1.3259e-05   0.0000e+00   0.0000e+00   0.0000e+00   0.0000e+00   0.0000e+00   0.0000e+00
540.0  11.625455   1.3307e-05   1.3307e-05   1.3307e-05   1.3307e-05   0.0000e+00   0.0000e+00   0.0000e+00   0.0000e+00   0.0000e+00   0.0000e+00
550.0  11.630105   1.3354e-05   1.3354e-05   1.3354e-05   1.3354e-05   0.0000e+00   0.0000e+00   0.0000e+00   0.0000e+00   0.0000e+00   0.0000e+00
560.0  11.634774   1.3401e-05   1.3401e-05   1.3401e-05   1.3401e-05   0.0000e+00   0.0000e+00   0.0000e+00   0.0000e+00   0.0000e+00   0.0000e+00
570.0  11.639460   1.3448e-05   1.3448e-05   1.3448e-05   1.3448e-05   0.0000e+00   0.0000e+00   0.0000e+00   0.0000e+00   0.0000e+00   0.0000e+00
580.0  11.644165   1.3494e-05   1.3494e-05   1.3494e-05   1.3494e-05   0.0000e+00   0.0000e+00   0.0000e+00   0.0000e+00   0.0000e+00   0.0000e+00
590.0  11.648888   1.3540e-05   1.3540e-05   1.3540e-05   1.3540e-05   0.0000e+00   0.0000e+00   0.0000e+00   0.0000e+00   0.0000e+00   0.0000e+00
600.0  11.653629   1.3586e-05   1.3586e-05   1.3586e-05   1.3586e-05   0.0000e+00   0.0000e+00   0.0000e+00   0.0000e+00   0.0000e+00   0.0000e+00
610.0  11.658387   1.3631e-05   1.3631e-05   1.3631e-05   1.3631e-05   0.0000e+00   0.0000e+00   0.0000e+00   0.0000e+00   0.0000e+00   0.0000e+00
620.0  11.663164   1.3676e-05   1.3676e-05   1.3676e-05   1.3676e-05   0.0000e+00   0.0000e+00   0.0000e+00   0.0000e+00   0.0000e+00   0.0000e+00
630.0  11.667958   1.3722e-05   1.3722e-05   1.3722e-05   1.3722e-05   0.0000e+00   0.0000e+00   0.0000e+00   0.0000e+00   0.0000e+00   0.0000e+00
640.0  11.672770   1.3767e-05   1.3767e-05   1.3767e-05   1.3767e-05   0.0000e+00   0.0000e+00   0.0000e+00   0.0000e+00   0.0000e+00   0.0000e+00
650.0  11.677600   1.3812e-05   1.3812e-05   1.3812e-05   1.3812e-05   0.0000e+00   0.0000e+00   0.0000e+00   0.0000e+00   0.0000e+00   0.0000e+00
660.0  11.682447   1.3857e-05   1.3857e-05   1.3857e-05   1.3857e-05   0.0000e+00   0.0000e+00   0.0000e+00   0.0000e+00   0.0000e+00   0.0000e+00
670.0  11.687313   1.3902e-05   1.3902e-05   1.3902e-05   1.3902e-05   0.0000e+00   0.0000e+00   0.0000e+00   0.0000e+00   0.0000e+00   0.0000e+00
680.0  11.692196   1.3948e-05   1.3948e-05   1.3948e-05   1.3948e-05   0.0000e+00   0.0000e+00   0.0000e+00   0.0000e+00   0.0000e+00   0.0000e+00
690.0  11.697098   1.3993e-05   1.3993e-05   1.3993e-05   1.3993e-05   0.0000e+00   0.0000e+00   0.0000e+00   0.0000e+00   0.0000e+00   0.0000e+00
700.0  11.702017   1.4038e-05   1.4038e-05   1.4038e-05   1.4038e-05   0.0000e+00   0.0000e+00   0.0000e+00   0.0000e+00   0.0000e+00   0.0000e+00
710.0  11.706954   1.4084e-05   1.4084e-05   1.4084e-05   1.4084e-05   0.0000e+00   0.0000e+00   0.0000e+00   0.0000e+00   0.0000e+00   0.0000e+00
720.0  11.711909   1.4129e-05   1.4129e-05   1.4129e-05   1.4129e-05   0.0000e+00   0.0000e+00   0.0000e+00   0.0000e+00   0.0000e+00   0.0000e+00
730.0  11.716883   1.4175e-05   1.4175e-05   1.4175e-05   1.4175e-05   0.0000e+00   0.0000e+00   0.0000e+00   0.0000e+00   0.0000e+00   0.0000e+00
740.0  11.721875   1.4221e-05   1.4221e-05   1.4221e-05   1.4221e-05   0.0000e+00   0.0000e+00   0.0000e+00   0.0000e+00   0.0000e+00   0.0000e+00
750.0  11.726885   1.4267e-05   1.4267e-05   1.4267e-05   1.4267e-05   0.0000e+00   0.0000e+00   0.0000e+00   0.0000e+00   0.0000e+00   0.0000e+00
760.0  11.731913   1.4313e-05   1.4313e-05   1.4313e-05   1.4313e-05   0.0000e+00   0.0000e+00   0.0000e+00   0.0000e+00   0.0000e+00   0.0000e+00
770.0  11.736960   1.4360e-05   1.4360e-05   1.4360e-05   1.4360e-05   0.0000e+00   0.0000e+00   0.0000e+00   0.0000e+00   0.0000e+00   0.0000e+00
780.0  11.742026   1.4407e-05   1.4407e-05   1.4407e-05   1.4407e-05   0.0000e+00   0.0000e+00   0.0000e+00   0.0000e+00   0.0000e+00   0.0000e+00
790.0  11.747110   1.4454e-05   1.4454e-05   1.4454e-05   1.4454e-05   0.0000e+00   0.0000e+00   0.0000e+00   0.0000e+00   0.0000e+00   0.0000e+00
800.0  11.752213   1.4501e-05   1.4501e-05   1.4501e-05   1.4501e-05   0.0000e+00   0.0000e+00   0.0000e+00   0.0000e+00   0.0000e+00   0.0000e+00
810.0  11.757335   1.4548e-05   1.4548e-05   1.4548e-05   1.4548e-05   0.0000e+00   0.0000e+00   0.0000e+00   0.0000e+00   0.0000e+00   0.0000e+00
820.0  11.762476   1.4596e-05   1.4596e-05   1.4596e-05   1.4596e-05   0.0000e+00   0.0000e+00   0.0000e+00   0.0000e+00   0.0000e+00   0.0000e+00
830.0  11.767636   1.4644e-05   1.4644e-05   1.4644e-05   1.4644e-05   0.0000e+00   0.0000e+00   0.0000e+00   0.0000e+00   0.0000e+00   0.0000e+00
840.0  11.772816   1.4693e-05   1.4693e-05   1.4693e-05   1.4693e-05   0.0000e+00   0.0000e+00   0.0000e+00   0.0000e+00   0.0000e+00   0.0000e+00
850.0  11.778015   1.4741e-05   1.4741e-05   1.4741e-05   1.4741e-05   0.0000e+00   0.0000e+00   0.0000e+00   0.0000e+00   0.0000e+00   0.0000e+00
860.0  11.783233   1.4790e-05   1.4790e-05   1.4790e-05   1.4790e-05   0.0000e+00   0.0000e+00   0.0000e+00   0.0000e+00   0.0000e+00   0.0000e+00
870.0  11.788472   1.4840e-05   1.4840e-05   1.4840e-05   1.4840e-05   0.0000e+00   0.0000e+00   0.0000e+00   0.0000e+00   0.0000e+00   0.0000e+00
880.0  11.793730   1.4890e-05   1.4890e-05   1.4890e-05   1.4890e-05   0.0000e+00   0.0000e+00   0.0000e+00   0.0000e+00   0.0000e+00   0.0000e+00
890.0  11.799008   1.4940e-05   1.4940e-05   1.4940e-05   1.4940e-05   0.0000e+00   0.0000e+00   0.0000e+00   0.0000e+00   0.0000e+00   0.0000e+00
900.0  11.804306   1.4990e-05   1.4990e-05   1.4990e-05   1.4990e-05   0.0000e+00   0.0000e+00   0.0000e+00   0.0000e+00   0.0000e+00   0.0000e+00
910.0  11.809625   1.5041e-05   1.5041e-05   1.5041e-05   1.5041e-05   0.0000e+00   0.0000e+00   0.0000e+00   0.0000e+00   0.0000e+00   0.0000e+00
920.0  11.814964   1.5090e-05   1.5090e-05   1.5090e-05   1.5090e-05   0.0000e+00   0.0000e+00   0.0000e+00   0.0000e+00   0.0000e+00   0.0000e+00
930.0  11.820322   1.5134e-05   1.5134e-05   1.5134e-05   1.5134e-05   0.0000e+00   0.0000e+00   0.0000e+00   0.0000e+00   0.0000e+00   0.0000e+00
940.0  11.825697   1.5174e-05   1.5174e-05   1.5174e-05   1.5174e-05   0.0000e+00   0.0000e+00   0.0000e+00   0.0000e+00   0.0000e+00   0.0000e+00
950.0  11.831088   1.5213e-05   1.5213e-05   1.5213e-05   1.5213e-05   0.0000e+00   0.0000e+00   0.0000e+00   0.0000e+00   0.0000e+00   0.0000e+00
960.0  11.836496   1.5251e-05   1.5252e-05   1.5252e-05   1.5252e-05   0.0000e+00   0.0000e+00   0.0000e+00   0.0000e+00   0.0000e+00   0.0000e+00
970.0  11.841920   1.5291e-05   1.5291e-05   1.5291e-05   1.5291e-05   0.0000e+00   0.0000e+00   0.0000e+00   0.0000e+00   0.0000e+00   0.0000e+00
980.0  11.847360   1.5330e-05   1.5330e-05   1.5330e-05   1.5330e-05   0.0000e+00   0.0000e+00   0.0000e+00   0.0000e+00   0.0000e+00   0.0000e+00
990.0  11.852817   1.5369e-05   1.5370e-05   1.5370e-05   1.5370e-05   0.0000e+00   0.0000e+00   0.0000e+00   0.0000e+00   0.0000e+00   0.0000e+00
1000.0  11.858290   1.5409e-05   1.5409e-05   1.5409e-05   1.5409e-05   0.0000e+00   0.0000e+00   0.0000e+00   0.0000e+00   0.0000e+00   0.0000e+00
1010.0  11.863781   1.5449e-05   1.5449e-05   1.5449e-05   1.5449e-05   0.0000e+00   0.0000e+00   0.0000e+00   0.0000e+00   0.0000e+00   0.0000e+00
1020.0  11.869288   1.5489e-05   1.5489e-05   1.5489e-05   1.5489e-05   0.0000e+00   0.0000e+00   0.0000e+00   0.0000e+00   0.0000e+00   0.0000e+00
1030.0  11.874811   1.5530e-05   1.5530e-05   1.5530e-05   1.5530e-05   0.0000e+00   0.0000e+00   0.0000e+00   0.0000e+00   0.0000e+00   0.0000e+00
1040.0  11.880352   1.5571e-05   1.5571e-05   1.5571e-05   1.5571e-05   0.0000e+00   0.0000e+00   0.0000e+00   0.0000e+00   0.0000e+00   0.0000e+00
1050.0  11.885911   1.5611e-05   1.5612e-05   1.5612e-05   1.5612e-05   0.0000e+00   0.0000e+00   0.0000e+00   0.0000e+00   0.0000e+00   0.0000e+00
1060.0  11.891486   1.5653e-05   1.5653e-05   1.5653e-05   1.5653e-05   0.0000e+00   0.0000e+00   0.0000e+00   0.0000e+00   0.0000e+00   0.0000e+00
1070.0  11.897079   1.5694e-05   1.5694e-05   1.5694e-05   1.5694e-05   0.0000e+00   0.0000e+00   0.0000e+00   0.0000e+00   0.0000e+00   0.0000e+00
1080.0  11.902689   1.5736e-05   1.5736e-05   1.5736e-05   1.5736e-05   0.0000e+00   0.0000e+00   0.0000e+00   0.0000e+00   0.0000e+00   0.0000e+00
1090.0  11.908317   1.5778e-05   1.5778e-05   1.5778e-05   1.5778e-05   0.0000e+00   0.0000e+00   0.0000e+00   0.0000e+00   0.0000e+00   0.0000e+00
1100.0  11.913962   1.5820e-05   1.5820e-05   1.5820e-05   1.5820e-05   0.0000e+00   0.0000e+00   0.0000e+00   0.0000e+00   0.0000e+00   0.0000e+00
1110.0  11.919625   1.5863e-05   1.5863e-05   1.5863e-05   1.5863e-05   0.0000e+00   0.0000e+00   0.0000e+00   0.0000e+00   0.0000e+00   0.0000e+00
1120.0  11.925307   1.5905e-05   1.5906e-05   1.5906e-05   1.5906e-05   0.0000e+00   0.0000e+00   0.0000e+00   0.0000e+00   0.0000e+00   0.0000e+00
1130.0  11.931006   1.5949e-05   1.5949e-05   1.5949e-05   1.5949e-05   0.0000e+00   0.0000e+00   0.0000e+00   0.0000e+00   0.0000e+00   0.0000e+00
1140.0  11.936724   1.5992e-05   1.5992e-05   1.5992e-05   1.5992e-05   0.0000e+00   0.0000e+00   0.0000e+00   0.0000e+00   0.0000e+00   0.0000e+00
1150.0  11.942460   1.6036e-05   1.6036e-05   1.6036e-05   1.6036e-05   0.0000e+00   0.0000e+00   0.0000e+00   0.0000e+00   0.0000e+00   0.0000e+00
1160.0  11.948214   1.6080e-05   1.6080e-05   1.6080e-05   1.6080e-05   0.0000e+00   0.0000e+00   0.0000e+00   0.0000e+00   0.0000e+00   0.0000e+00
1170.0  11.953987   1.6124e-05   1.6124e-05   1.6124e-05   1.6124e-05   0.0000e+00   0.0000e+00   0.0000e+00   0.0000e+00   0.0000e+00   0.0000e+00
1180.0  11.959779   1.6169e-05   1.6169e-05   1.6169e-05   1.6169e-05   0.0000e+00   0.0000e+00   0.0000e+00   0.0000e+00   0.0000e+00   0.0000e+00
1190.0  11.965590   1.6214e-05   1.6214e-05   1.6214e-05   1.6214e-05   0.0000e+00   0.0000e+00   0.0000e+00   0.0000e+00   0.0000e+00   0.0000e+00
1200.0  11.971419   1.6259e-05   1.6259e-05   1.6259e-05   1.6259e-05   0.0000e+00   0.0000e+00   0.0000e+00   0.0000e+00   0.0000e+00   0.0000e+00
1210.0  11.977268   1.6304e-05   1.6304e-05   1.6304e-05   1.6304e-05   0.0000e+00   0.0000e+00   0.0000e+00   0.0000e+00   0.0000e+00   0.0000e+00
1220.0  11.983136   1.6350e-05   1.6350e-05   1.6350e-05   1.6350e-05   0.0000e+00   0.0000e+00   0.0000e+00   0.0000e+00   0.0000e+00   0.0000e+00
1230.0  11.989024   1.6397e-05   1.6397e-05   1.6397e-05   1.6397e-05   0.0000e+00   0.0000e+00   0.0000e+00   0.0000e+00   0.0000e+00   0.0000e+00
1240.0  11.994931   1.6443e-05   1.6443e-05   1.6443e-05   1.6443e-05   0.0000e+00   0.0000e+00   0.0000e+00   0.0000e+00   0.0000e+00   0.0000e+00
1250.0  12.000858   1.6490e-05   1.6490e-05   1.6490e-05   1.6490e-05   0.0000e+00   0.0000e+00   0.0000e+00   0.0000e+00   0.0000e+00   0.0000e+00
1260.0  12.006805   1.6537e-05   1.6537e-05   1.6537e-05   1.6537e-05   0.0000e+00   0.0000e+00   0.0000e+00   0.0000e+00   0.0000e+00   0.0000e+00
1270.0  12.012772   1.6585e-05   1.6585e-05   1.6585e-05   1.6585e-05   0.0000e+00   0.0000e+00   0.0000e+00   0.0000e+00   0.0000e+00   0.0000e+00
1280.0  12.018759   1.6633e-05   1.6633e-05   1.6633e-05   1.6633e-05   0.0000e+00   0.0000e+00   0.0000e+00   0.0000e+00   0.0000e+00   0.0000e+00
1290.0  12.024766   1.6681e-05   1.6681e-05   1.6681e-05   1.6681e-05   0.0000e+00   0.0000e+00   0.0000e+00   0.0000e+00   0.0000e+00   0.0000e+00
1300.0  12.030794   1.6730e-05   1.6730e-05   1.6730e-05   1.6730e-05   0.0000e+00   0.0000e+00   0.0000e+00   0.0000e+00   0.0000e+00   0.0000e+00
1310.0  12.036843   1.6779e-05   1.6779e-05   1.6779e-05   1.6779e-05   0.0000e+00   0.0000e+00   0.0000e+00   0.0000e+00   0.0000e+00   0.0000e+00
1320.0  12.042912   1.6829e-05   1.6829e-05   1.6829e-05   1.6829e-05   0.0000e+00   0.0000e+00   0.0000e+00   0.0000e+00   0.0000e+00   0.0000e+00
1330.0  12.049003   1.6879e-05   1.6879e-05   1.6879e-05   1.6879e-05   0.0000e+00   0.0000e+00   0.0000e+00   0.0000e+00   0.0000e+00   0.0000e+00
1340.0  12.055115   1.6929e-05   1.6929e-05   1.6929e-05   1.6929e-05   0.0000e+00   0.0000e+00   0.0000e+00   0.0000e+00   0.0000e+00   0.0000e+00
1350.0  12.061248   1.6980e-05   1.6980e-05   1.6980e-05   1.6980e-05   0.0000e+00   0.0000e+00   0.0000e+00   0.0000e+00   0.0000e+00   0.0000e+00
1360.0  12.067402   1.7031e-05   1.7031e-05   1.7031e-05   1.7031e-05   0.0000e+00   0.0000e+00   0.0000e+00   0.0000e+00   0.0000e+00   0.0000e+00
1370.0  12.073579   1.7082e-05   1.7082e-05   1.7082e-05   1.7082e-05   0.0000e+00   0.0000e+00   0.0000e+00   0.0000e+00   0.0000e+00   0.0000e+00
1380.0  12.079777   1.7134e-05   1.7134e-05   1.7134e-05   1.7134e-05   0.0000e+00   0.0000e+00   0.0000e+00   0.0000e+00   0.0000e+00   0.0000e+00
1390.0  12.085998   1.7187e-05   1.7187e-05   1.7187e-05   1.7187e-05   0.0000e+00   0.0000e+00   0.0000e+00   0.0000e+00   0.0000e+00   0.0000e+00
1400.0  12.092240   1.7239e-05   1.7240e-05   1.7240e-05   1.7240e-05   0.0000e+00   0.0000e+00   0.0000e+00   0.0000e+00   0.0000e+00   0.0000e+00
1410.0  12.098505   1.7293e-05   1.7293e-05   1.7293e-05   1.7293e-05   0.0000e+00   0.0000e+00   0.0000e+00   0.0000e+00   0.0000e+00   0.0000e+00
1420.0  12.104793   1.7346e-05   1.7347e-05   1.7347e-05   1.7347e-05   0.0000e+00   0.0000e+00   0.0000e+00   0.0000e+00   0.0000e+00   0.0000e+00
1430.0  12.111104   1.7401e-05   1.7401e-05   1.7401e-05   1.7401e-05   0.0000e+00   0.0000e+00   0.0000e+00   0.0000e+00   0.0000e+00   0.0000e+00
1440.0  12.117438   1.7455e-05   1.7455e-05   1.7455e-05   1.7455e-05   0.0000e+00   0.0000e+00   0.0000e+00   0.0000e+00   0.0000e+00   0.0000e+00
1450.0  12.123795   1.7510e-05   1.7510e-05   1.7510e-05   1.7510e-05   0.0000e+00   0.0000e+00   0.0000e+00   0.0000e+00   0.0000e+00   0.0000e+00
1460.0  12.130175   1.7566e-05   1.7566e-05   1.7566e-05   1.7566e-05   0.0000e+00   0.0000e+00   0.0000e+00   0.0000e+00   0.0000e+00   0.0000e+00
1470.0  12.136580   1.7622e-05   1.7622e-05   1.7622e-05   1.7622e-05   0.0000e+00   0.0000e+00   0.0000e+00   0.0000e+00   0.0000e+00   0.0000e+00
1480.0  12.143008   1.7679e-05   1.7679e-05   1.7679e-05   1.7679e-05   0.0000e+00   0.0000e+00   0.0000e+00   0.0000e+00   0.0000e+00   0.0000e+00
1490.0  12.149460   1.7736e-05   1.7736e-05   1.7736e-05   1.7736e-05   0.0000e+00   0.0000e+00   0.0000e+00   0.0000e+00   0.0000e+00   0.0000e+00
1500.0  12.155937   1.7793e-05   1.7793e-05   1.7793e-05   1.7793e-05   0.0000e+00   0.0000e+00   0.0000e+00   0.0000e+00   0.0000e+00   0.0000e+00
1510.0  12.162438   1.7852e-05   1.7852e-05   1.7852e-05   1.7852e-05   0.0000e+00   0.0000e+00   0.0000e+00   0.0000e+00   0.0000e+00   0.0000e+00
1520.0  12.168964   1.7910e-05   1.7910e-05   1.7910e-05   1.7910e-05   0.0000e+00   0.0000e+00   0.0000e+00   0.0000e+00   0.0000e+00   0.0000e+00
1530.0  12.175515   1.7969e-05   1.7969e-05   1.7969e-05   1.7969e-05   0.0000e+00   0.0000e+00   0.0000e+00   0.0000e+00   0.0000e+00   0.0000e+00
1540.0  12.182091   1.8029e-05   1.8029e-05   1.8029e-05   1.8029e-05   0.0000e+00   0.0000e+00   0.0000e+00   0.0000e+00   0.0000e+00   0.0000e+00
1550.0  12.188693   1.8090e-05   1.8090e-05   1.8090e-05   1.8090e-05   0.0000e+00   0.0000e+00   0.0000e+00   0.0000e+00   0.0000e+00   0.0000e+00
1560.0  12.195321   1.8150e-05   1.8150e-05   1.8150e-05   1.8150e-05   0.0000e+00   0.0000e+00   0.0000e+00   0.0000e+00   0.0000e+00   0.0000e+00
1570.0  12.201974   1.8212e-05   1.8212e-05   1.8212e-05   1.8212e-05   0.0000e+00   0.0000e+00   0.0000e+00   0.0000e+00   0.0000e+00   0.0000e+00
1580.0  12.208654   1.8274e-05   1.8274e-05   1.8274e-05   1.8274e-05   0.0000e+00   0.0000e+00   0.0000e+00   0.0000e+00   0.0000e+00   0.0000e+00
1590.0  12.215360   1.8337e-05   1.8337e-05   1.8337e-05   1.8337e-05   0.0000e+00   0.0000e+00   0.0000e+00   0.0000e+00   0.0000e+00   0.0000e+00
1600.0  12.222093   1.8400e-05   1.8400e-05   1.8400e-05   1.8400e-05   0.0000e+00   0.0000e+00   0.0000e+00   0.0000e+00   0.0000e+00   0.0000e+00
