#Found quasiharmonic mode : None
#T(K), volume, F(eV), S(J/K), H(J/K), a(-6/K), Cp(J/mol), Cv, Cpion, Bt(GPa), T_ph-D(K), T-D(K), F_el_atom, S_el_atom, C_el_atom, M_el, Seebeck_coefficients(10**-6 V/K), Lorenz_number(WOK^{-2}), Q_el, Q_p, Q_e, C_mu, W_p, W_e, Y_p, Y_e
0.0 11.606891802161584 -5.508334931156954 0.09253732594537976 -531469.0211952389 -4.557397742349493e-09 0.16676183977447073 0.16575717183707858 0.16660293876981905 168.38256051235012 431.9545397936316 400.0000000000001 1.5876461882229893e-08 7.889439767658699e-06 0.00015890100465291404 1.3805755380154354e-06 -0.044031851339046295 2.4467588205474396e-08 -4.6106666707471844e-07 6.52158763231619e-08 -5.355438003573735e-07 0.0001612704534287193 4.2312892616821415e-07 -8.841955932436517e-07 -3.5559056062005934e-07 -3.555906832929275e-07 442.4186653034394 -0.5157900768481545
10.0 11.606619046136727 -5.5083237075016855 -0.07076631400629403 -531475.5391990092 -7.514863298637538e-08 -0.2190371206683398 -0.21832565715816168 -0.24307943455751543 168.39966174293588 432.83445184320806 400.00000000000006 -1.2718045415905898e-06 0.02422738905019316 0.024042313889175868 -2.5029678773938507e-06 -0.05830002000622051 2.4323354956923772e-08 0.0008865799790446851 0.00044282248141557906 0.0004437281694236147 0.024040297185293436 0.0004421960681063435 0.0004443839109383411 0.0006145693701556211 0.0006145693702860291 380.3063376744954 2.0970156241384577
20.0 11.606650306303383 -5.508325772262725 0.004577858951279698 -531476.3491128697 3.6877335296375607e-07 0.11508850191382719 0.11637428493650956 0.06726319892485902 168.39769733013128 426.63119703950434 400.00000000000006 -5.031714601633711e-06 0.048286381728458505 0.047825302988967554 -2.4901019078813297e-06 0.13331684526370774 2.4237003083843647e-08 0.001767787333031813 0.0008835845740307089 0.0008841610821484061 0.04782244137906313 0.0008829766409025305 0.0008848106921292817 0.0012261073567308301 0.001226107356971374 299.07408731600606 3.643515391168058
30.0 11.607011905597695 -5.508359221072484 0.3030658867745696 -531469.1137368487 1.219533371392516e-06 1.040711271217636 1.0408998030162029 0.9691320769625532 168.3749898979701 415.6683037809303 400.00000000000006 -1.1266053611806426e-05 0.0722282166556546 0.07157919425508158 1.5964027966601132e-06 0.48478590555661427 2.4201299419481628e-08 0.0026444813310885482 0.0013229964054957963 0.0013214370748703987 0.07157913587078475 0.0013234543530486894 0.0013210269780398582 0.001834954563073617 0.0018349545633157048 208.04041465630124 4.3347802834557
40.0 11.607730166955793 -5.508442149563374 0.8091938114200442 -531451.495870975 2.3694562335843747e-06 2.4294037509397524 2.42629370197603 2.334028437301179 168.32986207048603 402.26930046589547 400.00000000000006 -1.997702146566803e-05 0.09609624301287231 0.09537531363857153 9.9337755863376e-06 0.9500743219583752 2.4209010797085315e-08 0.0035179823090091314 0.0017617028875849248 0.001756230028085975 0.09538181349650525 0.0017643187102787806 0.0017536635987303506 0.002441807183092593 0.0024418071832619835 116.52382012371083 4.381881360216437
50.0 11.608831413313853 -5.508592653367817 1.5074576748441766 -531421.1583152784 3.7108667508238134e-06 4.152738504776849 4.143598786711119 4.0334535176863575 168.26063647171327 388.7577154928106 400.000000000001 -3.116681805677788e-05 0.11993380998120287 0.11928498709049135 2.2699245811258305e-05 1.483149255554872 2.4252904049902385e-08 0.004389610602587816 0.0022003489320721846 0.0021892138222915237 0.1193019070922719 0.0022062592183267706 0.0021833513842610445 0.0030473614106963772 0.0030473614107531816 33.84280414656495 3.9958896806653357
60.0 11.610361273299459 -5.508833434503252 2.384433507940712 -531374.4338326459 5.0840214380252916e-06 6.021574771004874 6.002739997631521 5.878149813567465 168.1644253878864 374.33937319850315 400.000000000001 -4.483474721795183e-05 0.143800821740848 0.14342495743740927 4.0348677915297595e-05 2.027351873186012 2.432216156963272e-08 0.005261067928826664 0.002639832475351566 0.0026211913120401066 0.14345691372682234 0.002650288986799575 0.0026107789420270902 0.003652491331862409 0.0036524913318490312 -104.37931878522811 3.6519404494110352
70.0 11.612369377059867 -5.509181897036307 3.4463945150521793 -531308.9926196315 6.430759346206159e-06 8.00576422244177 7.973105184124185 7.837894572010052 168.03808970458286 376.2747399796415 400.000000000001 -6.098056711254879e-05 0.16773033226696193 0.16786965043171764 6.326077114331171e-05 2.5222075523034864 2.4423616661033427e-08 0.006133289900134689 0.003080636847455026 0.003052608914195492 0.1679213380479762 0.0030969898381563747 0.0030363000619783157 0.004257670662347834 0.004257670662310645 6.008490442057937 2.839866854295499
80.0 11.614827179682841 -5.50965186407422 4.646157644937941 -531224.2402690313 7.649411836102045e-06 9.936947599281904 9.886291479533426 9.744324558771993 167.8833915018981 381.5955632651883 400.000000000001 -7.961362931420152e-05 0.19175866161830463 0.19262304050991116 9.092530477698054e-05 2.95566970448621 2.4535777025695744e-08 0.007007679231498351 0.003523304849737779 0.0034843302469421485 0.19269811067599524 0.00354677083291762 0.003460908398580732 0.004863697182544465 0.0048636971824962206 5.888934520618346 2.718321100329221
90.0 11.617681174141634 -5.5102518983636735 5.929480855065791 -531121.0905337583 8.702898753807815e-06 11.697853118129338 11.625418153778357 11.480219419803056 167.7036589393581 385.75086475349383 400.000000000001 -0.0001007461069066765 0.21590231265467114 0.21763369832628085 0.00012264813144276064 3.3072342311495673 2.4643435762414982e-08 0.00788515503883002 0.003968090690503299 0.003917020217808908 0.21773419572281202 0.003999707592104844 0.003885447446725177 0.005471129110236868 0.005471129110176219 5.620527330475978 2.650244649442201
100.0 11.620876388799523 -5.510986514024525 7.252907291237826 -531001.304758499 9.606669045833159e-06 13.25421067153372 13.156860953414373 13.01138188479785 167.50231213670884 388.9868002106746 400.000000000001 -0.00012439115453730443 0.24016302145124316 0.24282878673587055 0.00015760274570143359 3.572089300071821 2.473736107522925e-08 0.008766208908138087 0.004415012893155115 0.004351151889313782 0.24295505054862648 0.004455606718284804 0.004310602189853283 0.006080310907565698 0.006080310907492802 5.318386279893444 2.597734034619905
110.0 11.624364779426266 -5.511857467886619 8.587499650174845 -530866.8220145343 1.038317512465108e-05 14.616087601053767 14.491358745916116 14.347945212517164 167.28233769387427 391.6787338159904 400.000000000001 -0.0001505616478543602 0.26453398362699015 0.2681423885366041 0.000194983654063586 3.7589087321759087 2.4814392338728316e-08 0.00965099046488291 0.004863940556257996 0.004787005788275076 0.268293413132595 0.004914131193391905 0.0047368592714910045 0.006691411315163972 0.006691411315120539 5.024326855593358 2.5548762681073853
120.0 11.628106013989342 -5.5128646844415305 9.91496629672984 -530719.4564769838 1.1053551716316381e-05 15.80619599158848 15.652201042763469 15.512671123051334 167.04624032527767 393.96692132707165 400.000000000001 -0.00017926953728621847 0.2890047867147891 0.29352486853714543 0.00023410518211176254 3.8832259980518224 2.487483314199522e-08 0.010539424370697069 0.005314676182853813 0.005224704073221464 0.2936989442500802 0.005374908375111362 0.005164515995585706 0.007304476487750809 0.007304476487812819 4.748213334787696 2.5202265866315727
130.0 11.63206647142555 -5.5140068737994765 11.22381944058326 -530560.815403071 1.1635402589055652e-05 16.84806661784529 16.663378450371127 16.529123687665614 166.7961060325388 395.9188265351836 400.000000000001 -0.00021052561389463603 0.3135642201826395 0.3189429301796778 0.000274443247680933 3.9626401066772146 2.4920562052348133e-08 0.011431307000326754 0.005767011546931411 0.005664251344864379 0.319138332736333 0.005837596434891084 0.005593710565435671 0.007919475076826141 0.007919475076901732 4.492181564334561 2.4922356502352616
140.0 11.636218092142697 -5.515281946510028 12.506900271382587 -530392.2958810017 1.214325021875664e-05 17.76291152214645 17.546456205249417 17.418534337453348 166.53367423218418 397.5810309054565 400.000000000001 -0.0002443395027056195 0.3382017304872554 0.3443771846931043 0.0003156409410801782 4.014073312116467 2.4954045938568103e-08 0.01232637312477778 0.006220758803717466 0.006105570218951544 0.3445927472123269 0.006301916796411025 0.006024456328366755 0.00853633072797437 0.008536330728035437 4.255850438939278 2.46955155153162
150.0 11.640537389494698 -5.51668729734101 13.759878401305365 -530215.1037969242 1.2589030761881518e-05 18.56911413369319 18.320084611914226 18.199294862933044 166.26039960405606 398.99200428118286 400.000000000001 -0.0002807197732156273 0.36290812494824165 0.36981927076014875 0.0003574949600238287 4.052449088693663 2.4977842508785728e-08 0.01322433885134226 0.00667576513709797 0.0065485296188694106 0.3700547777324652 0.006767665236899907 0.006456673614442352 0.009154944325833286 0.009154944325828212 4.038087395799017 2.45107630021975
160.0 11.645004640403945 -5.518220002444672 14.98031557132824 -530030.2772932041 1.2982583549504627e-05 19.282394000679616 19.000182664988657 18.88712493713264 165.97750263746593 400.1851464102129 400.000000000001 -0.0003196741041298931 0.3876758491603918 0.39526906354697255 0.0003999337713904877 4.090220162666222 2.4994346403924032e-08 0.014124928187571256 0.007131917667109298 0.006992966432121708 0.39552548502924506 0.007234711154324719 0.0068902170332465346 0.009775208837643913 0.00977520883767545 3.8375072186396113 2.435953074327175
170.0 11.649603226668289 -5.519876957530013 16.167055952231465 -529838.7095479924 1.3332037336949191e-05 19.916116800296074 19.600263821754133 19.495384638751414 165.68601072178626 401.1896055350451 400.000000000001 -0.00036120946545810286 0.4124990155000161 0.420732161544659 0.00044299368781339416 4.137357316816493 2.500566479111142e-08 0.015027888623231364 0.007589142923994466 0.007438701618227067 0.4210117802430242 0.0077029908855985214 0.007324897737632841 0.010397018920477414 0.010397018920560117 3.6526738426289507 2.4235193623960036
180.0 11.654319098133413 -5.521654974903364 17.31981547707196 -529641.1694070124 1.3644125551327845e-05 20.48161539848261 20.131769439054597 20.035397658723195 165.38679158329344 402.0306800195888 400.000000000001 -0.00040533229635916947 0.4373732886867344 0.4462177397594106 0.0004867960501996671 4.201561440242676 2.5013567398815563e-08 0.015932999343553612 0.008047403460557077 0.007885551809611728 0.44652422589303764 0.00817249845815024 0.007760500885403367 0.011020276824933613 0.011020276825065102 3.48218768589315 2.41326256097145
190.0 11.659140334366125 -5.523550851381707 18.43889910054239 -529438.3195247178 1.3924440871861063e-05 20.98848719505326 20.60437568841536 20.516750388130685 165.08058056924455 402.73018911073825 400.000000000001 -0.0004520486666010558 0.46229569586820096 0.47173680692257125 0.0005315269426956047 4.288563953395863 2.501948115411685e-08 0.016840074504891885 0.00850669311297518 0.0083333373264525 0.4720752829137201 0.008643275651507977 0.008196798853383903 0.011644895690846441 0.011644895691011388 3.3247291628332722 2.404783621127497
200.0 11.664056786207386 -5.525561415381095 19.5250036250766 -529230.7320582654 1.4177642266930053e-05 21.444858587156354 21.026265328099647 20.947557721139315 164.7680029574933 403.3068645477383 400.000000000001 -0.0005013644156915908 0.48726440522960257 0.4973008660170398 0.0005774198991967584 4.40244377402088 2.5024511256380012e-08 0.017748963255290334 0.00896703179408832 0.00878188740395594 0.49767798688664466 0.009115402362049885 0.008633560893240445 0.012270801031442638 0.012270801031615382 3.1790786873661476 2.397769362855962
210.0 11.669059782212159 -5.527683559034804 20.579079284843584 -529018.9021068474 1.4407623226160496e-05 21.857615021637336 21.404363311631343 21.334694073526066 164.44959220699994 403.7767419127568 400.000000000001 -0.0005532852677111368 0.5122785014206506 0.5229209481112704 0.0006247415632132525 4.545925525004936 2.5029476752627236e-08 0.018659547691818615 0.009428460332805425 0.009231043310284959 0.5233450095930768 0.009588987772464693 0.009070559919353918 0.012897930992088615 0.012897930992274736 3.0441235255974326 2.3919718011119127
220.0 11.674141887815729 -5.5299142595230295 21.602232355598854 -528803.2591445114 1.4617648522391221e-05 22.232598157407367 21.744538159275237 21.683991186869783 164.12580492489633 404.15353096465486 400.000000000001 -0.0006078169223688897 0.5373377750825434 0.5486069705375829 0.0006737800333845505 4.72064396996877 2.5034952579149973e-08 0.019571739605858278 0.009891035649152304 0.009680659916797231 0.5490880470420687 0.01006416254656159 0.009507577059296684 0.013526235814904702 0.013526235815099165 2.9188569312433144 2.3871928089191017
230.0 11.679296707346577 -5.5322505926267525 22.595656714029914 -528584.176705678 1.4810465381960344e-05 22.5747730683768 22.051772343678792 22.00040570684245 163.79703317823407 404.44895164208833 400.000000000001 -0.0006649651243144175 0.5624425360021819 0.5743673615343505 0.0007248355430367667 4.927370446965732 2.5041312758146805e-08 0.020485476619456135 0.01035482641571566 0.010130606172954307 0.5749174699954639 0.010541072108451755 0.009944404511004378 0.014155676823200323 0.014155676823398541 2.8023729632324095 2.3832727119157164
240.0 11.684518720870113 -5.53468974068897 23.560585964803447 -528361.980570895 1.4988393907108625e-05 22.888368999955667 22.330305449693533 22.288160107446636 163.4636146178902 404.67303045807506 400.000000000001 -0.0007247357134367022 0.5875934540804403 0.60020889250903 0.0007782131122005575 5.1662024679055465 2.504877141892616e-08 0.021400718130719372 0.010819909269613476 0.01058076483974618 0.6008421749847659 0.011019870964790877 0.010380847165928492 0.014786225150505629 0.014786225150703268 2.693859093037981 2.380081756866274
250.0 11.689803149369393 -5.5372289965717965 24.498260244165717 -528136.955677762 1.5153400689840706e-05 23.17699728013622 22.583753899252002 22.550860616739016 163.12584085842968 404.83435721554577 400.000000000001 -0.0007871346591936531 0.6127914287728982 0.6261366633972069 0.0008342168367250615 5.43672007115575 2.5057419742299145e-08 0.022317441347435775 0.011286365585070778 0.011031031750735757 0.6268695801632431 0.011500718041424923 0.010816723306010852 0.015417860370761946 0.015417860370954934 2.5925879132159526 2.3775136788043856
260.0 11.695145843007985 -5.53986576476852 25.40990352292621 -527909.3519551647 1.530715884235356e-05 23.443749793303024 22.815210792906186 22.791595599500397 162.78396440877677 404.9403044611562 400.000000000001 -0.0008521680819522518 0.6380374854706921 0.6521541938026256 0.0008931455191818645 5.738113340280227 2.5067257926195675e-08 0.023235637585082722 0.011754278784030538 0.011481314799456896 0.6530057188278879 0.01198377289224619 0.011251864692836535 0.01605056913500317 0.016050569135188007 2.4979087270428906 2.375480809473973
270.0 11.700543188233656 -5.542597560517705 26.296708427680365 -527679.3892518666 1.545109705397312e-05 23.69128108895176 23.027329048790893 23.01301750801359 162.43820444948216 404.9972137445438 400.000000000001 -0.0009198422640992136 0.6633326960568298 0.6782635809381659 0.0009552893895087673 6.069285514946442 2.5078221939715066e-08 0.02415530893032619 0.012223732143610274 0.011931532795456914 0.6792553925120071 0.01246919266922742 0.011686116261098776 0.016684343881835942 0.016684343882010375 2.4092394633151173 2.373910326160285
280.0 11.705992030292494 -5.545422007538806 27.15982644200436 -527447.2615051334 1.558643977138482e-05 23.921876808522505 23.222390605065794 23.217411114824763 162.08875162814 405.0105529800214 400.000000000001 -0.000990163653374654 0.6886781203034451 0.7044656936977468 0.0010209277042965356 6.428935755173287 2.5090205256197547e-08 0.025076465317757278 0.012694807049852614 0.012381614287282535 0.7056223542136284 0.012957129761902091 0.012119335555855187 0.017319181661364765 0.0173191816615274 2.3260591558384798 2.3727413487561697
290.0 11.711489608380631 -5.548336834842077 28.000361947914303 -527213.1402723338 1.5714240196542014e-05 24.13751072666172 23.402364044272147 23.406750346851908 161.7357720921801 404.98504818813797 400.000000000001 -0.0010631388604768293 0.714074764645096 0.7307603798098092 0.001090327050027486 6.815625112393091 2.5103076002614322e-08 0.025999122030884142 0.01316758164387183 0.012831496417325387 0.7321095000556221 0.013447730011062824 0.01255139201982132 0.017955083092543764 0.017955083092693253 2.247901088194243 2.3719226749684212
300.0 11.717033501188022 -5.551339872943014 28.81936899555618 -526977.1777286684 1.5835407470602856e-05 24.33989234467564 23.568952623829908 23.582745675050845 161.37941086326381 404.9247954717708 400.000000000001 -0.0011387746526991252 0.7395235550084608 0.7571466696247918 0.0011637402067945337 7.2278287317241166 2.5116690086543877e-08 0.026923297614150188 0.013642129806952126 0.013281123848741909 0.7587190542353163 0.013941131399964966 0.012982166214185218 0.018592051460352227 0.018592051460488482 2.174346627935138 2.371410999711513
310.0 11.722621581016352 -5.55442904972141 29.61784999628129 -526739.5092172364 1.5950729133796934e-05 24.5305066550044 23.723634367127357 23.74688368944507 161.01979468434715 404.83335405839495 400.000000000001 -0.0012170779449495656 0.7650253206832915 0.7836229655593335 0.0012414054552392746 7.663976817156087 2.5130900903727982e-08 0.027849012167696564 0.014118520433906885 0.013730447786856654 0.7854527374666218 0.014437463144472217 0.013411549023224351 0.01923009195016514 0.019230091950288207 2.1050197318188424 2.3711695042754735
320.0 11.728251974989181 -5.557602386098527 30.396755755863666 -526500.255423344 1.6060889736972838e-05 24.710647420812233 23.867695586523805 23.90046021023601 160.65703441940107 404.71382494077983 400.000000000001 -0.0012980557892333755 0.7905807866018202 0.8101872105762233 0.0013235462312035868 8.122486458043326 2.5145566218165783e-08 0.02877628598813496 0.014596816948028394 0.014179425104985348 0.8123119133069652 0.0149368451119639 0.013839440876171057 0.019869211010990557 0.019869211011100976 2.039582079765183 2.3711667296853074
330.0 11.733923032150035 -5.560857991656749 31.1569864251514 -526259.5242329612 1.616648632103538e-05 24.881445083735507 24.00225897065516 24.04460805131962 160.2912271060642 404.5689169926453 400.000000000001 -0.0013817153634440326 0.8161905718006828 0.836837032415886 0.0014103710504849254 8.601786046301715 2.5160552763956104e-08 0.029705138514800916 0.015077077015601844 0.014628017576174275 0.8392977099173208 0.015439387516024663 0.014265750998776253 0.02050941583598484 0.020509415836083636 1.977728779266497 2.371375672262389
340.0 11.739633295464273 -5.56419406028971 31.899393062097253 -526017.4123252246 1.6268041329662986e-05 25.04389021677308 24.128307169096402 24.180320354030933 159.92245767223943 404.4010026938847 400.000000000001 -0.0014680639600279646 0.8418551922355795 0.8635698627421451 0.0015020736407873772 9.10033370522242 2.517573905826606e-08 0.030635587540316984 0.015559352422767368 0.015076191206901346 0.8664111170737809 0.015945190822204944 0.014690396718112043 0.02115071394708532 0.02115071394717286 1.9191845851582734 2.371773051728242
350.0 11.745381477917586 -5.567608865944072 32.62477958412343 -525774.00654057 1.6366013413573866e-05 25.19885327888383 24.24670264239778 24.308470246816626 159.55080043227142 404.2121651845915 400.000000000001 -0.001557108974969784 0.8675750664839066 0.8903830320672063 0.0015988332300049721 9.616630895549887 2.5191016847877646e-08 0.031567648645723055 0.016043689082229154 0.01552391566549733 0.8936530597889868 0.016454346327437547 0.015113302318285504 0.021793112870198937 0.021793112870276722 1.8637005766140664 2.3723387157297084
360.0 11.751166442047879 -5.571100758494347 33.333904951865165 -525529.3850591823 1.646080650527903e-05 25.347101294804915 24.35820440955016 24.429827452382856 159.17632034659036 404.00423807946265 400.000000000001 -0.0016488578973651606 0.8933505231936393 0.9172738424220565 0.0017008149498220953 10.14923215429988 2.5206291544325207e-08 0.03250133482313475 0.016530127141772627 0.01597116379628708 0.9210244508607268 0.016966935700536957 0.015534399122597787 0.02243661988776545 0.022436619887833985 1.8110512373504073 2.3730551526809873
370.0 11.756987182365759 -5.574668159777559 34.02748547076061 -525283.6184187303 1.6552777461503352e-05 25.489311973364586 24.463482213269263 24.545072352993373 158.7990741150465 403.77883923168963 400.000000000001 -0.0017433182997573155 0.9191818094136257 0.9442396203712105 0.0018081703217229478 10.696751749029028 2.522148193879574e-08 0.03343665625230469 0.017018701170655383 0.016417911209759856 0.9485262251776971 0.017483030320220472 0.01595362593208422 0.02308124185635409 0.02308124185641504 1.7610318903028641 2.373907090853642
380.0 11.762842810210346 -5.578309559803895 34.70619713018483 -525036.770395616 1.6642242522045456e-05 25.62608568826974 24.563128531930374 24.65480793501724 158.41911110823207 403.53739940531716 400.000000000001 -0.0018404978293184997 0.9450690991711235 0.971277753252495 0.0019210377990897583 11.257867888220765 2.5236519430110842e-08 0.0343736202011814 0.01750944040366368 0.016864135939071642 0.9761593587963453 0.018002691864342613 0.016370928336838786 0.02372698507808696 0.02372698507814117 1.7134564427699683 2.3748811667519574
390.0 11.768732540667743 -5.582023513151709 35.37067792417243 -524788.8987700392 1.6729482783385293e-05 25.757955671170052 24.657668791973933 24.75956995961716 158.03647418494387 403.28118679633974 400.000000000001 -0.001940404199893277 0.9710125018503093 0.998385711552892 0.002039543344525564 11.831325011505399 2.525134694838747e-08 0.03531223102433741 0.018002369025942197 0.017309818153643592 1.0039248757559476 0.01852597297671163 0.016786258047625777 0.024373855215916777 0.02437385521596458 1.6681554027951524 2.3759656494697516
400.0 11.774655681238494 -5.585808635549695 36.02153011554373 -524540.0559919234 1.681474885355762e-05 25.885396706395227 24.74757007314125 24.859835646204015 157.6512003843551 403.01132787261497 400.000000000001 -0.002043045184909419 0.9970120700743013 1.0255610601912122 0.0021638010259512654 12.415934587014267 2.5265917713717733e-08 0.03625249023677133 0.018497506484635533 0.017754939921322523 1.0318238454002464 0.019052917993101756 0.017199572243669574 0.025021857244061745 0.025021857244104294 1.6249741323400158 2.3771502104086903
410.0 11.780611621996758 -5.5896636006449585 36.65932241824265 -524290.2897620326 1.689826482250226e-05 26.008832567321228 24.8332485485228 24.956031106088727 157.26332153888873 402.72882527365124 400.000000000001 -0.002148428611072899 1.0230678069089938 1.0528014612325045 0.0022939136186630234 13.010574763560294 2.5280193933186644e-08 0.03719439664400148 0.018994867815941657 0.018199485011421036 1.0598573726854323 0.01958356371113093 0.01761083293287055 0.025670995426129953 0.025670995426169727 1.5837713066571646 2.3784257303541647
420.0 11.78659982702105 -5.593587136953067 37.284592082094804 -524039.6435403664 1.69802316546965e-05 26.12864239256814 24.91507586006297 25.048537722313228 156.8728648035329 402.4345731667795 400.000000000001 -0.002256562352812649 1.0491796722938176 1.080104670254913 0.0024299732035061436 13.614189159563526 2.5294145510202783e-08 0.03813794651246254 0.01949446397838161 0.018643438731844552 1.088026583620606 0.02011794019119105 0.018020006321271487 0.02632127331459476 0.026321273314650312 1.544417554754045 2.379784136428995
430.0 11.792619826915614 -5.597578024984127 37.897846871017165 -523788.15699203813 1.7060830103373486e-05 26.24516616854135 24.993384596214362 25.137697640275796 156.47985311909622 402.1293704624379 400.000000000001 -0.0023674543273824065 1.0753475886688462 1.107468528265552 0.002572061753562639 14.225785016304421 2.530774881674196e-08 0.03908313376701386 0.019996302185043696 0.019086787794355332 1.11633260764396 0.020656071577691594 0.018427062189322278 0.02697269376641727 0.026972693766409046 1.506794256287693 2.381218264759879
440.0 11.798671212268362 -5.601635094537828 38.49956693057121 -523535.8663792752 1.7140223214507928e-05 26.35870945498506 25.068473010500487 25.223818504247575 156.08430560731392 401.8139322149855 400.000000000001 -0.002481112490545355 1.1015714458113064 1.134890950737486 0.0027202517044152205 14.84443089816334 2.5320985560833925e-08 0.040029950204776066 0.020500386228959916 0.01952952020303262 1.1447765584029184 0.021197976907452714 0.018831973297323355 0.027625258970136072 0.02762525897011947 1.4707924769184815 2.382721743304031
450.0 11.804753627915023 -5.605757222159543 39.09020654419692 -523282.80490687565 1.7218558486598334e-05 26.469547469066967 25.140609096741176 25.307177554023966 155.68623793131522 401.4888994820505 400.000000000001 -0.002597544832769035 1.1278511049276636 1.1623699150429998 0.0028746065029039442 15.469254085618209 2.533384176778066e-08 0.04097838571673405 0.02100671679765262 0.019971625161329047 1.173359514105693 0.021743670882391423 0.01923471483434264 0.028278970481497703 0.0282789704814983 1.4363120234837787 2.3842888921767837
460.0 11.810866767899977 -5.60994332874929 39.670195779856826 -523029.00302735396 1.7295969739676837e-05 26.57792862428184 25.210034117699276 25.388025177003705 155.28566260618652 401.1548478711353 400.000000000001 -0.0027167593758559245 1.1541864020621349 1.189903447278128 0.003035181132905309 16.099437776180086 2.5346306883203288e-08 0.04192842851025065 0.02151529177332419 0.020413092994394498 1.2020824983317542 0.022293163359863744 0.019635265150386903 0.028933829264095153 0.02893382926412237 1.4032606044914908 2.3859146384414625
470.0 11.817010371040361 -5.614192377315147 40.23994203043952 -522774.4887110928 1.7372578733515814e-05 26.68407760422494 25.276965668215347 25.466587994984764 154.88258926841698 400.81229496560087 400.000000000001 -0.0028387641699288797 1.1805771508959932 1.2174896092401792 0.003202022615724771 16.73421818360785 2.535837299865115e-08 0.04288006532729342 0.02202610651669342 0.020853915083466627 1.230946461959508 0.022846459212960545 0.02003360611433289 0.029589835733144235 0.029589835733199604 1.3715530835174705 2.3875944425526425
480.0 11.823184217013413 -5.618503370862806 40.79983145232016 -522519.2876860396 1.7448496577514216e-05 26.7881980399683 25.341600340894068 25.54307155385449 154.4770249180927 400.46170679178164 400.000000000001 -0.0029635672907352383 1.2070231450143762 1.2451264861138107 0.003375170484347337 17.372881605284796 2.5370034195357584e-08 0.04383328165443805 0.022539154132998666 0.02129408380987094 1.2599522666691279 0.023403559184152233 0.020429722470285808 0.030246989800543043 0.030246989800621713 1.341110812991622 2.3893242354965762
490.0 11.8293881229007 -5.6228753504131515 41.3502303071241 -522263.4236508375 1.7523824956218542e-05 26.890474846827644 25.404116051620313 25.617662671575275 154.06897412604704 400.10350346356415 400.000000000001 -0.0030911768371927376 1.2335241597171767 1.272812175252369 0.0035546572312400286 18.014761511049436 2.5381285998387457e-08 0.04478806192181149 0.02305442571937212 0.021733592506589808 1.289100670316849 0.023964460259657636 0.020823601662153846 0.03090529091986771 0.03090529091996232 1.3118610399445942 2.391100363923823
500.0 11.8356219401286 -5.62730739313999 41.891486212063455 -522006.9184647291 1.7598657200630098e-05 26.991076269614737 25.464674073213082 25.690531493311656 153.6584392265458 399.7380641199634 400.000000000001 -0.0032216009291481437 1.260079953446811 1.300544776303077 0.0037405087298298012 18.65923569333409 2.539212493142947e-08 0.045744389689025916 0.02357191059330338 0.02217243541573273 1.3183923143467535 0.02452915601776754 0.02121523367125836 0.03156473813031315 0.031564738130402364 1.2837363742866958 2.392919542817425
510.0 11.841885551758105 -5.631798610620404 42.423929304366794 -521749.7923171036 1.767307922867867e-05 27.09015567708199 25.52342081805691 25.761833294266523 153.2454204771503 399.3657312532764 400.000000000001 -0.003354847705295435 1.2866902689004394 1.328322382815472 0.0039327446302588435 19.305723507640536 2.5402548161503915e-08 0.04670224781688738 0.024091596502280543 0.022610607650603944 1.3478277133048424 0.025097636947172645 0.021604610869714727 0.03222533009880605 0.032225330098920625 1.2566743122718291 2.3947788144789497
520.0 11.848178870078879 -5.636348147190582 42.94787332527851 -521492.0638791638 1.7747170366067995e-05 27.187853139083185 25.58048940431373 25.831710063694892 152.82991621361074 398.98681451102266 400.000000000001 -0.003490925321234413 1.3133548338881542 1.356143075388293 0.004131378729883039 19.953683223749948 2.5412553222599706e-08 0.04766161862426116 0.024613469815123197 0.023048105161234712 1.3774072464438696 0.025669890747428384 0.021991727876832776 0.03288706515995377 0.03288706516009862 1.230616809430762 2.3966755123287937
530.0 11.854501834471378 -5.640955178400336 43.463616628988376 -521233.7504398549 1.7821004072674026e-05 27.284296817001213 25.636001035101202 25.90029190065718 152.41192296683926 398.60159404233366 400.000000000001 -0.0036298419476263393 1.3400733619905312 1.3840049163440349 0.00433641931978488 20.602609501161538 2.5422137807483707e-08 0.0486224840298992 0.025137515695564563 0.02348492470262869 1.4071311513486726 0.026245902242771648 0.02237658178712755 0.033549941353325015 0.03354994135340193 1.2055098963898485 2.3986072295006293
540.0 11.860854409505784 -5.6456189095599285 43.971443121656364 -520974.8680279072 1.789464858118299e-05 27.379604191888603 25.69006621565204 25.96769824601421 151.99143559131625 398.2103234490882 400.000000000001 -0.003771605768440464 1.3668455530624473 1.4119059458743908 0.00454786950855548 21.252030996874307 2.5431299617504234e-08 0.04958482567940879 0.02566371825886598 0.02392106380511604 1.4369995194726846 0.026825653043304566 0.022759172636104226 0.034213956457792315 0.034213956457857665 1.1813033330160474 2.40057179141965
550.0 11.867236583248982 -5.650338574373206 44.471623135452305 -520715.4315216026 1.796816746161145e-05 27.47388315135234 25.74278582979965 26.034038971781527 151.56844735330162 397.81323239347944 400.000000000001 -0.003916224979267968 1.39367109362547 1.4398441795708123 0.004765727523400122 21.901508109480513 2.544003626102882e-08 0.05054862505787992 0.026192060712737646 0.024356520746060078 1.4670122934536292 0.027409124529664403 0.023139500528215527 0.034879108023459525 0.03487910802350595 1.1579502970247888 2.402567231288401
560.0 11.873648365756477 -5.65511343365144 44.96441424226754 -520455.4547476683 1.8041620120385586e-05 27.56723295376186 25.794252094036437 26.099415346536738 151.1429500308636 397.41052890618937 400.000000000001 -0.00406370778568797 1.4205496571802887 1.467817607225122 0.004989986991216333 22.550630860171506 2.54483451919679e-08 0.05151386358874622 0.02672252548315494 0.024791294522901894 1.4971692660523903 0.027996298199421635 0.023517565389324584 0.035545393400384775 0.035545393400409145 1.135407102561065 2.404591768698544
570.0 11.880089787727414 -5.659942774102566 45.450062011474955 -520194.9505705151 1.8115062245328763e-05 27.659745085776038 25.84454940479008 26.163920892996003 150.7149339956557 397.00240143323214 400.000000000001 -0.0042140624016731385 1.4474809044692394 1.4958241927800326 0.005220637199786036 23.199016908970655 2.5456223680843205e-08 0.05248052271972979 0.027255094326454486 0.025225384827009065 1.527470080559179 0.028587155955412002 0.023893366764317796 0.036212809764754765 0.03621280976474982 1.1136329456521317 2.4066437908672578
580.0 11.886560899306353 -5.664825907191002 45.92880071584226 -519933.93097289035 1.8188546201625354e-05 27.751504026037146 25.893755092354372 26.22764215073768 150.2843882738798 396.5890206540448 400.000000000001 -0.00436729704804407 1.4744644837115115 1.5238618752994684 0.005457663340688755 23.846309702612313 2.5463668811739072e-08 0.053448583996741794 0.027789748428669034 0.025658792018241415 1.5579142325053033 0.029181678478590344 0.02426690551815145 0.03688135414240133 0.03688135414237123 1.0925896738391165 2.40872183583053
590.0 11.89306176901405 -5.669762168063389 46.40085398941108 -519672.407128879 1.826212138212988e-05 27.84258792650791 25.941940093043215 26.29065935567902 149.85130061253514 396.1705410991683 400.000000000001 -0.00452341995094332 1.5015000308296784 1.5519285708288897 0.005701046734939822 24.49217674921844 2.5470677499371725e-08 0.054418029126682886 0.02832646849321646 0.0260915171000624 1.588501072522905 0.02977984492174711 0.02463818420493578 0.037551023429887934 0.037551023429837765 1.072241577526535 2.4108245773470043
600.0 11.89959248279429 -5.674750914536055 46.86643544089816 -519410.3894700734 1.8335834523047257e-05 27.933069222279812 25.989169549549672 26.353047047261562 149.41565754132728 395.74710259184405 400.000000000001 -0.0046824393403489505 1.5285871696820044 1.5800221750182533 0.005950765042553102 25.136308014031396 2.5477246521331153e-08 0.055388840030103345 0.0288652348179695 0.026523561695129504 1.6192298102006306 0.030381632825488454 0.02500720720461489 0.03822181441329557 0.03822181441323409 1.0525552000314402 2.41295081185763
610.0 11.906153143164754 -5.679791526140204 47.32574922591405 -519147.8877456339 1.84097299871904e-05 28.023015177950917 26.035503348141862 26.414874611565004 148.9774444128012 395.31883153463895 400.000000000001 -0.00484436344861682 1.5557255123116793 1.60814056638591 0.006206792457070761 25.77841442988433 2.5483372561306185e-08 0.05636099888468592 0.02940602736272296 0.026954928021309898 1.6500995187915923 0.030987017975351704 0.02537398090933421 0.0388937237849008 0.03889372378487896 1.0334991650733945 2.4150994466836258
620.0 11.91274386846149 -5.684883403221168 47.77899058105206 -518884.9110768731 1.848385001629847e-05 28.112488377921153 26.08099660017637 26.47620676781159 148.5366454515497 394.8858420593979 400.000000000001 -0.005009200509042954 1.582914659221627 1.6362816101095667 0.006469099885893413 26.418226515778855 2.548905225978621e-08 0.057334488160507374 0.029948825808078436 0.027385618868057224 1.6811091406400958 0.03159597420641366 0.02573851395409371 0.03956674815803385 0.039566748158051626 1.0150440197672654 2.4172694894292857
630.0 11.919364792166647 -5.690025966088271 48.22634632266347 -518621.46800692764 1.855823495958421e-05 28.201547167494446 26.12570007442298 26.53710400525823 148.0932437878393 394.44823705654755 400.000000000001 -0.0051769587544703 1.6101541996795885 1.66444316223622 0.006737655117738769 27.055493096774228 2.54942822693165e-08 0.058309290647952816 0.03049360960653541 0.02781563757323484 1.7122574932012058 0.03220847314203808 0.026100817505914753 0.04024088408008805 0.04024088408011139 0.9971620914148133 2.419460038538247
640.0 11.926016062312815 -5.695218654212147 48.667995312932916 -518357.5665460115 1.863292348042868e-05 28.29024605055923 26.16966058585492 26.5976229763444 147.6472214977401 394.00610909750105 400.000000000001 -0.005347646415918044 1.6374437120579257 1.6926230742148238 0.0070124229778499424 27.68998011845389 2.5499059311938443e-08 0.059285389479170524 0.031040358026730774 0.028244988000331074 1.743543275540802 0.0328244847828149 0.02646090469635562 0.04091612804402496 0.04091612804404817 0.979827356548284 2.4216702750496015
650.0 11.932697840955498 -5.7004609254665235 49.10410889565442 -518093.21421269194 1.8707952742564393e-05 28.37863604809956 26.21292134583327 26.657816850436614 147.19855961590568 393.55954126237407 400.000000000001 -0.0055212717212563414 1.6647827642101056 1.7208191976629406 0.007293365471707844 28.321469549324366 2.5503380236891573e-08 0.06026276814387833 0.0315890501916323 0.02867367451607228 1.774965075212465 0.033443980406887217 0.02681878773699112 0.04159247649857947 0.041592476498602905 0.9630153216909609 2.4238994547315063
660.0 11.939410303708183 -5.70575225541173 49.53485130393045 -517828.418071577 1.878335857845673e-05 28.466765022693234 26.255522277991673 26.717735633406093 146.74723817778911 393.10860788354114 400.000000000001 -0.0056978428939055675 1.692170913884016 1.7490293892871378 0.007580441918250737 28.949758364719596 2.550724207705191e-08 0.06124141050026287 0.03213966511134942 0.02910170196851107 1.8065213754171867 0.03406693197948423 0.027174478520778637 0.042269925857212974 0.042269925857233534 0.9467029138196862 2.4261469014475328
670.0 11.946153639333293 -5.711092136617382 49.960380041836714 -517563.18476776406 1.8859175643002763e-05 28.554677972095185 26.29750030359159 26.77742645620905 146.29323623167207 392.6533752143721 400.000000000001 -0.0058773681515972105 1.7196077091715891 1.7772515158861304 0.007873609073221573 29.57465760604466 2.5510642102922928e-08 0.062221300781668654 0.03269218171125303 0.02952907566559575 1.8382105623619682 0.0346933120785674 0.027527988703101247 0.042948472506015696 0.0429484725060274 0.9308683802431945 2.4284120008545926
680.0 11.95292804938627 -5.716480078021846 50.380846241948916 -517297.5205583548 1.8935437560595715e-05 28.642417297576067 26.33888959965594 26.836933838201766 145.83653185233248 392.19390203113903 400.000000000001 -0.006059855705156865 1.747092688993566 1.8054834593743037 0.008172821243315243 30.195991509497645 2.5513577873286045e-08 0.06320242359972258 0.033246578856012454 0.029955801354257832 1.8700309327428188 0.03532309255137538 0.027879331048347198 0.04362811281070183 0.04362811281071035 0.9154911961129093 2.4306941956466583
690.0 11.959733747906125 -5.721915604326293 50.796395000462454 -517031.43134131643 1.901217703154215e-05 28.730023040554713 26.37972183278726 26.896299918784095 145.37710216295744 391.7302401753808 400.000000000001 -0.006245313757353864 1.7746253836171224 1.833723121770615 0.008478030391687312 30.81359669872974 2.551604728185867e-08 0.06418476394446704 0.03380283537010645 0.03038188520003405 1.9019807012855636 0.03595624515257484 0.02822851879189221 0.04430884312284644 0.04430884312285217 0.9005519819750782 2.4329929778759194
700.0 11.966570961149994 -5.727398255421284 51.207165691514504 -516764.92268193426 1.9089426028293833e-05 28.817533124113766 26.420026371229397 26.955564694008757 144.91492334504818 391.26243480157314 400.000000000001 -0.006433750501797196 1.802205315203607 1.8619684301050095 0.008789186235484912 31.427321436244505 2.5518048599508224e-08 0.06516830718201796 0.03436093005527295 0.03080733376727471 1.9340580082855552 0.03659274144673404 0.028575565735283946 0.04499065978543203 0.0449906597854353 0.8860324189233946 2.4353078942666366
710.0 11.973439927367334 -5.732927585843948 51.613292262184565 -516497.9998370772 1.9167215612999278e-05 28.904983475265944 26.4598304774308 27.0147661340639 144.4499706438257 390.79052585746615 400.000000000001 -0.006625174121881521 1.8298319983835083 1.8902173412020447 0.009106236335832395 32.037024928680424 2.5519580511745773e-08 0.06615303905021765 0.034920841705358766 0.031232153999946846 1.9662609270953595 0.03723255264916486 0.028920486401052797 0.045673559137850615 0.04567355913785136 0.871915203665257 2.4376385054974943
720.0 11.980340896612475 -5.7385031642640305 52.014903509545434 -516230.66777747276 1.924557712978369e-05 28.99240848262363 26.499159483104727 27.073940636316365 143.9822170154267 390.3145470439316 400.000000000001 -0.006819592789794495 1.8575049408555282 1.9184678463072617 0.009429126180775429 32.64257668146078 2.5520642151355363e-08 0.06713894565270062 0.035482549118952544 0.03165635320306702 1.9985874715157224 0.03787564988528727 0.029263295767413357 0.046357537520442076 0.04635753752044057 0.858183901792863 2.4399844956550467
730.0 11.987274130590986 -5.744124572997118 52.41212334101548 -515962.9312081721 1.932453822817527e-05 29.079838814531264 26.538036948552637 27.133120839003723 143.51157187006368 389.83452682036614 400.000000000001 -0.007017014665583972 1.885223644006162 1.946717975527533 0.009757799261602293 33.243855898627274 2.5521233126130838e-08 0.06812601345172944 0.03604603111014317 0.032079939024778806 2.031035603051126 0.03852200441341445 0.029604009038314994 0.04704259127865115 0.047042591278648016 0.8448239769719491 2.442344094881838
740.0 11.994239903794274 -5.749791407571583 52.805071024907775 -515694.7945855455 1.940414856238266e-05 29.167301775166113 26.576484808202103 27.192335972859127 143.03753764947842 389.3504886376257 400.000000000001 -0.007217447897066755 1.9129876037602656 1.9749658023069845 0.010092197142440838 33.84075092471748 2.552135354214029e-08 0.06911422926765291 0.036611266521690077 0.03250291944264059 2.0636032382571865 0.03917158781277813 0.029942641454874776 0.04772871677181342 0.04772871677180869 0.8318245812463192 2.4447112333131527
750.0 12.001238537409986 -5.7555032770728625 53.19386157607394 -515426.2620854365 1.94846639336926e-05 29.254866276220273 26.614523513346455 27.251656822094944 142.55881230645215 388.8624487416363 400.000000000001 -0.007420900640802979 1.9407963171250464 2.0032094541253294 0.010432259509057896 34.433158741921886 2.5521004030922065e-08 0.07010358047806747 0.03717823434294894 0.032925302844861316 2.096288262752656 0.03982437223606772 0.030279208241999728 0.04841591051321635 0.04841591051321015 0.8191678325762823 2.4470911030964055
760.0 12.00827048236344 -5.761275481581636 53.5784422016102 -515158.98294794455 1.9566463262515248e-05 29.34265619731702 26.652177179287936 27.311209064840796 142.0747366750719 388.36694519532995 400.000000000001 -0.007627381119909212 1.968649297843244 2.0314471324762238 0.010777924105689226 35.0209844536439 2.5520185773216367e-08 0.07109405554479567 0.037746913994619595 0.03334709827253088 2.1290885548144605 0.040480330773758184 0.03061372477103748 0.04910416952710733 0.049104169527100214 0.8068200376955472 2.4495141356117403
770.0 12.01533622182236 -5.767097956466355 53.95902211730231 -514891.94656011916 1.9649102246407465e-05 29.430634509985055 26.689460255810012 27.370957419266244 141.58882521193533 387.86610139613003 400.000000000001 -0.007836897575686234 1.9965460606179861 2.0596770907188087 0.011129125878434877 35.60413990451535 2.5518900377171317e-08 0.07208564349840499 0.038317284985455204 0.03376831524742803 2.1620019595183333 0.0411394370082961 0.03094620649010888 0.04979349102748583 0.04979349102747735 0.7947672092910412 2.45198309284058
780.0 12.022435874351734 -5.772942835094224 54.33599129991808 -514622.2695118411 1.9731199108114054e-05 29.518572175241893 26.726380552252223 27.430674613571735 141.10903921667148 387.3660190754948 400.000000000001 -0.008049457998952195 2.024486051535992 2.08789756167015 0.01148579774061173 36.18254356299627 2.5517149846275436e-08 0.07307833141434353 0.03888932563012308 0.0341889625302965 2.1950262165869123 0.04180166384201577 0.031276667572327756 0.05048387076630749 0.05048387076629776 0.7830187260134956 2.4544656917733736
790.0 12.029569042174044 -5.778789226533997 54.709660425898974 -514347.7960560848 1.9811399170381316e-05 29.606258690368882 26.76294726941147 27.490151947228746 140.64397632533368 386.87131633363305 400.000000000001 -0.008265069989647563 2.05246861976448 2.116106743140138 0.011847872707307062 36.75612189410988 2.5514936775010596e-08 0.07407210322460986 0.03946301259783886 0.0346090473838841 2.2281589578342245 0.0424669833425869 0.03160511988202296 0.051175302243750276 0.0511753022437399 0.7715730439028943 2.4569466430028015
800.0 12.036734912454612 -5.784623245686616 55.08026126251549 -514067.1024162696 1.9888773371311568e-05 29.693559162531642 26.79917101779789 27.549256330967754 140.19991247338862 386.38510765692723 400.000000000001 -0.008483740783437832 2.080493033952995 2.1443028315638903 0.012215285559645548 37.32481051698241 2.5512264562317826e-08 0.07506694012419747 0.04003832127459608 0.03502857561716037 2.261397754755754 0.043135366933854016 0.031931573190343454 0.05186777696542305 0.051867776965411685 0.7604203741668527 2.4594241922057725
810.0 12.043932417452332 -5.790438042898479 55.44794733995924 -513779.500791291 1.9962847146413843e-05 29.780405901350665 26.83506384829513 27.607921836252245 139.77996020433739 385.9089807004972 400.000000000001 -0.008705477328144915 2.1085585103420152 2.1724840650984185 0.012587974036315447 37.88855497181797 2.550913757744688e-08 0.07606282141950851 0.04061522632302006 0.035447551873878214 2.294740174698733 0.043806785983407676 0.032256035436100824 0.05256128499235694 0.052561284992344956 0.74955048355965 2.461898117321889
820.0 12.051160399052552 -5.79623383409878 55.81279463185123 -513485.04337940796 2.0033606978361368e-05 29.866798904656356 26.87063927919005 27.666150139837868 139.38396062906642 385.4429706614367 400.000000000001 -0.008930286374903316 2.136664242868518 2.200648764818494 0.012965879548233614 38.44731104861809 2.5505561261415255e-08 0.07705972548117347 0.04119370225857841 0.035865980009184104 2.3281838331721207 0.04448121265131816 0.03257851282985531 0.05325581556275595 0.053255815562743766 0.7389538108840288 2.4643679121477886
830.0 12.05841777727963 -5.802017931486889 56.17480224258709 -513184.526424816 2.010150996156514e-05 29.95280919109006 26.905912319221464 27.724013817712187 139.00845860379275 384.98553679375857 400.000000000001 -0.009158174584314803 2.1648094350205587 2.228795373377876 0.013348947384431126 39.001044657548064 2.5501542161471716e-08 0.0780576307978103 0.04177372403765655 0.03628386355530168 2.361726441252722 0.04515862048940643 0.03289901030840388 0.05395135778406941 0.05395135778405667 0.7286214518653495 2.4668327842637865
840.0 12.065703722898318 -5.807804774786858 56.53389310243934 -512879.4942877659 2.016750100357717e-05 30.038587393376126 26.9408994864268 27.781664902747366 138.64683578824923 384.53353722078276 400.000000000001 -0.009389148648212959 2.1929933332704863 2.25692249062876 0.01373712637580177 39.549731221194406 2.5497087896670128e-08 0.0790565171300203 0.04235526765431483 0.03670120627876966 2.3953658471538417 0.045838984965403506 0.0332175321646168 0.05464790139582712 0.054647901395813214 0.7185425912099739 2.469295330932428
850.0 12.073017831043469 -5.813615963015615 56.889914656815876 -512572.24354369217 2.023297175940843e-05 30.124376817743123 26.975618821585602 27.839347912641173 138.2904685225053 384.08220384000913 400.000000000001 -0.009623215425622764 2.2212152613640734 2.2850289051019423 0.0141303679834115 40.093354567325825 2.5492207052334146e-08 0.0800563667444689 0.04293831073209488 0.03711801282271447 2.4291000703711445 0.04652228386543362 0.033534082879035275 0.05534543759098018 0.05534543759096516 0.7086948536468693 2.4717759074168493
860.0 12.080360210160428 -5.819480284810581 57.242639158507835 -512265.8272363247 2.029920733955189e-05 30.210424389232827 27.010089869866725 27.897310785233543 137.93209721195745 383.6251233313214 400.000000000001 -0.009860382038468167 2.2494746403938706 2.3131136039992852 0.014528624814516852 40.63190525684327 2.5486908979982774e-08 0.08105716520176906 0.043522832829118965 0.03753428918963159 2.462927309510976 0.047208497359955796 0.03384866784181326 0.056043959551260444 0.05604395955124457 0.6990513750908871 2.4743029116435076
870.0 12.08773127518297 -5.825394117185365 57.592177535775235 -511959.90026159876 2.036647749906278e-05 30.29677122624213 27.04432092472323 27.955595506161846 137.5692353621054 383.16299886256195 400.000000000001 -0.010100655778853398 2.2777709563734394 2.34117572008028 0.014931848837454412 41.165378402722325 2.548120347679031e-08 0.08205890033478352 0.04410881474620251 0.03795004241157173 2.4968458798925615 0.04789760704464319 0.034161293290140324 0.05674346179837278 0.056743461798355765 0.6896136770456545 2.476863023026658
880.0 12.095131377865759 -5.831347384030231 57.938705535336524 -511653.43650634546 2.043442244295032e-05 30.383342158358595 27.07831792383689 28.01412770079441 137.2029008096451 382.6979780084864 400.000000000001 -0.01034404387687205 2.306103697054782 2.36921445756418 0.015339991600727399 41.693773231558254 2.54751006453662e-08 0.08306156000373094 0.04469623734973726 0.03836527948236424 2.530854137855262 0.04858959471895567 0.034471965284775245 0.05744393872748514 0.05744393872746637 0.6803930317402811 2.47942764390868
890.0 12.102560777401152 -5.837339807368653 58.282293582070224 -511346.4367879827 2.0502903037539153e-05 30.47013066610875 27.11208951546606 28.07290157668981 136.83420419134893 382.2300537010227 400.000000000001 -0.010590553470400336 2.3344723467737785 2.397229089418942 0.015753005025329458 42.21709349040991 2.5468610927353365e-08 0.08406513184037834 0.04528508150759866 0.038780007165903255 2.564950484742093 0.049284442358834626 0.0347806894815437 0.0581453844388168 0.058145384438797465 0.6713817292089896 2.4819973487393088
900.0 12.110019717779892 -5.843371117095385 58.62300980599561 -511038.9019263424 2.0571928399935102e-05 30.557157195481647 27.145643917484243 28.131938224399583 136.46345006125608 381.7592186477177 400.000000000001 -0.010840191654421991 2.362876400357419 2.4252189710820673 0.016170841453704895 42.735347269700625 2.5461745086705775e-08 0.08506960371704583 0.0458753283494171 0.03919423220488131 2.599133384904534 0.04998213267606364 0.03508747104098218 0.058847793049841335 0.05884779304982168 0.6625698353855978 2.4845769047613127
910.0 12.11750844940698 -5.849441050365435 58.960920244488236 -510730.8326208545 2.0641516294011674e-05 30.64443835249066 27.178988954838417 28.1912548094391 136.09065109090645 381.2854640085119 400.000000000001 -0.011092965497708628 2.3913153676698533 2.4531835430515594 0.016593453697257076 43.24854678346482 2.5454514174149467e-08 0.08607496388974671 0.04646695935260438 0.03960796137790294 2.6334013717213374 0.050682649601822075 0.03539231428792462 0.0595511587942535 0.059551158794234345 0.6539503849197114 2.487167005084949
920.0 12.125027229327369 -5.855549351394194 59.29608893250618 -510422.22945293447 2.071168262690424e-05 30.73198926464311 27.212132088132748 28.250866935631915 135.71578777947735 380.80877943619294 400.000000000001 -0.011348882045611328 2.4197887743533366 2.481122329011195 0.01702079509256565 43.756708146503556 2.5446929486830383e-08 0.0870812010087983 0.04705995635776086 0.040021201494688366 2.667753048769118 0.05138597780100096 0.03569522320779734 0.060255476033713354 0.06025547603369394 0.6455171946375557 2.489767557031998
930.0 12.132576321259805 -5.861695771269968 59.62857798734007 -510113.0928891966 2.0782443847674856e-05 30.819825036093675 27.245080439721807 28.310790102382903 135.33884011951602 380.32915312457084 400.000000000001 -0.011607948322859107 2.448296162478536 2.509034933710774 0.017452819555942498 44.25985115897792 2.5439002528675582e-08 0.08808830412799143 0.04765430158288697 0.04043395939103153 2.702187090632329 0.05209210373112158 0.035996200396869855 0.060960739268504274 0.060960739268484714 0.6372643073679984 2.4923785343261544
940.0 12.140155995640777 -5.867880067774864 59.95844768916296 -509803.4232843352 2.085381633667113e-05 30.907960581363177 27.277840817578063 28.371039540698952 134.95978765935834 379.84657185183676 400.000000000001 -0.011870171336482986 2.476837091141066 2.5369210406642244 0.01788948163626619 44.75799909828051 2.5430744971696493e-08 0.08909626271356232 0.0482499776370648 0.04084624192409028 2.736702243415568 0.052801014278847855 0.036295248434714475 0.06166694314793939 0.06166694314791951 0.6291860254755506 2.4949999003865284
950.0 12.147766529676886 -5.874102005213619 60.285756557618974 -509493.2208837066 2.0925816597745455e-05 30.996410706480905 27.310419737121236 28.431630296794317 134.57860949733916 379.3610210194894 400.000000000001 -0.012135558078870434 2.5054111370049283 2.5647804096865814 0.018330736566175846 45.251178517959424 2.5422168618388058e-08 0.09010506665292589 0.04884696753358789 0.04125805596799008 2.7712973249772292 0.053512695002743395 0.0365923716501825 0.06237408248049256 0.06237408248047265 0.6212768853914673 2.497631628565489
960.0 12.155408207405983 -5.880361354250082 60.6105614246822 -509182.48582563014 2.0998461235297247e-05 31.085190120500897 27.342823441181956 28.492577246210377 134.19528427425107 378.8724846871279 400.000000000001 -0.012404115530924287 2.534017894794189 2.5926128742905132 0.018776540311683354 45.739419053495936 2.5413285365354492e-08 0.09111470626314791 0.049445254702532526 0.04166940840972466 2.805971224903816 0.05422712792665374 0.03688757833649417 0.06308215224365193 0.06308215224363213 0.6135316488381057 2.5002736962578496
970.0 12.16308131976664 -5.886657891750983 60.93291750399922 -508871.2181434338 2.1071766987463286e-05 31.174313463799756 27.37505791825764 28.553895124837553 133.80979016873096 378.38094560337186 400.000000000001 -0.012675850665344126 2.562656977734149 2.620418338962204 0.01922684962027624 46.22275323476073 2.540410716827373e-08 0.09212517229912777 0.05004482300275886 0.04208030614533789 2.840722904243872 0.05494429165450065 0.0371808806446271 0.06379114759348477 0.06379114759346512 0.6059452906348174 2.502926085982873
980.0 12.170786164676112 -5.89299140063666 61.252878456917955 -508559.4177672601 2.1145750747414978e-05 31.263795331285912 27.4071289192052 28.615598554950544 133.42210488688957 377.8863852331675 400.000000000001 -0.012950770450013506 2.591328017943648 2.6481967763353724 0.019681622067575826 46.701216304989316 2.539464600828926e-08 0.09313645596147438 0.050645656733337846 0.04249075607637255 2.875551395020077 0.0556641622502272 0.03747229371124716 0.06450106387391207 0.06450106387389232 0.5985129880930533 2.5055887849926894
990.0 12.17852304711773 -5.899361669738493 61.57049645539582 -508247.08452564245 2.1220429584131746e-05 31.35365029425936 27.43904197250341 28.67770206997783 133.03220565799518 377.3887837816104 400.000000000001 -0.013228881851485352 2.620030666780277 2.6759482242815293 0.020140816102621487 47.174846046133744 2.538491385990229e-08 0.09414854890406167 0.05124774064440185 0.042900765106575395 2.9104557995377767 0.05638671483102632 0.03776183407303535 0.06521189662569213 0.06521189662567324 0.5912301109320832 2.5082617850126656
1000.0 12.18629227923504 -5.9057684936627375 61.88582224195082 -507934.21814688644 2.1295820762050797e-05 31.4438929208194 27.470802398205805 28.74022013788681 132.64006922106063 376.8881202146766 400.000000000001 -0.013510191838566051 2.648764595139758 2.703672782932599 0.02060439109184263 47.64368261045715 2.5374922660416957e-08 0.0951614432412308 0.05185105994741052 0.04331034013883339 2.9454352895067326 0.05711192844409256 0.038049514797138216 0.065923641595104 0.06592364159508228 0.5840922119667484 2.5109450817323893
1010.0 12.19409418043541 -5.912211672660524 62.19890518683442 -507620.8182602515 2.137194176555219e-05 31.53453779740847 27.50241532069615 28.803167185756195 132.2456718207023 376.38437227684955 400.000000000001 -0.013794707385995789 2.677529493711742 2.7313706116522747 0.02107230736181607 48.10776835824865 2.5364684280979415e-08 0.09617513155464125 0.052455600324831916 0.04371948807234378 2.9804891049935778 0.05783978398446265 0.03833534757017859 0.06663629474232569 0.06663629474230484 0.5770950179340485 2.513638675099734
1020.0 12.201929077501932 -5.918691012503752 62.50979334257638 -507306.88439695374 2.144881031701666e-05 31.625599546784308 27.53388568034879 28.86655762081356 131.8489891915948 375.8775165058847 400.000000000001 -0.01408243547820736 2.706325073193943 2.759041925970744 0.021544526240825833 48.567147701540776 2.535421049923414e-08 0.09718960689976272 0.05306134793925797 0.044128215799990406 3.015616553221082 0.058570264068374074 0.03861934283138863 0.06734985224953667 0.06734985224951989 0.5702344213066141 2.5163425686683913
1030.0 12.209797304712819 -5.925206324366689 62.81853349604234 -506992.41599100735 2.1526444398864798e-05 31.717092847213326 27.565218244186816 28.93040585271743 131.44999655442547 375.3675282448952 400.000000000001 -0.014373383113177365 2.735151064466055 2.7866869944958923 0.022021010099356527 49.02186695371747 2.5343512973609026e-08 0.09820486281198235 0.053668289441933456 0.04453653020592212 3.0508170072291363 0.05930333929406148 0.03890152351792086 0.06806431052870573 0.06806431052869656 0.5635064722470464 2.519056769673824
1040.0 12.217699203970461 -5.93175742471302 63.12517121815252 -506677.41237990104 2.160486227657304e-05 31.809032451264834 27.5964176156251 28.99472631545045 131.04866860657134 374.854381651789 400.000000000001 -0.014667557306354944 2.764007218726083 2.8143061358143853 0.02250172238955468 49.47197418490384 2.5332603219230446e-08 0.09922089331234751 0.05427641198072851 0.04494443816332295 3.0860899044130528 0.06003896897676224 0.03918192433558527 0.06877966622910212 0.06877966622910162 0.5569073710034467 2.5217812891377593
1050.0 12.225635124938517 -5.9383441351881725 63.42975091138132 -506361.87280513183 2.1684082517411962e-05 31.901433202005073 27.62748824337627 29.0595334866114 130.6449795009176 374.3380497062483 400.000000000001 -0.014964965094674036 2.7928933075906253 2.841899715393673 0.02298662768375291 49.91751908303057 2.5321492585457573e-08 0.10023769291292547 0.05488570320755026 0.04535194653236017 3.1214347449526283 0.060777103008004214 0.03946058990492125 0.06949591624451398 0.06949591624452302 0.5504334610721888 2.524516141258211
1060.0 12.233605425187234 -5.944966282516729 63.732315855159776 -506045.79641260055 2.176412401298213e-05 31.994310051006206 27.658434429592198 29.124841908510504 130.23890284681448 373.8185042143609 400.000000000001 -0.015265613540625708 2.821809123161195 2.8694681424956947 0.0234756917121174 50.35855282046715 2.5310192235017558e-08 0.1012552566217842 0.0554961512852107 0.045759062158297295 3.156851090145443 0.061517684181829284 0.039737572439954905 0.07021305772018992 0.07021305772020828 0.5440812223593297 2.5272613436719737
1070.0 12.241610470348185 -5.951623698404737 64.03290824930006 -505729.1822528743 2.1845006001043018e-05 32.087678074637424 27.689260337307356 29.19066620752548 129.8304116845602 373.29571581091307 400.000000000001 -0.015569509736416099 2.8507544780587932 2.8970118671119387 0.023968881399503362 50.79512792611712 2.5298713124712994e-08 0.1022735799476051 0.05610774489376522 0.046165791869768255 3.1923385606569683 0.062260653018441095 0.040012926929164 0.07093108805951018 0.0709310880595368 0.5378472649696883 2.530016917117207
1080.0 12.249650634277504 -5.95831621944677 64.33156925554414 -505412.0292813259 2.1926748087936544e-05 32.18155249125694 27.71996999724474 29.257021114328325 129.41947848745363 372.76965395951515 400.000000000001 -0.015876660808184062 2.8797292054284997 2.9245313769286154 0.024466164901593597 51.22729816287067 2.52870659876704e-08 0.10329265890392467 0.0567204732363339 0.04657214247719774 3.22789683469936 0.06300595277610117 0.040286706127823514 0.07165000493039228 0.07165000493042482 0.5317283230848449 2.5327828857006436
1090.0 12.257726299228734 -5.9650436870375625 64.6283390373425 -505094.3363581529 2.200937027022601e-05 32.27594867688735 27.750567314040133 29.32392148255763 129.00607513488802 372.24028695055154 400.000000000001 -0.016187073920296335 2.908733158916289 2.9520271943297196 0.024967511640398628 51.65511841030568 2.527526131708757e-08 0.10431249001302142 0.0573343260444264 0.04697812077136326 3.2635256461499713 0.06375353476313989 0.04055895524988154 0.0723698062714449 0.07236980627147976 0.525721249499281 2.5355592764712793
1100.0 12.265837856034171 -5.971805947288101 64.92325679795205 -504776.1022482875 2.2092892957678437e-05 32.370882181637626 27.78105607193539 29.391382308192917 128.59017290421073 371.70758189708965 400.000000000001 -0.016500756279692618 2.9377662126197333 2.9794998734447056 0.025472892339199527 52.07864455252967 2.5263309351435884e-08 0.10533307030944658 0.05794929358278311 0.04738373352208476 3.299224782619722 0.064503363322203 0.040829706987243586 0.07309049029787287 0.07309049029790533 0.519823010201423 2.538346119505868
1110.0 12.273985704296706 -5.978602850946022 65.21636081695146 -504457.3256211929 2.2177336998153566e-05 32.466368746699224 27.811439939987952 29.459418749451892 128.17174245984816 371.1715047287007 400.000000000001 -0.016817715140314562 2.966828261014868 3.006949997247327 0.025982279057019324 52.49793337105264 2.525122006106916e-08 0.10635439734322337 0.05856536665375746 0.04778898747704158 3.3349940834814222 0.06525541204044949 0.04109898530277388 0.07381205550714906 0.07381205550718234 0.5140306792031542 2.5411434481188433
1120.0 12.282170252590948 -5.985434253320195 65.50768848525288 -504138.00505055755 2.226272369911375e-05 32.56242431929055 27.841722476839116 29.528046144579733 127.75075382694831 370.6320201833242 400.000000000001 -0.017137957807583114 2.995919218860997 3.0343781747108105 0.026495645222674835 52.91304244257953 2.5239003136186367e-08 0.10737646918272317 0.059182536601267044 0.048193889360697406 3.370833437866834 0.06600966079016682 0.041366808392556374 0.07453450068447763 0.07453450068451187 0.5083414339768186 2.5439512983414305
1130.0 12.290391918674146 -5.992300014209385 65.79727633869001 -503818.1390138895 2.2349074853742253e-05 32.659065070008225 27.871907135079738 29.597280031984624 127.3271763863197 370.0890917971841 400.000000000001 -0.01746149164294039 3.025039021084992 3.061785038023602 0.027012965668547228 53.32403004160925 2.5226667976092612e-08 0.10839928441722323 0.05980079531431498 0.04859844587333675 3.406742782640377 0.06676608324092036 0.04163320117630284 0.075257824908027 0.07525782490806249 0.5027525507266246 2.54676970929781
1140.0 12.29865112970831 -5.999199997834872 66.0851600902656 -503497.7258920076 2.243641276689304e-05 32.756307409562886 27.901997265249975 29.667136169692583 126.90097885373685 369.54268189269226 400.000000000001 -0.01778832406846692 3.0541876226474587 3.0891712398703097 0.027534216664108706 53.73095504772641 2.521422367970242e-08 0.10942284215918169 0.060420135230128416 0.04900266369020149 3.442722100357881 0.06752465364905862 0.04189818851012306 0.07598202755398112 0.07598202755401759 0.4972614000845388 2.5495987232025636
1150.0 12.306948322492389 -6.0061340727769466 66.37137466112162 -503176.7639684386 2.252476027827637e-05 32.85416800425878 27.93199611950492 29.737630553478333 126.47212925969382 368.9927515645203 400.000000000001 -0.01811846257154752 3.0833649983920264 3.1165374507804535 0.028059375949314597 54.13387685747 2.5201679037225698e-08 0.11044714204622985 0.061040549336923045 0.04940654946071857 3.4787714172167385 0.0682853472959348 0.04216179475029506 0.07670710830140079 0.07670710830143784 0.49186544318595593 2.5524383849867913
1160.0 12.31528394370541 -6.013102111915186 66.65595421030369 -502855.2514287213 2.261414079347674e-05 32.95266379508448 27.96190685497627 29.808779438536547 126.04059493770671 368.4392606637185 400.000000000001 -0.01845191470961048 3.1125711428796583 3.143884356547937 0.02858842276794265 54.53285530066251 2.518904252297754e-08 0.11147218424290599 0.06166203117632359 0.04981010980781328 3.5148908010041575 0.06904814076119029 0.04242404348171571 0.07743306713691578 0.07743306713695314 0.4865622275293615 2.5552887429117703
1170.0 12.32365845016237 -6.020103992372427 66.93893216339097 -502533.1863596075 2.2704578307353758e-05 33.05181201277881 27.991732536857604 29.880599357055225 125.60634249255244 367.88216777985997 400.000000000001 -0.01878868811492327 3.1418060702099666 3.171212655723588 0.02912133790096765 54.92795056108161 2.51763222892512e-08 0.11249796944216231 0.06228457484547251 0.05021335132730768 3.5510803590496938 0.06981301213562999 0.04268495730653234 0.07815990435926999 0.078159904359308 0.48134938360682317 2.558149847847817
1180.0 12.332072309079237 -6.027139595462355 67.22034124003235 -502210.56674818654 2.2796097434074175e-05 33.15163019682651 28.02147614123686 29.953107139645162 125.16933779673917 367.3214302214542 400.000000000001 -0.019128790499462207 3.171069813830152 3.198523057181349 0.029658103700068453 55.31922310135707 2.5163526161194546e-08 0.11352449886662919 0.06290817499883349 0.05061628058738127 3.5873402361863027 0.07057994122867833 0.04294455763795087 0.07888762058371074 0.07888762058374915 0.4762246211991048 2.5610217537748596
1190.0 12.340525998353534 -6.034208806640677 67.50021348047736 -501887.3904808973 2.288872343980624e-05 33.25213621475385 28.051140557700325 30.026319936993275 124.72954595974127 366.757003994216 400.000000000001 -0.01947222965984939 3.2003624263345865 3.225816277760571 0.03019870412135523 55.70673359197273 2.5150661632629244e-08 0.11455177426971125 0.06353282684974496 0.051018904128113544 3.6236706127262672 0.07134890968410426 0.04320286458560699 0.07961621674627187 0.07961621674631066 0.4711857260050617 2.5639045179556668
1200.0 12.349020006855483 -6.041311515459771 67.77858027112923 -501563.6553424589 2.2982482268439056e-05 33.3533482786008 28.080728591727066 30.10025523861715 124.28693130711301 366.18884377751937 400.000000000001 -0.019819013482350243 3.229683979255192 3.25309303998365 0.03074312475941594 56.090542844255864 2.5137735862753384e-08 0.11557979793648748 0.06415852617172532 0.05142122846107899 3.6600717024548066 0.07211990091305469 0.043459897023432795 0.08034569410793571 0.08034569410797493 0.46623055669875363 2.566798200409007
1210.0 12.35755483473308 -6.048447615526792 68.05547236918686 -501239.3590147046 2.3077400578246432e-05 33.455284966576656 28.110242966893285 30.17493089672675 123.84145736030777 365.6169028988621 400.000000000001 -0.02016914994796065 3.2590345628447643 3.280354069849902 0.031291352881777874 56.47071174723459 2.5124755673669092e-08 0.11660857268446359 0.06478526929957076 0.05182326006900151 3.696543750645986 0.072892899622656 0.04371567306180758 0.0810760542587058 0.08107605425874519 0.46135704170303626 2.5697028645231192
1220.0 12.366130993731643 -6.055617004465191 68.33091992642574 -500914.4990753152 2.3173505771681253e-05 33.5579652412512 28.139686326903618 30.25036514654579 123.39308680879682 365.04113330628434 400.000000000001 -0.0205226471375535 3.288414285854625 3.3076000947054083 0.03184337746388537 56.84730120824499 2.5111727548677072e-08 0.11763810186419871 0.06541305313027337 0.05222500540546318 3.7330870321042697 0.07366789228570983 0.04397020957848889 0.08180729912160681 0.08180729912164642 0.45656317651172784 2.572618576624224
1230.0 12.37474900752624 -6.062819583879602 68.60495251215414 -500589.07299646595 2.3270826031755643e-05 33.661408471435564 28.169061237463794 30.326576630248006 122.94178149270726 364.4614855388399 400.000000000001 -0.020879513237111604 3.317823275307374 3.3348318411875555 0.032399189224696846 57.2203720971697 2.509865763128089e-08 0.11866838935980938 0.06604187512377703 0.05262647089465215 3.7697018492339165 0.07444486579661094 0.04422352356319842 0.08253943095661523 0.0825394309566552 0.4518470208385791 2.575545406372777
1240.0 12.38340941207121 -6.070055259324052 68.87759913540839 -500263.0781433611 2.3369390358848628e-05 33.76563445371862 28.198370188009893 30.403584420474132 122.48750237068059 363.8779086948532 400.000000000001 -0.021239756543053205 3.3472616762669856 3.362050033244486 0.032958780663003666 57.58998519419139 2.508555172484694e-08 0.11969943958940826 0.06667173330361792 0.053027662931161165 3.806388530140004 0.07522380683611413 0.044475632753294136 0.0832724523645611 0.0832724523646016 0.4472066960497454 2.578483426755263
1250.0 12.392112755963723 -6.07732394027351 69.14888826641149 -499936.5117726782 2.34692286068381e-05 33.870663434340756 28.227615593305455 30.48140804411371 122.03020949829772 363.2903503981708 400.000000000001 -0.021603385467622895 3.3767296516064738 3.3892553902270435 0.03352214609458436 57.95620114094515 2.5072415292865358e-08 0.12073125750546573 0.06730262625745839 0.053428587879815 3.843147426761966 0.07600470692094187 0.04472655058452385 0.08400636629099292 0.08400636629103411 0.4426403827225335 2.5814327140846705
1260.0 12.400859600824967 -6.084625540098726 69.41884785735112 -499609.37103090045 2.3570371523938218e-05 33.976516132865086 28.25679979491853 30.56006750781257 121.56986199494517 362.69875676211075 400.000000000001 -0.02197040854439903 3.40622738177509 3.4164486250525226 0.03408928169030121 58.31908039495465 2.5059253459759687e-08 0.12176384859514591 0.06793455313755863 0.053829252075535065 3.8799789130423337 0.07678756365417766 0.04497628494096826 0.08474117603004398 0.08474117603008519 0.4381463182679569 2.5843933481214174
1270.0 12.40965052169761 -6.091959976044351 69.68750536250616 -499281.6529525476 2.3672850791927645e-05 34.08321376566329 28.285925062588344 30.63958332322533 121.10641801692645 362.1030723512347 400.000000000001 -0.02234083443388351 3.4357550645656096 3.443630442437954 0.03466018551526239 58.67868318724022 2.5046071012195644e-08 0.12279721888062055 0.06856751366120181 0.05422966182322796 3.916883383131606 0.0775723798243733 0.04522483905624724 0.08547688522830042 0.08547688522834271 0.43372279476056613 2.587365411972998
1280.0 12.41848610746164 -6.099327169210374 69.95488775776616 -498953.35445829364 2.3776699071271896e-05 34.19077807213796 28.314993595490883 30.719976534936773 120.63983472709361 361.5032401407631 400.000000000001 -0.02271467192920136 3.465312914883228 3.470801537201192 0.035234857569155856 59.03506948298647 2.503287240083867e-08 0.1238313749194006 0.06920150811111413 0.054629823397697314 3.9538612496307017 0.07835916201087438 0.04547221290852622 0.08621349788870697 0.08621349788874948 0.42936815670983475 2.5903489923987335
1290.0 12.427366961269433 -6.106727044536827 70.2210215595804 -498624.47235296725 2.3881950045939807e-05 34.29923134116508 28.34400752341162 30.801268748537474 120.17006826657729 360.8992014735494 400.000000000001 -0.02309192996190789 3.4949011645169543 3.4979625926276094 0.03581329982789758 59.38829894516122 2.501966174251449e-08 0.12486632380470516 0.06983653733589973 0.05502974304357752 3.9909129418718607 0.07914791884605651 0.045718404958648644 0.08695101837451495 0.08695101837455782 0.42508079900599727 2.5933441799315062
1300.0 12.436293701000217 -6.114159530791811 70.4859328433679 -498295.0033234357 2.3988638469690723e-05 34.40859643806587 28.372968907832398 30.883482159165997 119.69707371568865 360.29089601457645 400.000000000001 -0.02347261760791418 3.5245200619145147 3.5251142788998813 0.03639551628670441 59.73843090097846 2.5006442822726365e-08 0.1259020731658917 0.07047260275052594 0.05542942697527892 4.0280389042384614 0.07993865787404597 0.04596341529184571 0.08768945141330206 0.0876894514133445 0.42085916507257704 2.596351068721096
1310.0 12.445266959735324 -6.121624560562867 70.74964726142434 -497964.9439363636 2.4096800217329863e-05 34.51889683436865 28.401879742938895 30.966639582780374 119.22080506235014 359.67826170286276 400.000000000001 -0.023856744093536893 3.5541698719616854 3.5522572515882787 0.03698151300474098 60.08552431110073 2.4993219098485743e-08 0.12693863116897208 0.07110970633688257 0.05582888137694447 4.065239594524061 0.08073137245416682 0.046207258714805216 0.08842880210107365 0.08842880210111562 0.41670174490674483 2.5993697568700735
1320.0 12.454287386255633 -6.129122070251674 71.01219006036052 -497634.2906358411 2.4206472334704293e-05 34.63015663702214 28.430741956554648 31.05076448682313 118.74121516226663 359.06123470061766 400.000000000001 -0.024244318801679227 3.583850875767209 3.5793921501990096 0.03757129815146771 60.42963774147928 2.4979993701414577e-08 0.1279760065172471 0.07174785064445269 0.056228112402413724 4.1025154823310555 0.08152604180748879 0.04644996470975826 0.08916907590647728 0.08916907590651854 0.4126070734275822 2.6024003462124448
1330.0 12.463355645561144 -6.13665200007217 71.27358609809829 -497303.03974088 2.4317693097031185e-05 34.74240062253607 28.459557411005953 31.135881025758827 118.25825571116243 358.43974933967394 400.000000000001 -0.0246353512781566 3.613563370453825 3.606519596777246 0.03816488205484671 60.77082933773248 2.4966769441078362e-08 0.12901420845207232 0.07238703879111487 0.0566271261751861 4.139867047508266 0.08232267528374614 0.046691533168326145 0.08991027867513672 0.08991027867517776 0.4085737285697624 2.605442943016122
1340.0 12.472472419416523 -6.144214294052095 71.53385986046781 -496971.1874427586 2.4430502062927455e-05 34.85565426758016 28.488327903923114 31.22201407301737 117.77187718733151 357.8137380648253 400.000000000001 -0.025029851238170128 3.643307668957072 3.633640194562793 0.038762277251546656 61.10915680196645 2.4953548808512507e-08 0.13005324675380908 0.07302727446412491 0.057025928788390544 4.177294778628204 0.08312136992821383 0.04693187682559524 0.09065241663414958 0.09065241663419055 0.4046003299232793 2.6084976573118395
1350.0 12.481638406919288 -6.151808900038037 71.79303547741328 -496638.7298022334 2.4544940138830915e-05 34.969943787437245 28.517055168980026 31.309189260743427 117.28202883241175 357.18313137426077 400.000000000001 -0.025427828572937204 3.673084099831403 3.6607545266938204 0.03936349853931907 61.44467737194421 2.4940333979904045e-08 0.13109313174294085 0.07366856192127977 0.05742452630473771 4.214799171501793 0.08392229270552366 0.04717083903741717 0.09139549639673403 0.09139549639677493 0.40068553690015607 2.611564603886606
1360.0 12.490854325098187 -6.159435769704028 72.05113673886746 -496305.66274657485 2.466104963709683e-05 35.085296168801364 28.545740876577412 31.397433013844058 116.78865858978153 356.5478577565787 400.000000000001 -0.02582929335649986 3.702893007066244 3.687863154957304 0.03996856303170232 61.777447802513606 2.4927126820393744e-08 0.1321338742814463 0.07431090599233225 0.05782292475647856 4.252380727732001 0.084725654936047 0.04740821934539929 0.09213952496709439 0.09213952496713518 0.3968280475783884 2.6146439013827623
1370.0 12.500120909536328 -6.167094858563762 72.30818711028863 -495971.9820664606 2.4778874362599358e-05 35.201739219903025 28.574386634470127 31.48677260132214 116.29171306886434 355.9078436246248 400.000000000001 -0.026234255852715792 3.7327347499108274 3.7149666185808865 0.04057749021523879 62.10752434920662 2.4913928887964995e-08 0.13317548577438576 0.07495431208064765 0.05822113014533413 4.29003995330321 0.08553168609198997 0.04764379968239579 0.09288450974547686 0.09288450974551836 0.39302659659246103 2.6177356746368563
1380.0 12.509438915027332 -6.1747861259865315 72.56420974792243 -495637.68341267505 2.489845961139761e-05 35.31930157079788 28.602993988342867 31.577236137733202 115.7911374909881 355.26301324557664 400.000000000001 -0.02664272652243746 3.762609702710587 3.7420654330646848 0.04119030200937977 62.43496275392685 2.490074143738655e-08 0.13421797817180106 0.07559878616517623 0.058619148442422844 4.327777357207549 0.08634060769648934 0.04787737047531172 0.09363045853349214 0.09363045853353345 0.3892799561317828 2.6208400471411286
1390.0 12.51880911626046 -6.182509535216948 72.819227513787 -495302.762292644 2.5019852522730753e-05 35.43801287281089 28.631564422334208 31.668852783763004 115.28687564538012 354.6132886674725 400.000000000001 -0.027054716030903706 3.7925182547541985 3.7691600890478805 0.04180702282929167 62.75981823264509 2.4887565424178517e-08 0.13526136397089628 0.07624433480273728 0.05901698558815746 4.3655934501050755 0.08715260719871376 0.04810875677218251 0.09437737953968053 0.09437737953972175 0.3855869259213063 2.6239571699111948
1400.0 12.528232308540431 -6.1902650533985675 73.07326299042869 -494967.2140667675 2.514310111609068e-05 35.557903253173194 28.660099359511534 31.761652201965504 114.77886983711741 353.95858964164734 400.000000000001 -0.027470235255361894 3.8224608101332915 3.796251051207685 0.04242767965174993 63.082145465025945 2.4874401508571334e-08 0.1363056562185742 0.0768909651306778 0.05941464749212268 4.403488743017843 0.0879678126003837 0.04833784361819048 0.0951252813853842 0.09512528138542503 0.3819463641817709 2.627087114387812
1410.0 12.537709308542063 -6.198052651601536 73.32633849546676 -494631.03394455207 2.526825827411398e-05 35.67900559206696 28.68860016229729 31.855666834880463 114.2670608223703 353.2988335411358 400.000000000001 -0.027889295292911384 3.8524377876150693 3.823338757186492 0.04305230208435616 63.40199858591333 2.4861250059429215e-08 0.13735086851434034 0.07753868486992721 0.05981214003292447 4.4414637460558195 0.08878627224511748 0.04856459626922285 0.0958741731109332 0.0958741731109733 0.3783570677610745 2.6302302719539963
1420.0 12.547240955101767 -6.205872304854363 73.57847609595348 -494294.21698053175 2.53953672835842e-05 35.80134390653164 28.717068132847118 31.95092028998815 113.75133961357652 352.6339352746378 400.000000000001 -0.028311907468614422 3.882449620528641 3.8504236165434835 0.04368092243830363 63.719431178605284 2.484811115811076e-08 0.13839701501360596 0.07818750232848543 0.060209469058005345 4.4795189671730835 0.08960797107063678 0.048789043942969165 0.09662406418217659 0.09662406418221586 0.3748185416090759 2.6333847212660784
1430.0 12.556828116114845 -6.213723992282846 73.82969765403385 -493956.7580333351 2.5524564292382354e-05 35.92494415913434 28.745504515412435 32.04743814754514 113.23084660905474 351.9638067657117 400.000000000001 -0.028738083359098984 3.9124967585857755 3.877506011589202 0.04431357580483525 64.0344962731987 2.4834984601992138e-08 0.13944411050002403 0.07883742644491393 0.06060664041248888 4.517654913221839 0.09043288757197643 0.04901122292804758 0.09737496454654629 0.0973749645465846 0.3713328220099221 2.636539767237874
1440.0 12.566471830894354 -6.221615006939315 74.07968996326517 -493619.85601474205 2.5656804781148243e-05 36.05018902841119 28.77391098814919 32.14560268847788 112.70295262728592 351.28720607404466 400.000000000001 -0.02916783516197677 3.9425797128599323 3.90458633993331 0.04495030018102189 64.34724643767095 2.4821869902020768e-08 0.1404921719973113 0.07948846772388377 0.06100366061545362 4.55587214229618 0.09126103014370451 0.049231141853606754 0.09812688579401777 0.09812688579405525 0.3678906863258402 2.6397238245191517
1450.0 12.576173490653865 -6.229555425588055 74.32801394081515 -493285.18059266196 2.579222595260496e-05 36.177204362650535 28.802289410215323 32.245539304683156 112.16818520082282 350.60242051602677 400.000000000001 -0.029601176156346536 3.972699110193031 3.9316650579673866 0.04559113903701327 64.65773467960574 2.480876624672713e-08 0.14154122062007668 0.08014063950591427 0.06140053744102522 4.594171335211265 0.09209240848302244 0.04944881213705423 0.09887984250990564 0.09887984250994203 0.3644857314126487 2.6429563558710307
1460.0 12.585934056501562 -6.237514253565687 74.57611413238088 -492947.62062566215 2.5928637962465028e-05 36.305279396449734 28.830638931108282 32.34653696694501 111.63471414526423 349.914185493211 400.000000000001 -0.030038118711814287 4.002855441605578 3.9587424295047184 0.046236142841599284 64.96601439346419 2.4795672507352632e-08 0.14259127254928747 0.08079395287445931 0.061797275986760894 4.632552998895093 0.09292702661967753 0.04966424592960998 0.09963384581717849 0.09963384581721389 0.3611253121911685 2.6462085011627163
1470.0 12.595753518780269 -6.24546768142204 74.82509906700874 -492603.23200615356 2.6063504812176135e-05 36.433614417680644 28.85895880080889 32.447796028077434 111.11235197675305 349.226200212476 400.000000000001 -0.0304786729466026 4.0330488982540675 3.9858183896032138 0.046885361676892945 65.27213657807228 2.4782587352584216e-08 0.14364233348941374 0.08144841285662206 0.06219387693007173 4.671017244843494 0.09376487670168898 0.049877456787724775 0.10038889934449141 0.10038889934452626 0.35781391960465325 2.6494610630349618
1480.0 12.605631063299118 -6.253399124124379 75.07574040154454 -492249.24945372564 2.6195067841943196e-05 36.56169056333015 28.887248449143335 32.548797935858325 110.60835335215737 348.5411056632147 400.000000000001 -0.03092284716540599 4.063279431582429 4.01289262747183 0.04753883837083759 65.57614778017307 2.4769509349693048e-08 0.14469440108942633 0.0821040192669952 0.06259033810537153 4.709563839140449 0.09460593868361172 0.05008846240581461 0.10114500090758433 0.10114500090761822 0.35455026290216674 2.6527154500586754
1490.0 12.615565337925787 -6.261299259969041 75.32847269732824 -491884.0973456199 2.63222666178141e-05 36.68918187234688 28.91550759447292 32.649217176185914 110.12685440536409 347.86045565780773 400.000000000001 -0.031370648553055686 4.093546844335582 4.039964696160958 0.0481966034181997 65.87808881184117 2.4756437056388092e-08 0.14574746837187522 0.08276076828657723 0.06298665635423148 4.748192299068604 0.09545018186846757 0.05029728650340763 0.10190214492985064 0.10190214492988328 0.3513336520379371 2.6559709739486665
1500.0 12.625554727798477 -6.269166070535709 75.5833932187931 -491507.40062174865 2.6444786716763654e-05 36.81598061186614 28.94373634969081 32.74894649248197 109.66883016880459 347.18468698784153 400.000000000001 -0.031822083889944494 4.123850882981062 4.067034119384164 0.048858671770578496 66.17799417675417 2.474336910015989e-08 0.1468015271199013 0.08341865417531592 0.0633828291998439 4.7869020006459575 0.09629756108389867 0.050503966036002615 0.10266032484912821 0.10266032484915988 0.3481633012299289 2.6592273702604903
1510.0 12.635597639446726 -6.277004881720609 75.84026175465138 -491119.9957658906 2.6563076577405685e-05 36.942204253424535 28.97193532418999 32.8481037592898 109.23205822702707 346.51308866275184 400.000000000001 -0.03227716028927339 4.154191331361089 4.0941004941347385 0.04952504158944081 66.47589219491142 2.4730304238040433e-08 0.14785657121772214 0.08407767112089037 0.06377885633872367 4.825692296060662 0.09714801498482539 0.05070855623289673 0.10341953550796137 0.10341953550799125 0.3450384549962114 2.6624843249637538
1520.0 12.645692794179176 -6.284828405885822 76.09850046274195 -490723.94186413614 2.667836590162525e-05 37.068203608006485 29.000105720419885 32.947040020294196 108.81108147755151 345.8437701920331 400.000000000001 -0.03273588595633577 4.184568105393549 4.121163587712291 0.05019569505932631 66.77180581491012 2.4717241389615895e-08 0.14891259994042969 0.08473781522655055 0.06417474094266659 4.864562639902085 0.09800148388213184 0.050911116058297845 0.10417977552486116 0.10417977552488958 0.3419585220214858 2.665741046924743
1530.0 12.655839531110718 -6.292656785163645 76.35719373963596 -490322.5317417433 2.6792713981918222e-05 37.194596376655994 29.02824942358359 33.046372948947024 108.39729171418458 345.17362887075376 400.000000000001 -0.03319827096998382 4.214981348618167 4.148223427708972 0.05087060136161911 67.06575410240492 2.4704179636047315e-08 0.14996962118858342 0.08539908664067436 0.0645704907637883 4.903512722990361 0.09885791861287466 0.05111170257570874 0.10494104964391812 0.10494104964394452 0.33892148853643594 2.669001710983172
1540.0 12.666038104891175 -6.300517635696618 76.61508803667562 -489920.30327212 2.6908820768535704e-05 37.32229384744629 29.056369077826552 33.14701346871267 107.9809010918161 344.498317112817 400.000000000001 -0.03366432804795149 4.245431523511325 4.175280378733612 0.051549721913032115 67.35775438447348 2.4691118178400806e-08 0.15102765448941408 0.08606149173066133 0.06496611896184024 4.942542606777026 0.09971728741001196 0.0513103670794021 0.10570337093573479 0.1057033709357598 0.33591629218569863 2.672302126693392
1550.0 12.676289621448966 -6.308427615343463 76.87143812304461 -489520.00677035935 2.7027811293242023e-05 37.451657937511364 29.0844669050519 33.24932284315805 107.55747482048736 343.8151186727483 400.000000000001 -0.034134072385626525 4.275919384587045 4.202335094353317 0.052233017862137104 67.64782479927372 2.467805626328686e-08 0.15208672970195714 0.08672504295355218 0.06536164293873278 4.98165272181424 0.10057958006171369 0.05150714964024346 0.1064667599349845 0.1064667599350072 0.33294195867986165 2.6756436529811154
1560.0 12.686595170684138 -6.316367628868738 77.12714062150582 -489118.4905822388 2.7148895217910833e-05 37.58237413695684 29.112542964403325 33.35298587059466 107.12907042217498 343.12690194903394 400.00000000000006 -0.03460751983532333 4.3064457248441625 4.229388266362201 0.052920452754239136 67.93598509465788 2.4664993251180176e-08 0.15314687770157626 0.08738975386826392 0.06575708001082897 5.020843605527878 0.10144479388539385 0.051702083816182416 0.1072312380467444 0.10723123804676507 0.3300076843870224 2.6789915216498392
1570.0 12.696955572857917 -6.324337657868548 77.38221431703725 -488715.742499633 2.727172414391395e-05 37.71437532043899 29.140598398494024 33.45793480740454 106.6975399740879 342.43358207696457 400.00000000000006 -0.035084685715772765 4.337011261062859 4.256440513034455 0.05361199021320016 68.22225500915894 2.4651928539422895e-08 0.15420812660420488 0.08805563651622729 0.06615244625254872 5.0601157139959705 0.10231295578814258 0.05189517081606232 0.10799682472595919 0.1079968247259779 0.3271109189872214 2.68235210959523
1580.0 12.707371593953399 -6.332337681606555 77.63667787367933 -488311.75101823313 2.7396332378981116e-05 37.84768029981889 29.16863432426792 33.56418789043523 106.26274818445864 341.7350786318442 400.00000000000006 -0.03556558488177452 4.367616670835417 4.2834924093836655 0.0543075946959298 68.50665421164656 2.463886145686523e-08 0.1552705031903192 0.0887227020882391 0.06654775725349062 5.099469438085917 0.10318407184688666 0.05208643134343257 0.10876353841941373 0.10876353841943055 0.3242517492310315 2.6857225761308134
1590.0 12.7178439999537 -6.340367679346437 77.89054995547268 -487906.50463373156 2.7522754230842134e-05 37.982307886957756 29.196651858669004 33.67176335653432 105.82455976151995 341.0313111889776 400.00000000000006 -0.036050232188128375 4.398262631754136 4.310544530423426 0.055007230659337845 68.78920237099062 2.4625791332357462e-08 0.15633403424039571 0.08939096177509642 0.06694302860325349 5.138905168665127 0.10405814813855305 0.0522758861018427 0.1095313975738932 0.10953139757390827 0.3214302618690267 2.689100080570121
1600.0 12.728373556841946 -6.348427630351869 78.1438492264579 -487499.99184182065 2.7651024007226816e-05 38.118276893716775 29.224652118641274 33.78067944254943 105.38283941350461 340.3221993236696 400.00000000000006 -0.0365386424896341 4.42894982141131 4.337597451167334 0.05571086256033407 69.06991915606096 2.4612717494749872e-08 0.15739874653491093 0.09006042676759637 0.06733827589143612 5.178423296601009 0.10493519074006874 0.05246355579484225 0.1103004206361828 0.11030042063619627 0.31864654365178074 2.6924817822266855
