#T volume alpha alpha_xx alpha_yy alpha_zz alpha_yz alpha_zy alpha_xz alpha_zx alpha_xy alpha_yx
0.0  11.606755   0.0000e+00   7.1339e-08   8.3616e-08   8.4732e-08   1.5435e-09   2.6938e-09   1.2331e-09   5.6070e-09   3.2927e-09   8.2543e-09
10.0  11.606757  -2.8327e-09  -2.5300e-09  -2.9645e-09  -3.0043e-09  -5.4461e-11  -9.5061e-11  -4.3658e-11  -1.9839e-10  -1.1677e-10  -2.9254e-10
20.0  11.606797   2.9419e-07   2.6270e-07   3.0791e-07   3.1202e-07   5.6859e-09   9.9231e-09   4.5413e-09   2.0650e-08   1.2125e-08   3.0397e-08
30.0  11.607022   1.1028e-06   9.8456e-07   1.1543e-06   1.1696e-06   2.1396e-08   3.7336e-08   1.7043e-08   7.7535e-08   4.5443e-08   1.1398e-07
40.0  11.607619   2.3769e-06   2.1213e-06   2.4884e-06   2.5212e-06   4.6552e-08   8.1210e-08   3.6840e-08   1.6779e-07   9.7910e-08   2.4590e-07
50.0  11.608697   3.8181e-06   3.4054e-06   3.9990e-06   4.0506e-06   7.6029e-08   1.3257e-07   5.9484e-08   2.7149e-07   1.5718e-07   3.9567e-07
60.0  11.610276   5.2389e-06   4.6682e-06   5.4902e-06   5.5592e-06   1.0682e-07   1.8612e-07   8.2230e-08   3.7641e-07   2.1547e-07   5.4422e-07
70.0  11.612333   6.5466e-06   5.8264e-06   6.8656e-06   6.9488e-06   1.3752e-07   2.3941e-07   1.0375e-07   4.7667e-07   2.6893e-07   6.8218e-07
80.0  11.614821   7.7105e-06   6.8522e-06   8.0933e-06   8.1870e-06   1.6767e-07   2.9163e-07   1.2360e-07   5.7036e-07   3.1629e-07   8.0648e-07
90.0  11.617690   8.7293e-06   7.7446e-06   9.1720e-06   9.2726e-06   1.9721e-07   3.4266e-07   1.4177e-07   6.5731e-07   3.5752e-07   9.1697e-07
100.0  11.620890   9.6148e-06   8.5144e-06   1.0114e-05   1.0218e-05   2.2619e-07   3.9261e-07   1.5839e-07   7.3812e-07   3.9312e-07   1.0148e-06
110.0  11.624380   1.0383e-05   9.1762e-06   1.0935e-05   1.1039e-05   2.5469e-07   4.4165e-07   1.7367e-07   8.1358e-07   4.2377e-07   1.1015e-06
120.0  11.628120   1.1050e-05   9.7449e-06   1.1651e-05   1.1754e-05   2.8280e-07   4.8992e-07   1.8780e-07   8.8448e-07   4.5018e-07   1.1786e-06
130.0  11.632079   1.1630e-05   1.0234e-05   1.2280e-05   1.2379e-05   3.1057e-07   5.3754e-07   2.0098e-07   9.5152e-07   4.7299e-07   1.2476e-06
140.0  11.636229   1.2138e-05   1.0657e-05   1.2834e-05   1.2926e-05   3.3803e-07   5.8459e-07   2.1335e-07   1.0153e-06   4.9276e-07   1.3097e-06
150.0  11.640547   1.2584e-05   1.1023e-05   1.3324e-05   1.3409e-05   3.6521e-07   6.3112e-07   2.2505e-07   1.0764e-06   5.1000e-07   1.3661e-06
160.0  11.645012   1.2979e-05   1.1341e-05   1.3760e-05   1.3837e-05   3.9211e-07   6.7714e-07   2.3618e-07   1.1351e-06   5.2510e-07   1.4175e-06
170.0  11.649610   1.3329e-05   1.1618e-05   1.4151e-05   1.4218e-05   4.1875e-07   7.2269e-07   2.4684e-07   1.1918e-06   5.3842e-07   1.4649e-06
180.0  11.654325   1.3641e-05   1.1862e-05   1.4504e-05   1.4560e-05   4.4511e-07   7.6776e-07   2.5710e-07   1.2468e-06   5.5026e-07   1.5087e-06
190.0  11.659145   1.3922e-05   1.2076e-05   1.4823e-05   1.4869e-05   4.7119e-07   8.1235e-07   2.6702e-07   1.3003e-06   5.6084e-07   1.5496e-06
200.0  11.664061   1.4176e-05   1.2266e-05   1.5115e-05   1.5149e-05   4.9699e-07   8.5645e-07   2.7666e-07   1.3524e-06   5.7039e-07   1.5879e-06
210.0  11.669063   1.4406e-05   1.2434e-05   1.5382e-05   1.5404e-05   5.2248e-07   9.0004e-07   2.8606e-07   1.4034e-06   5.7906e-07   1.6241e-06
220.0  11.674145   1.4616e-05   1.2585e-05   1.5628e-05   1.5638e-05   5.4767e-07   9.4312e-07   2.9525e-07   1.4534e-06   5.8700e-07   1.6583e-06
230.0  11.679299   1.4809e-05   1.2720e-05   1.5856e-05   1.5854e-05   5.7254e-07   9.8567e-07   3.0426e-07   1.5024e-06   5.9435e-07   1.6910e-06
240.0  11.684521   1.4987e-05   1.2842e-05   1.6069e-05   1.6054e-05   5.9707e-07   1.0277e-06   3.1311e-07   1.5506e-06   6.0119e-07   1.7223e-06
250.0  11.689805   1.5153e-05   1.2952e-05   1.6267e-05   1.6240e-05   6.2126e-07   1.0691e-06   3.2184e-07   1.5979e-06   6.0762e-07   1.7523e-06
260.0  11.695147   1.5307e-05   1.3053e-05   1.6454e-05   1.6415e-05   6.4509e-07   1.1099e-06   3.3045e-07   1.6445e-06   6.1372e-07   1.7813e-06
270.0  11.700544   1.5451e-05   1.3145e-05   1.6630e-05   1.6578e-05   6.6855e-07   1.1502e-06   3.3896e-07   1.6905e-06   6.1954e-07   1.8093e-06
280.0  11.705993   1.5586e-05   1.3230e-05   1.6797e-05   1.6733e-05   6.9164e-07   1.1898e-06   3.4738e-07   1.7358e-06   6.2516e-07   1.8366e-06
290.0  11.711491   1.5714e-05   1.3308e-05   1.6956e-05   1.6880e-05   7.1433e-07   1.2288e-06   3.5573e-07   1.7804e-06   6.3061e-07   1.8631e-06
300.0  11.717034   1.5835e-05   1.3381e-05   1.7107e-05   1.7019e-05   7.3662e-07   1.2671e-06   3.6401e-07   1.8245e-06   6.3594e-07   1.8890e-06
310.0  11.722622   1.5950e-05   1.3450e-05   1.7251e-05   1.7152e-05   7.5849e-07   1.3048e-06   3.7223e-07   1.8680e-06   6.4119e-07   1.9143e-06
320.0  11.728253   1.6061e-05   1.3514e-05   1.7390e-05   1.7280e-05   7.7993e-07   1.3418e-06   3.8040e-07   1.9109e-06   6.4638e-07   1.9391e-06
330.0  11.733924   1.6166e-05   1.3575e-05   1.7524e-05   1.7402e-05   8.0094e-07   1.3780e-06   3.8852e-07   1.9533e-06   6.5156e-07   1.9635e-06
340.0  11.739634   1.6268e-05   1.3633e-05   1.7652e-05   1.7520e-05   8.2149e-07   1.4136e-06   3.9660e-07   1.9951e-06   6.5674e-07   1.9875e-06
350.0  11.745382   1.6366e-05   1.3688e-05   1.7777e-05   1.7635e-05   8.4159e-07   1.4484e-06   4.0464e-07   2.0364e-06   6.6195e-07   2.0111e-06
360.0  11.751167   1.6461e-05   1.3741e-05   1.7897e-05   1.7745e-05   8.6120e-07   1.4824e-06   4.1265e-07   2.0772e-06   6.6722e-07   2.0344e-06
370.0  11.756987   1.6553e-05   1.3792e-05   1.8014e-05   1.7853e-05   8.8033e-07   1.5156e-06   4.2063e-07   2.1174e-06   6.7255e-07   2.0573e-06
380.0  11.762843   1.6642e-05   1.3842e-05   1.8128e-05   1.7958e-05   8.9896e-07   1.5480e-06   4.2859e-07   2.1572e-06   6.7797e-07   2.0801e-06
390.0  11.768733   1.6729e-05   1.3891e-05   1.8239e-05   1.8060e-05   9.1708e-07   1.5796e-06   4.3652e-07   2.1964e-06   6.8350e-07   2.1026e-06
400.0  11.774656   1.6815e-05   1.3939e-05   1.8347e-05   1.8160e-05   9.3468e-07   1.6104e-06   4.4442e-07   2.2350e-06   6.8915e-07   2.1248e-06
410.0  11.780612   1.6898e-05   1.3986e-05   1.8452e-05   1.8257e-05   9.5173e-07   1.6402e-06   4.5231e-07   2.2732e-06   6.9493e-07   2.1469e-06
420.0  11.786600   1.6980e-05   1.4032e-05   1.8556e-05   1.8353e-05   9.6824e-07   1.6692e-06   4.6017e-07   2.3108e-06   7.0086e-07   2.1688e-06
430.0  11.792620   1.7061e-05   1.4079e-05   1.8657e-05   1.8448e-05   9.8418e-07   1.6973e-06   4.6802e-07   2.3478e-06   7.0694e-07   2.1905e-06
440.0  11.798671   1.7140e-05   1.4125e-05   1.8755e-05   1.8541e-05   9.9955e-07   1.7245e-06   4.7586e-07   2.3844e-06   7.1320e-07   2.2121e-06
450.0  11.804754   1.7219e-05   1.4171e-05   1.8853e-05   1.8632e-05   1.0143e-06   1.7507e-06   4.8367e-07   2.4203e-06   7.1964e-07   2.2335e-06
460.0  11.810867   1.7296e-05   1.4218e-05   1.8948e-05   1.8723e-05   1.0285e-06   1.7759e-06   4.9148e-07   2.4557e-06   7.2626e-07   2.2548e-06
470.0  11.817010   1.7373e-05   1.4265e-05   1.9042e-05   1.8812e-05   1.0420e-06   1.8001e-06   4.9927e-07   2.4905e-06   7.3310e-07   2.2760e-06
480.0  11.823184   1.7448e-05   1.4312e-05   1.9134e-05   1.8900e-05   1.0550e-06   1.8233e-06   5.0704e-07   2.5248e-06   7.4014e-07   2.2970e-06
490.0  11.829388   1.7524e-05   1.4360e-05   1.9224e-05   1.8988e-05   1.0672e-06   1.8455e-06   5.1480e-07   2.5584e-06   7.4741e-07   2.3180e-06
500.0  11.835622   1.7599e-05   1.4408e-05   1.9313e-05   1.9074e-05   1.0788e-06   1.8665e-06   5.2255e-07   2.5915e-06   7.5490e-07   2.3389e-06
510.0  11.841886   1.7673e-05   1.4457e-05   1.9401e-05   1.9160e-05   1.0897e-06   1.8865e-06   5.3029e-07   2.6239e-06   7.6264e-07   2.3596e-06
520.0  11.848179   1.7747e-05   1.4508e-05   1.9488e-05   1.9245e-05   1.1000e-06   1.9054e-06   5.3802e-07   2.6557e-06   7.7062e-07   2.3803e-06
530.0  11.854502   1.7821e-05   1.4559e-05   1.9573e-05   1.9330e-05   1.1095e-06   1.9231e-06   5.4573e-07   2.6868e-06   7.7886e-07   2.4009e-06
540.0  11.860854   1.7895e-05   1.4611e-05   1.9657e-05   1.9415e-05   1.1183e-06   1.9396e-06   5.5344e-07   2.7173e-06   7.8737e-07   2.4214e-06
550.0  11.867237   1.7968e-05   1.4665e-05   1.9740e-05   1.9498e-05   1.1263e-06   1.9549e-06   5.6113e-07   2.7472e-06   7.9615e-07   2.4419e-06
560.0  11.873648   1.8042e-05   1.4719e-05   1.9822e-05   1.9582e-05   1.1336e-06   1.9690e-06   5.6881e-07   2.7763e-06   8.0521e-07   2.4622e-06
570.0  11.880090   1.8115e-05   1.4775e-05   1.9903e-05   1.9665e-05   1.1401e-06   1.9819e-06   5.7647e-07   2.8048e-06   8.1457e-07   2.4825e-06
580.0  11.886561   1.8189e-05   1.4833e-05   1.9983e-05   1.9748e-05   1.1458e-06   1.9934e-06   5.8413e-07   2.8325e-06   8.2423e-07   2.5028e-06
590.0  11.893062   1.8262e-05   1.4892e-05   2.0061e-05   1.9831e-05   1.1507e-06   2.0036e-06   5.9177e-07   2.8595e-06   8.3419e-07   2.5230e-06
600.0  11.899593   1.8336e-05   1.4953e-05   2.0139e-05   1.9914e-05   1.1547e-06   2.0125e-06   5.9940e-07   2.8858e-06   8.4448e-07   2.5431e-06
610.0  11.906153   1.8410e-05   1.5015e-05   2.0216e-05   1.9996e-05   1.1579e-06   2.0200e-06   6.0702e-07   2.9113e-06   8.5509e-07   2.5631e-06
620.0  11.912744   1.8484e-05   1.5079e-05   2.0292e-05   2.0078e-05   1.1602e-06   2.0260e-06   6.1462e-07   2.9360e-06   8.6603e-07   2.5831e-06
630.0  11.919365   1.8558e-05   1.5145e-05   2.0367e-05   2.0161e-05   1.1616e-06   2.0306e-06   6.2221e-07   2.9599e-06   8.7732e-07   2.6031e-06
640.0  11.926016   1.8633e-05   1.5212e-05   2.0440e-05   2.0243e-05   1.1621e-06   2.0338e-06   6.2979e-07   2.9830e-06   8.8896e-07   2.6229e-06
650.0  11.932698   1.8708e-05   1.5282e-05   2.0513e-05   2.0325e-05   1.1616e-06   2.0354e-06   6.3735e-07   3.0052e-06   9.0097e-07   2.6428e-06
660.0  11.939410   1.8783e-05   1.5354e-05   2.0585e-05   2.0407e-05   1.1602e-06   2.0354e-06   6.4490e-07   3.0266e-06   9.1335e-07   2.6625e-06
670.0  11.946154   1.8859e-05   1.5428e-05   2.0657e-05   2.0490e-05   1.1578e-06   2.0338e-06   6.5243e-07   3.0471e-06   9.2611e-07   2.6823e-06
680.0  11.952928   1.8935e-05   1.5504e-05   2.0727e-05   2.0572e-05   1.1543e-06   2.0306e-06   6.5994e-07   3.0667e-06   9.3926e-07   2.7019e-06
690.0  11.959734   1.9012e-05   1.5582e-05   2.0796e-05   2.0655e-05   1.1499e-06   2.0257e-06   6.6744e-07   3.0854e-06   9.5281e-07   2.7215e-06
700.0  11.966571   1.9089e-05   1.5663e-05   2.0864e-05   2.0737e-05   1.1443e-06   2.0191e-06   6.7492e-07   3.1032e-06   9.6677e-07   2.7411e-06
710.0  11.973440   1.9167e-05   1.5746e-05   2.0932e-05   2.0820e-05   1.1377e-06   2.0108e-06   6.8238e-07   3.1199e-06   9.8115e-07   2.7606e-06
720.0  11.980341   1.9246e-05   1.5831e-05   2.0998e-05   2.0903e-05   1.1300e-06   2.0006e-06   6.8982e-07   3.1357e-06   9.9597e-07   2.7800e-06
730.0  11.987274   1.9325e-05   1.5919e-05   2.1064e-05   2.0986e-05   1.1211e-06   1.9886e-06   6.9725e-07   3.1504e-06   1.0112e-06   2.7994e-06
740.0  11.994240   1.9404e-05   1.6010e-05   2.1129e-05   2.1069e-05   1.1110e-06   1.9747e-06   7.0465e-07   3.1641e-06   1.0269e-06   2.8187e-06
750.0  12.001239   1.9484e-05   1.6103e-05   2.1192e-05   2.1153e-05   1.0998e-06   1.9588e-06   7.1203e-07   3.1767e-06   1.0431e-06   2.8380e-06
760.0  12.008270   1.9565e-05   1.6199e-05   2.1255e-05   2.1237e-05   1.0873e-06   1.9410e-06   7.1938e-07   3.1882e-06   1.0598e-06   2.8572e-06
770.0  12.015335   1.9647e-05   1.6298e-05   2.1317e-05   2.1321e-05   1.0735e-06   1.9211e-06   7.2672e-07   3.1986e-06   1.0769e-06   2.8764e-06
780.0  12.022434   1.9729e-05   1.6400e-05   2.1378e-05   2.1405e-05   1.0585e-06   1.8991e-06   7.3403e-07   3.2078e-06   1.0946e-06   2.8955e-06
790.0  12.029567   1.9812e-05   1.6505e-05   2.1437e-05   2.1490e-05   1.0421e-06   1.8750e-06   7.4130e-07   3.2157e-06   1.1127e-06   2.9145e-06
800.0  12.036734   1.9893e-05   1.6611e-05   2.1492e-05   2.1571e-05   1.0241e-06   1.8483e-06   7.4845e-07   3.2220e-06   1.1313e-06   2.9330e-06
810.0  12.043933   1.9967e-05   1.6712e-05   2.1539e-05   2.1644e-05   1.0047e-06   1.8189e-06   7.5514e-07   3.2256e-06   1.1495e-06   2.9499e-06
820.0  12.051162   2.0034e-05   1.6809e-05   2.1578e-05   2.1710e-05   9.8418e-07   1.7877e-06   7.6107e-07   3.2264e-06   1.1665e-06   2.9642e-06
830.0  12.058419   2.0100e-05   1.6905e-05   2.1616e-05   2.1773e-05   9.6314e-07   1.7551e-06   7.6634e-07   3.2251e-06   1.1822e-06   2.9763e-06
840.0  12.065704   2.0166e-05   1.7001e-05   2.1655e-05   2.1836e-05   9.4158e-07   1.7214e-06   7.7102e-07   3.2219e-06   1.1969e-06   2.9866e-06
850.0  12.073018   2.0232e-05   1.7097e-05   2.1695e-05   2.1898e-05   9.1951e-07   1.6865e-06   7.7510e-07   3.2168e-06   1.2104e-06   2.9950e-06
860.0  12.080360   2.0299e-05   1.7195e-05   2.1736e-05   2.1961e-05   8.9691e-07   1.6504e-06   7.7856e-07   3.2098e-06   1.2227e-06   3.0015e-06
870.0  12.087731   2.0366e-05   1.7293e-05   2.1778e-05   2.2023e-05   8.7378e-07   1.6131e-06   7.8139e-07   3.2009e-06   1.2339e-06   3.0060e-06
880.0  12.095131   2.0434e-05   1.7392e-05   2.1821e-05   2.2085e-05   8.5010e-07   1.5746e-06   7.8358e-07   3.1899e-06   1.2438e-06   3.0084e-06
890.0  12.102561   2.0503e-05   1.7491e-05   2.1865e-05   2.2147e-05   8.2587e-07   1.5348e-06   7.8511e-07   3.1769e-06   1.2525e-06   3.0088e-06
900.0  12.110020   2.0572e-05   1.7591e-05   2.1911e-05   2.2208e-05   8.0108e-07   1.4937e-06   7.8596e-07   3.1619e-06   1.2599e-06   3.0071e-06
910.0  12.117508   2.0642e-05   1.7692e-05   2.1958e-05   2.2269e-05   7.7572e-07   1.4513e-06   7.8612e-07   3.1446e-06   1.2660e-06   3.0032e-06
920.0  12.125027   2.0712e-05   1.7794e-05   2.2005e-05   2.2330e-05   7.4977e-07   1.4076e-06   7.8558e-07   3.1252e-06   1.2708e-06   2.9971e-06
930.0  12.132576   2.0782e-05   1.7896e-05   2.2054e-05   2.2391e-05   7.2322e-07   1.3625e-06   7.8432e-07   3.1036e-06   1.2742e-06   2.9887e-06
940.0  12.140156   2.0854e-05   1.7999e-05   2.2105e-05   2.2452e-05   6.9607e-07   1.3160e-06   7.8232e-07   3.0797e-06   1.2762e-06   2.9780e-06
950.0  12.147767   2.0926e-05   1.8103e-05   2.2157e-05   2.2512e-05   6.6830e-07   1.2680e-06   7.7957e-07   3.0535e-06   1.2768e-06   2.9649e-06
960.0  12.155408   2.0998e-05   1.8208e-05   2.2210e-05   2.2572e-05   6.3990e-07   1.2187e-06   7.7604e-07   3.0249e-06   1.2759e-06   2.9495e-06
970.0  12.163081   2.1072e-05   1.8313e-05   2.2264e-05   2.2632e-05   6.1086e-07   1.1678e-06   7.7172e-07   2.9938e-06   1.2735e-06   2.9315e-06
980.0  12.170786   2.1146e-05   1.8420e-05   2.2320e-05   2.2692e-05   5.8116e-07   1.1154e-06   7.6660e-07   2.9603e-06   1.2695e-06   2.9110e-06
990.0  12.178523   2.1220e-05   1.8527e-05   2.2377e-05   2.2752e-05   5.5079e-07   1.0615e-06   7.6064e-07   2.9242e-06   1.2640e-06   2.8879e-06
1000.0  12.186292   2.1296e-05   1.8635e-05   2.2436e-05   2.2811e-05   5.1974e-07   1.0060e-06   7.5385e-07   2.8855e-06   1.2569e-06   2.8621e-06
1010.0  12.194094   2.1372e-05   1.8744e-05   2.2497e-05   2.2870e-05   4.8800e-07   9.4891e-07   7.4618e-07   2.8441e-06   1.2482e-06   2.8336e-06
1020.0  12.201929   2.1449e-05   1.8854e-05   2.2559e-05   2.2929e-05   4.5554e-07   8.9016e-07   7.3763e-07   2.8000e-06   1.2377e-06   2.8023e-06
1030.0  12.209797   2.1526e-05   1.8965e-05   2.2623e-05   2.2987e-05   4.2236e-07   8.2974e-07   7.2816e-07   2.7531e-06   1.2255e-06   2.7682e-06
1040.0  12.217699   2.1605e-05   1.9076e-05   2.2688e-05   2.3046e-05   3.8844e-07   7.6759e-07   7.1777e-07   2.7034e-06   1.2116e-06   2.7312e-06
1050.0  12.225635   2.1684e-05   1.9189e-05   2.2755e-05   2.3104e-05   3.5377e-07   7.0370e-07   7.0643e-07   2.6507e-06   1.1958e-06   2.6911e-06
1060.0  12.233605   2.1764e-05   1.9303e-05   2.2824e-05   2.3161e-05   3.1833e-07   6.3801e-07   6.9411e-07   2.5951e-06   1.1782e-06   2.6481e-06
1070.0  12.241610   2.1845e-05   1.9417e-05   2.2894e-05   2.3219e-05   2.8210e-07   5.7049e-07   6.8080e-07   2.5364e-06   1.1587e-06   2.6018e-06
1080.0  12.249651   2.1927e-05   1.9533e-05   2.2967e-05   2.3276e-05   2.4506e-07   5.0109e-07   6.6646e-07   2.4745e-06   1.1372e-06   2.5524e-06
1090.0  12.257726   2.2009e-05   1.9650e-05   2.3041e-05   2.3333e-05   2.0720e-07   4.2979e-07   6.5107e-07   2.4095e-06   1.1138e-06   2.4997e-06
1100.0  12.265838   2.2093e-05   1.9768e-05   2.3117e-05   2.3390e-05   1.6850e-07   3.5652e-07   6.3461e-07   2.3412e-06   1.0883e-06   2.4436e-06
1110.0  12.273986   2.2177e-05   1.9887e-05   2.3196e-05   2.3446e-05   1.2895e-07   2.8125e-07   6.1705e-07   2.2695e-06   1.0606e-06   2.3841e-06
1120.0  12.282170   2.2263e-05   2.0007e-05   2.3276e-05   2.3502e-05   8.8516e-08   2.0394e-07   5.9837e-07   2.1943e-06   1.0309e-06   2.3210e-06
1130.0  12.290392   2.2349e-05   2.0128e-05   2.3358e-05   2.3558e-05   4.7186e-08   1.2453e-07   5.7853e-07   2.1157e-06   9.9892e-07   2.2543e-06
1140.0  12.298651   2.2436e-05   2.0250e-05   2.3443e-05   2.3613e-05   4.9392e-09   4.2970e-08   5.5750e-07   2.0334e-06   9.6469e-07   2.1839e-06
1150.0  12.306948   2.2525e-05   2.0374e-05   2.3530e-05   2.3668e-05  -3.8246e-08  -4.0781e-08   5.3526e-07   1.9474e-06   9.2815e-07   2.1097e-06
1160.0  12.315284   2.2614e-05   2.0499e-05   2.3619e-05   2.3723e-05  -8.2390e-08  -1.2678e-07   5.1178e-07   1.8576e-06   8.8923e-07   2.0316e-06
1170.0  12.323658   2.2705e-05   2.0624e-05   2.3710e-05   2.3778e-05  -1.2752e-07  -2.1508e-07   4.8702e-07   1.7639e-06   8.4786e-07   1.9494e-06
1180.0  12.332072   2.2796e-05   2.0752e-05   2.3804e-05   2.3832e-05  -1.7365e-07  -3.0573e-07   4.6095e-07   1.6662e-06   8.0400e-07   1.8632e-06
1190.0  12.340526   2.2889e-05   2.0880e-05   2.3900e-05   2.3885e-05  -2.2081e-07  -3.9880e-07   4.3354e-07   1.5644e-06   7.5757e-07   1.7728e-06
1200.0  12.349020   2.2982e-05   2.1010e-05   2.3998e-05   2.3939e-05  -2.6902e-07  -4.9434e-07   4.0475e-07   1.4584e-06   7.0851e-07   1.6780e-06
1210.0  12.357555   2.3077e-05   2.1141e-05   2.4099e-05   2.3991e-05  -3.1831e-07  -5.9241e-07   3.7454e-07   1.3481e-06   6.5674e-07   1.5788e-06
1220.0  12.366131   2.3174e-05   2.1274e-05   2.4203e-05   2.4044e-05  -3.6870e-07  -6.9307e-07   3.4289e-07   1.2334e-06   6.0220e-07   1.4751e-06
1230.0  12.374749   2.3271e-05   2.1407e-05   2.4310e-05   2.4096e-05  -4.2022e-07  -7.9640e-07   3.0975e-07   1.1142e-06   5.4481e-07   1.3667e-06
1240.0  12.383409   2.3369e-05   2.1543e-05   2.4419e-05   2.4148e-05  -4.7291e-07  -9.0245e-07   2.7507e-07   9.9026e-07   4.8450e-07   1.2535e-06
1250.0  12.392113   2.3469e-05   2.1680e-05   2.4531e-05   2.4199e-05  -5.2678e-07  -1.0113e-06   2.3883e-07   8.6158e-07   4.2118e-07   1.1354e-06
1260.0  12.400860   2.3570e-05   2.1818e-05   2.4646e-05   2.4249e-05  -5.8186e-07  -1.1230e-06   2.0097e-07   7.2799e-07   3.5477e-07   1.0122e-06
1270.0  12.409651   2.3673e-05   2.1958e-05   2.4764e-05   2.4300e-05  -6.3820e-07  -1.2377e-06   1.6145e-07   5.8937e-07   2.8520e-07   8.8381e-07
1280.0  12.418486   2.3777e-05   2.2099e-05   2.4885e-05   2.4349e-05  -6.9581e-07  -1.3554e-06   1.2024e-07   4.4557e-07   2.1236e-07   7.5011e-07
1290.0  12.427367   2.3882e-05   2.2242e-05   2.5009e-05   2.4399e-05  -7.5473e-07  -1.4761e-06   7.7272e-08   2.9645e-07   1.3618e-07   6.1094e-07
1300.0  12.436294   2.3989e-05   2.2386e-05   2.5136e-05   2.4447e-05  -8.1501e-07  -1.6001e-06   3.2507e-08   1.4187e-07   5.6555e-08   4.6613e-07
1310.0  12.445267   2.4097e-05   2.2532e-05   2.5267e-05   2.4495e-05  -8.7666e-07  -1.7273e-06  -1.4107e-08  -1.8317e-08  -2.6607e-08   3.1553e-07
1320.0  12.454287   2.4206e-05   2.2680e-05   2.5401e-05   2.4543e-05  -9.3973e-07  -1.8579e-06  -6.2621e-08  -1.8428e-07  -1.1341e-07   1.5899e-07
1330.0  12.463356   2.4318e-05   2.2830e-05   2.5539e-05   2.4590e-05  -1.0043e-06  -1.9919e-06  -1.1309e-07  -3.5617e-07  -2.0395e-07  -3.6732e-09
1340.0  12.472472   2.4431e-05   2.2981e-05   2.5680e-05   2.4636e-05  -1.0703e-06  -2.1294e-06  -1.6557e-07  -5.3417e-07  -2.9835e-07  -1.7263e-07
1350.0  12.481638   2.4545e-05   2.3135e-05   2.5825e-05   2.4682e-05  -1.1378e-06  -2.2706e-06  -2.2012e-07  -7.1845e-07  -3.9670e-07  -3.4806e-07
1360.0  12.490854   2.4661e-05   2.3290e-05   2.5974e-05   2.4727e-05  -1.2070e-06  -2.4156e-06  -2.7680e-07  -9.0918e-07  -4.9914e-07  -5.3015e-07
1370.0  12.500121   2.4779e-05   2.3447e-05   2.6126e-05   2.4771e-05  -1.2777e-06  -2.5643e-06  -3.3568e-07  -1.1066e-06  -6.0577e-07  -7.1910e-07
1380.0  12.509439   2.4898e-05   2.3606e-05   2.6283e-05   2.4815e-05  -1.3501e-06  -2.7170e-06  -3.9681e-07  -1.3108e-06  -7.1673e-07  -9.1511e-07
1390.0  12.518809   2.5020e-05   2.3767e-05   2.6444e-05   2.4858e-05  -1.4243e-06  -2.8738e-06  -4.6027e-07  -1.5220e-06  -8.3214e-07  -1.1184e-06
1400.0  12.528232   2.5143e-05   2.3930e-05   2.6609e-05   2.4900e-05  -1.5002e-06  -3.0348e-06  -5.2612e-07  -1.7406e-06  -9.5214e-07  -1.3291e-06
1410.0  12.537709   2.5268e-05   2.4095e-05   2.6779e-05   2.4941e-05  -1.5779e-06  -3.2001e-06  -5.9445e-07  -1.9666e-06  -1.0769e-06  -1.5476e-06
1420.0  12.547241   2.5395e-05   2.4262e-05   2.6953e-05   2.4982e-05  -1.6574e-06  -3.3698e-06  -6.6532e-07  -2.2003e-06  -1.2065e-06  -1.7740e-06
1430.0  12.556828   2.5525e-05   2.4431e-05   2.7131e-05   2.5022e-05  -1.7389e-06  -3.5441e-06  -7.3881e-07  -2.4419e-06  -1.3411e-06  -2.0087e-06
1440.0  12.566472   2.5656e-05   2.4603e-05   2.7315e-05   2.5060e-05  -1.8224e-06  -3.7231e-06  -8.1501e-07  -2.6917e-06  -1.4809e-06  -2.2517e-06
1450.0  12.576173   2.5789e-05   2.4777e-05   2.7503e-05   2.5098e-05  -1.9079e-06  -3.9069e-06  -8.9400e-07  -2.9500e-06  -1.6260e-06  -2.5035e-06
1460.0  12.585932   2.5925e-05   2.4954e-05   2.7697e-05   2.5135e-05  -1.9955e-06  -4.0957e-06  -9.7588e-07  -3.2170e-06  -1.7767e-06  -2.7642e-06
1470.0  12.595750   2.6062e-05   2.5133e-05   2.7896e-05   2.5171e-05  -2.0853e-06  -4.2897e-06  -1.0607e-06  -3.4929e-06  -1.9330e-06  -3.0342e-06
1480.0  12.605628   2.6202e-05   2.5313e-05   2.8099e-05   2.5205e-05  -2.1773e-06  -4.4890e-06  -1.1487e-06  -3.7783e-06  -2.0953e-06  -3.3140e-06
1490.0  12.615566   2.6332e-05   2.5485e-05   2.8295e-05   2.5227e-05  -2.2701e-06  -4.6907e-06  -1.2387e-06  -4.0698e-06  -2.2617e-06  -3.6004e-06
1500.0  12.625558   2.6447e-05   2.5641e-05   2.8477e-05   2.5238e-05  -2.3604e-06  -4.8874e-06  -1.3272e-06  -4.3556e-06  -2.4256e-06  -3.8820e-06
1510.0  12.635601   2.6560e-05   2.5790e-05   2.8654e-05   2.5249e-05  -2.4471e-06  -5.0766e-06  -1.4125e-06  -4.6303e-06  -2.5838e-06  -4.1532e-06
1520.0  12.645694   2.6675e-05   2.5938e-05   2.8833e-05   2.5265e-05  -2.5308e-06  -5.2596e-06  -1.4948e-06  -4.8951e-06  -2.7372e-06  -4.4152e-06
1530.0  12.655840   2.6791e-05   2.6083e-05   2.9013e-05   2.5288e-05  -2.6114e-06  -5.4359e-06  -1.5741e-06  -5.1494e-06  -2.8852e-06  -4.6676e-06
1540.0  12.666038   2.6908e-05   2.6227e-05   2.9195e-05   2.5316e-05  -2.6886e-06  -5.6053e-06  -1.6503e-06  -5.3930e-06  -3.0279e-06  -4.9099e-06
1550.0  12.676290   2.7028e-05   2.6368e-05   2.9377e-05   2.5349e-05  -2.7625e-06  -5.7677e-06  -1.7232e-06  -5.6254e-06  -3.1650e-06  -5.1419e-06
1560.0  12.686595   2.7149e-05   2.6508e-05   2.9561e-05   2.5389e-05  -2.8328e-06  -5.9228e-06  -1.7927e-06  -5.8464e-06  -3.2964e-06  -5.3632e-06
1570.0  12.696956   2.7272e-05   2.6644e-05   2.9746e-05   2.5435e-05  -2.8995e-06  -6.0704e-06  -1.8588e-06  -6.0555e-06  -3.4218e-06  -5.5735e-06
1580.0  12.707372   2.7396e-05   2.6779e-05   2.9932e-05   2.5487e-05  -2.9625e-06  -6.2101e-06  -1.9213e-06  -6.2523e-06  -3.5411e-06  -5.7724e-06
1590.0  12.717844   2.7523e-05   2.6911e-05   3.0119e-05   2.5546e-05  -3.0216e-06  -6.3417e-06  -1.9801e-06  -6.4364e-06  -3.6541e-06  -5.9595e-06
1600.0  12.728374   2.7651e-05   2.7040e-05   3.0308e-05   2.5612e-05  -3.0767e-06  -6.4651e-06  -2.0351e-06  -6.6076e-06  -3.7605e-06  -6.1346e-06
