#Found quasiharmonic mode : None
#T(K), volume, F(eV), S(J/K), H(J/K), a(-6/K), Cp(J/mol), Cv, Cpion, Bt(GPa), T_ph-D(K), T-D(K), F_el_atom, S_el_atom, C_el_atom, M_el, Seebeck_coefficients(10**-6 V/K), Lorenz_number(WOK^{-2}), Q_el, Q_p, Q_e, C_mu, W_p, W_e, Y_p, Y_e
0.0 11.606755062940325 -5.508327150328462 0.0 -531472.7745250548 0.0 0.0 0.0 0.0 168.39113411955555 400.0 400.0 0.0 0.0 0.0 0.0 0.0 2.443004551768e-08 0.0 0.0 0.0 0.0 0.0 0.0 0.0 0.0 0.0 0
10.0 11.606757459764209 -5.508328637117926 0.029895997649467147 -531472.6190184535 -2.832744371417895e-09 0.04155035423990367 0.041550353389866485 0.017381056169779304 168.39098348643344 481.7883081413112 400.0 -1.2556007568994064e-06 0.024218437688875674 0.02416929807012437 -1.05444662888382e-06 -0.12367550368777225 2.437345781323458e-08 0.000885642572031701 0.0004426462938103374 0.0004429521318725871 0.024169284947371465 0.00044239818813548597 0.00044324438389621514 0.0006139521659896634 0.0006139521660833035 1320.0689634643597 -0.00042062148789417345
20.0 11.606797167182474 -5.508336334149576 0.10058207838124143 -531471.6489875176 2.9419455610054935e-07 0.22823197552493396 0.22821363898181501 0.18020632070685896 168.3884880006504 441.91216013917267 400.0 -5.0154700866435915e-06 0.04830972863387163 0.048025654818075025 -1.1867184362182126e-06 0.12307523285191865 2.4264362918514128e-08 0.0017677302544541996 0.0008838561325619522 0.0008838299755479092 0.04802556385812896 0.0008835828880792024 0.0008841473663749971 0.0012259757528241726 0.001225975752897967 4.938561383280206 5.765085531116207
30.0 11.607021716994007 -5.508364281753533 0.2974999282630605 -531467.432165087 1.1027786547763592e-06 0.8998363809556439 0.8994499355365374 0.8281946545109761 168.37437524452488 398.36700883150274 400.0 -1.1264326847513914e-05 0.07225257078714424 0.07164172644466785 1.7863277161128863e-06 0.48951793098920043 2.4190313534383148e-08 0.0026450637189169793 0.001323349439840709 0.0013216701329678328 0.07164255532903105 0.0013238536717132348 0.0013212100472037446 0.001835254890024219 0.0018352548900898533 5.03770220912983 4.703569590684338
40.0 11.60761920951452 -5.508437101935888 0.7274532177196958 -531454.2851137057 2.376858939447198e-06 2.2626000304551446 2.260206811184462 2.1673509862628113 168.3368201204731 381.12608575720935 400.0 -1.9988922096926127e-05 0.09609363481541036 0.09524904419233331 8.981220752563448e-06 0.9638040334924695 2.4178031147103603e-08 0.003518449211517673 0.001761726068327209 0.001756678997849887 0.09525386602134008 0.0017640952938420315 0.001754353917675641 0.002442128287323669 0.0024421282875023327 5.6813894500981466 3.8756844295611774
50.0 11.608696540728225 -5.50858139178424 1.4249682107948918 -531426.0566858145 3.818146467691864e-06 4.117178849663162 4.109461709344289 3.9980968989306875 168.269092923008 377.10644703836334 400.0 -3.118259420004257e-05 0.11990530491708139 0.11908195073247398 2.1332822705417496e-05 1.5082066799048077 2.4229240142830284e-08 0.004389527142921909 0.0021999912172693233 0.002189491781797668 0.11909593675385167 0.0022055502954980754 0.0021839768474238323 0.0030474199658047287 0.003047419966063181 6.089648413386647 3.3767454612225007
60.0 11.610276309721563 -5.508819821260718 2.354642782224814 -531379.031476646 5.238939266595681e-06 6.161348512873548 6.143921545096026 6.018093290028091 168.16975164343432 377.9205054024725 400.0 -4.484633394206292e-05 0.1437543871445259 0.143255222845458 3.925265909168293e-05 2.0607581659281853 2.4323110968008526e-08 0.00526020822773524 0.002639149311019231 0.002621014775127529 0.14328456652939084 0.0026493263398369216 0.0026108818878983185 0.0036521236880291325 0.003652123688442607 6.176916676549148 3.0796863032325352
70.0 11.61233301274311 -5.509169387415744 3.4563440416551194 -531312.0939672291 6.546605914010753e-06 8.181713902211012 8.149984860335964 8.013937458543346 168.04036927579563 380.44641615837594 400.0 -6.0987232391572536e-05 0.16768652127238032 0.16777644366766548 6.256469171356551e-05 2.56786552399403 2.4435913599327403e-08 0.006132167321311837 0.003079935631547531 0.0030521875512030945 0.16782680081518078 0.0030961118327325035 0.0030360554885793334 0.004257143493813556 0.00425714349344316 6.061140230288803 2.891334920899216
80.0 11.61482097706531 -5.509641754435991 4.672496749257769 -531225.8147990356 7.710470113129015e-06 10.066834597322385 10.0165695171824 9.87423803787524 167.8837819183068 383.4722760819563 400.0 -7.96161621417302e-05 0.19172614484385958 0.19259655944714482 9.066547705298333e-05 2.997025162652561 2.4550003555956913e-08 0.007006619897525819 0.003522755112307171 0.003483820650380469 0.19267181646174636 0.003546155937059363 0.0034604639604664577 0.004863175803747549 0.004863175803403528 5.83815787841393 2.7649489750564444
90.0 11.617689598807607 -5.510244260552797 5.957024762500585 -531121.6153131354 8.72930177369232e-06 11.772346497767007 11.699926937332885 11.554699442523244 167.7031343447302 386.49454712298495 400.0 -0.00010074578341604526 0.21588188961687443 0.2176470552437628 0.00012273441730304812 3.3362049591586453 2.4654743192487842e-08 0.007884313873580127 0.003967739218522688 0.003916530524555297 0.21774887430010195 0.003999379325989553 0.0038849345475905728 0.005470695015895343 0.0054706950154940715 5.5681704210484595 2.67598998813419
100.0 11.620890427474201 -5.510980968338386 7.2758855952709816 -531001.2404776014 9.614756966251828e-06 13.290298531172546 13.192770832307497 13.047438227567277 167.50143701288442 389.3031864672854 400.0 -0.00012438914743953064 0.24015222864439198 0.24286030360526822 0.00015790822584783382 3.5883119312528433 2.4744901124749794e-08 0.008765615238348397 0.004414835907059262 0.0043507352056535485 0.24298839733394675 0.0044555087390599135 0.004310106499288485 0.006079985536345584 0.00607998553669796 5.284539593237504 2.6109685685757955
110.0 11.62437995502873 -5.511853552233283 8.604973588327255 -530866.4734893142 1.038276066266984e-05 14.6302619397272 14.505285193497453 14.362082907424153 167.28139199375937 391.8202456238758 400.0 -0.00015055883868302956 0.264529895609035 0.2681790323030449 0.00019539676720727498 3.7652059057924765 2.4818840631334046e-08 0.009650613478705375 0.004863891007408026 0.004786678350986769 0.2683318548818338 0.0049141878995092635 0.004736425579196114 0.006691186367912057 0.006691186368118219 5.00477707253401 2.5620093318337034
120.0 11.628120337518759 -5.512861988604872 9.927689531972982 -530718.997158428 1.1049623140696062e-05 15.809066293813228 15.65482044178761 15.515506595631901 167.0453481646949 394.0295925450193 400.0 -0.00017926652067708592 0.28900496998778463 0.2935596981813253 0.0002345459751998499 3.882947305294347 2.4877099313704747e-08 0.010539215514219583 0.005314708484683533 0.005224462914951588 0.29373523234959903 0.005375053758441186 0.005164161755778395 0.00730433334194277 0.0073043333420017625 4.737495130261995 2.5242749986015554
130.0 11.632079195457663 -5.514005071588201 11.232881808138815 -530560.3360084939 1.1630379697208491e-05 16.84557668456357 16.660664407691705 16.526604061546294 166.79531388685405 395.9437458083573 400.0 -0.0002105227573139514 0.3135668827506794 0.3189726230172782 0.0002748621346823137 3.9585823290545403 2.492140050950655e-08 0.011431219336109267 0.005767090026105116 0.005664085201504715 0.3191690590780896 0.005837782186732174 0.005593437149377092 0.007919393995150821 0.0079193939951042 4.486475617673928 2.4946534926575903
140.0 11.636229052956365 -5.5152807909657104 12.513275183492517 -530391.840325694 1.2138228347746276e-05 17.758189353249307 17.541546383248473 17.413788859607514 166.5329921673701 397.587477496097 400.0 -0.0002443370094837926 0.33820563150988 0.3444004936417944 0.0003160115844016244 4.008227704277185 2.4954003725586323e-08 0.012326367806884436 0.006220858435523179 0.006105465269276921 0.3446167218319435 0.006302111205688707 0.006024256601195729 0.008536294382602137 0.008536294382489323 4.252917771897823 2.471061939953874
150.0 11.640546678819272 -5.516686605873072 13.76432356684254 -530214.6908345926 1.2584461974671313e-05 18.563740262488622 18.314559411978305 18.193904129221103 166.2598217745723 398.9895752902606 400.0 -0.00028071773453082184 0.3629124443615844 0.3698361332675191 0.00035780668984217856 4.046088971787199 2.4977295720173925e-08 0.013224385992141945 0.006675869626921552 0.0065484722698630924 0.3700720556678738 0.006767849324773354 0.00645653666736859 0.00915493872396324 0.009154938724008539 4.0366728124412825 2.4520579608939346
160.0 11.645012446734803 -5.518219641618333 14.983388801559359 -530029.9126244028 1.2978612518258334e-05 19.27712976409136 18.99479923611921 18.881849690515047 165.97701721467075 400.1787663540214 400.0 -0.00031967253825958665 0.38768007290991574 0.3952800735763142 0.00040018547427412627 4.084083358396359 2.4993546237700338e-08 0.014125005763082399 0.007132017112344934 0.006992944562408954 0.39553678181458574 0.0072348747700953595 0.006890130992987036 0.009775223207432572 0.009775223207508113 3.836918819286208 2.436613350357928
170.0 11.649609761093123 -5.519876830379741 16.16915791764454 -529838.3923946827 1.3328669050666192e-05 19.911297901329036 19.59535248678196 19.490559662097677 165.68560450112432 401.1818157605405 400.0 -0.00036120834619739515 0.41250284583777486 0.42073823923135945 0.0004431894918729011 4.131820954804539 2.5004774506440296e-08 0.015027980938111854 0.0075892318230986544 0.007438705034010516 0.4210181129067121 0.00770312961194508 0.007324851326166775 0.010397045249155627 0.01039704524926216 3.6525298445460788 2.4239768080557638
180.0 11.654324561654409 -5.521655011151142 17.32123098134799 -529640.8960263376 1.3641306667150545e-05 20.47736031268227 20.127443426818537 20.031140394761827 165.38645201237418 402.02276586162316 400.0 -0.0004053315729331234 0.4373765767593737 0.4462199179204398 0.0004869425302384588 4.196777472030034 2.5012688990749246e-08 0.01593309559144488 0.008047479220589175 0.007885572297474665 0.4465266907782432 0.008172611406205932 0.007760484185238946 0.0110203093329992 0.011020309333132878 3.4822764899075196 2.4135876508118224
190.0 11.65914490530878 -5.523551000160519 18.439829872838686 -529438.0850564066 1.3922098784529825e-05 20.984806935214934 20.60064142237305 20.51307083986915 165.08029651714105 402.7227652910279 400.0 -0.00045204827722370507 0.46229839191124056 0.4717360953457816 0.000531631437319579 4.284553550393833 2.5018674234544594e-08 0.0168401675652559 0.008506754995563736 0.008333368504229378 0.47207492238463533 0.008643363976589385 0.00819680358866651 0.011644930346275648 0.01164493034642878 3.324932999570807 2.4050197717266477
200.0 11.664060617093083 -5.525561639913635 19.525592539424185 -529230.5314687141 1.4175703084203132e-05 21.441714325788997 21.02308018608026 20.94441615429704 164.76776490511978 403.3001875326169 400.0 -0.0005013642964070233 0.4872665222947578 0.4972981714919545 0.0005774895737863863 4.39915864092181 2.5023806515020352e-08 0.017749048731600988 0.008967080194488606 0.008781924479866194 0.49767571637429386 0.009115468302015895 0.008633580429585093 0.012270835135750393 0.012270835135923648 3.1793320733886463 2.397944191616834
210.0 11.669063000863844 -5.5276838327717925 20.579427687102733 -529018.7306450494 1.4406019414117148e-05 21.85494806775152 21.40166556479819 21.332031033127475 164.44939221729584 403.7708806135872 400.0 -0.0005532853578372682 0.512280089451156 0.522917034624046 0.0006247829429891223 4.5432855476533325 2.502888563342912e-08 0.01865962315864951 0.009428496296709936 0.009231082813210294 0.5233415855958179 0.009589034044061067 0.009070589114588436 0.012897962841886582 0.012897962842073866 3.044390409777511 2.392103390249071
220.0 11.674144600125802 -5.529914563348255 21.60241228832742 -528803.1125364491 1.4616321496110396e-05 22.230345195918506 21.742262109628545 21.681742748721092 164.12563639866187 404.1484611615969 400.0 -0.0006078171675687286 0.5373389028544748 0.5486024471974166 0.0006737988169467165 4.718559081615879 2.5034474231430633e-08 0.019571804027798408 0.009891060554371105 0.00968069943351701 0.5490840618448681 0.010064191979359767 0.009507612048438637 0.013526264432325345 0.013526264432521706 2.9191179841146817 2.3872933023270724
230.0 11.67929900047851 -5.532250912834078 22.59571949809863 -528584.0512114066 1.4809365755138084e-05 22.572873532775883 22.04985557973309 21.9985108444847 163.79689067994954 404.4446032883005 400.0 -0.000664965477963879 0.5624432789730767 0.5743626882911845 0.0007248365731127468 4.925752489406783 2.5040938974853987e-08 0.020485529908810966 0.010354841766712907 0.010130644111310112 0.5749133625705385 0.010541087449729118 0.009944442459081848 0.014155701745627308 0.014155701745825377 2.8026183944298144 2.38335045162865
240.0 11.68452066634344 -5.5346900675157205 23.560568221004516 -528361.8729724784 1.4987480740560462e-05 22.886768270424717 22.328691934581215 22.286563874324052 163.4634937086754 404.66932070447155 400.0 -0.000724736136986196 0.5875938865948731 0.6002043961006677 0.0007782004275124518 5.164970980363464 2.5048490074164184e-08 0.02140076081614041 0.010819916568653812 0.010580800226125047 0.6008382505262931 0.011019874769898736 0.010380886046241669 0.014786246269563536 0.014786246269761797 2.694084538741524 2.3801425905422953
250.0 11.68980480580629 -5.5372293231329754 24.49818812730666 -528136.8632352613 1.5152640378584524e-05 23.17564770581875 22.582394899316636 22.54951514769303 163.1257378955046 404.8312008677651 400.0 -0.000787135121818924 0.6127916194093024 0.6261325581257252 0.000834193759844916 5.435804556511548 2.5057217115207946e-08 0.02231747433025822 0.011286366255010434 0.011031064063616761 0.6268660331199546 0.011500712605012967 0.010816761725245256 0.015417877811296261 0.015417877811488382 2.592792062044696 2.377561779535333
260.0 11.695147258475998 -5.539866086280202 25.409795709222607 -527909.2723506719 1.5306523943395924e-05 23.442610624334403 22.814064734396243 22.790460020804996 162.78387639503194 404.9376218373007 400.0 -0.0008521685597943898 0.638037494591705 0.6521506035294081 0.0008931147550441734 5.7374535988425714 2.5067120209509243e-08 0.023235661964108954 0.011754274125561872 0.011481343836950103 0.6530026561452654 0.011983760210094983 0.011251901754013973 0.016050583165856256 0.0160505831660417 2.4980919425221453 2.3755192014716324
270.0 11.700544402195094 -5.542597873729584 26.296578231168844 -527679.3205319891 1.5450565222836176e-05 23.69031790785689 23.026360888202408 23.012057347796226 162.43812895010075 404.9949335711408 400.0 -0.000919842739391929 0.6633325748544874 0.678260560060664 0.0009552531212172292 6.068831002713237 2.5078136162531036e-08 0.024155325879230437 0.012223723315169932 0.011931558572799919 0.6792528551425762 0.012469174423216196 0.011686151456014246 0.016684354851498374 0.016684354851672935 2.4094029742365444 2.3739412334332375
280.0 11.705993075210861 -5.545422310318435 27.159683320502754 -527447.2020269912 1.5585992838508873e-05 23.921060771364626 23.2215710229525 23.216597525505872 162.0886866060895 405.0086130051059 400.0 -0.0009901641134333955 0.688677910815104 0.7044632458587525 0.0010208876800325713 6.428644520474081 2.5090159795249617e-08 0.025076476002294724 0.012694795062107068 0.012381636959564048 0.7056203358855329 0.012957107325878842 0.012119368676415884 0.01731918995274658 0.017319189952908803 2.3262045883576907 2.372766428121302
290.0 11.711490511026673 -5.548337125869547 28.000212579301255 -527213.0886552521 1.5713863372394814e-05 24.13681777387948 23.401668620694668 23.406059300113004 161.73571590138036 404.9833952974505 400.0 -0.001063139296773131 0.7140745003603933 0.7307584737664725 0.001090284658786953 6.8154626162267125 2.5103060812290107e-08 0.025999127555663814 0.013167567363276008 0.012831516222699487 0.7321079629077154 0.013447704620846138 0.012551422934817676 0.01795508909221816 0.017955089092368356 2.248030199563643 2.3719431744451653
300.0 11.717034283697002 -5.5513401514862775 28.8192180502404 -526977.1328121725 1.5835088707096644e-05 24.339302461378246 23.56836107071844 23.582157209231905 161.37936211976347 404.92338455368844 400.0 -0.0011387750599961687 0.7395232617995531 0.7571452521463384 0.0011636965428176492 7.227766708527746 2.511669674333356e-08 0.026923298990948467 0.013642113964664849 0.013281141067826137 0.7587179413182247 0.013941104115824058 0.012982194875124404 0.01859205553857049 0.0185920555387046 2.1744611568702124 2.371427869271575
310.0 11.722622261745798 -5.554429315470729 29.617700693845748 -526739.4700251655 1.595045859999424e-05 24.530003212235062 23.723129848199292 23.746381240740245 161.01975224900323 404.8321471009616 400.0 -0.001217078320533889 0.7650250178749902 0.7836219714948159 0.0012413613720443615 7.663992247030461 2.513092253421673e-08 0.027849010299126016 0.01411850363757914 0.013730462714612559 0.7854519823415429 0.014437434813347824 0.013411575485778194 0.01923009444873217 0.01923009444885548 2.1051213181424884 2.3711834746239107
320.0 11.728252569210527 -5.557602639044371 30.396610267626244 -526500.2211335443 1.6060659394685466e-05 24.710216606340122 23.867264132076965 23.900030035953204 160.65699734085067 404.71278990637893 400.0 -0.001298056132292656 0.7905804880604842 0.8101865703869204 0.0013235023864437642 8.122560674221587 2.5145597359574198e-08 0.028776281661964703 0.014596799694849318 0.014179438031992902 0.8123114470968767 0.014936816396008773 0.013839465265955933 0.019869212236786348 0.019869212236896795 2.039672227269173 2.371178367988006
330.0 11.733923552608797 -5.560858231999726 31.156846166227083 -526259.4941518746 1.6166289574342136e-05 24.881075418907496 24.001888983057597 24.04423874136828 160.29119460670236 404.56802729745664 400.0 -0.0013817156744887248 0.8161902869663947 0.8368366775392178 0.0014103279430327346 8.60190397724549 2.5160589191200387e-08 0.029705132405420085 0.015077059705546653 0.014628028776847364 0.8392974662151952 0.01543935891799106 0.014265773487429027 0.02050941605840091 0.020509416058498778 1.9778088441465793 2.371385421683805
340.0 11.739633752829363 -5.5641942883742095 31.899258903834188 -526017.385866689 1.626787275623719e-05 25.043572153085954 24.12798900973449 24.180002423912523 159.92242907705534 404.40023597011395 400.0 -0.0014680642405086317 0.8418549270543595 0.8635697291734279 0.0015020316412676872 9.10048323948803 2.5175777600453436e-08 0.030635580214753516 0.015559335371407223 0.01507620093269672 0.8664110351158197 0.015945162710960515 0.014690417503792998 0.021150713398110116 0.02115071339819833 1.9192557758605042 2.3717812613552263
350.0 11.74538188115115 -5.567609082209461 32.62465200897135 -525773.9832081683 1.6365868543266252e-05 25.19857886269537 24.246428289229982 24.308195800165283 159.55077518888908 404.2115027081558 400.0 -0.0015571092269060405 0.8675748242199368 0.8903830625300884 0.0015987926058889687 9.6168023534911 2.519105520903247e-08 0.031567640572370825 0.016043672532733966 0.01552392414163896 0.8936530862741517 0.016454318459113215 0.015113322113257614 0.02179311174621917 0.02179311174629707 1.8637639606538317 2.3723456630443858
360.0 11.751166798700128 -5.571100963439197 33.333784166387716 -525529.3644315834 1.6460681638240662e-05 25.346863889373928 24.357967174519523 24.42958990191154 159.17629798372135 404.00366416414903 400.0 -0.001648858123083779 0.8933503051155349 0.9172739874623834 0.0017007758860387474 10.149417850336762 2.5206328137327238e-08 0.03250132638184797 0.016530111275888767 0.015971171220882797 0.921024540754092 0.01696690740504426 0.015534418976803703 0.02243661835237104 0.02243661835243919 1.8111077543591931 2.373061058953985
370.0 11.756987498819326 -5.574668353933593 34.02737148817926 -525283.6001375101 1.655266953160273e-05 25.489106031193 24.463276509767823 24.5448661925287 158.7990542485871 403.77834071922365 400.0 -0.0017433185017247002 0.9191816153596711 0.9442398386642987 0.0018081329375578936 10.696945629572674 2.522151573737834e-08 0.033436647744967116 0.017018686118590216 0.016417917754486026 0.9485263417854436 0.017483001654267298 0.015953646090699818 0.023081240043682203 0.02308124004374346 1.7610823627750407 2.3739121346849115
380.0 11.76284309187689 -5.5783097437171065 34.706089830617074 -525036.7541551426 1.6642148974979665e-05 25.625906561996505 24.562949683728174 24.65462855063235 158.41909338604546 403.53696526763525 400.0 -0.0018404980099740924 0.9450689280031855 0.9712780113641545 0.001921002162018228 11.258065232338447 2.523654984092543e-08 0.03437361186212648 0.017509426252859246 0.016864141750819687 0.9761594733475926 0.018002664438179522 0.016370947423946958 0.023726983096355736 0.023726983096407424 1.7135015916062386 2.374885491804692
390.0 11.768732792149853 -5.582023687368894 35.37057709853227 -524788.8843090673 1.672940148759593e-05 25.757799459707915 24.65751287630331 24.759413476361196 158.0364583246975 403.28080774371585 400.0 -0.00194040436157458 0.9710123518096696 0.9983859833467206 0.002039509481540258 11.831522183461066 2.5251373703224248e-08 0.035312223030236005 0.018002355828772 0.017309823356710864 1.0039249666772483 0.018525950436378842 0.01678627259385717 0.024373853150913387 0.024373853150962604 1.6681958574068827 2.3759693729060056
400.0 11.774655906462597 -5.585808800608949 36.02143549743519 -524540.0430865993 1.681467802699886e-05 25.885260127972188 24.747433791811797 24.859698801940215 157.65118614784265 403.01099607198745 400.0 -0.002043045329776165 0.9970119390535734 1.0255613260319754 0.0021637689327676326 12.416128831711646 2.526594078080166e-08 0.036252482715756006 0.018497494265103994 0.017754944619837145 1.03182389742532 0.019052900372299255 0.01719958234345675 0.02502185516246843 0.02502185516251104 1.6250104419427722 2.377153428422072
410.0 11.780611824322957 -5.5896637570691725 36.65923370701939 -524290.2782200682 1.6898202963953678e-05 26.008712853826097 24.833129121991355 24.955911146730244 157.26330872171607 402.7285341057522 400.0 -0.002148428741091091 1.0230676926539923 1.0528017070958513 0.002293883267237593 13.010764037503058 2.528021344573756e-08 0.03719438968390624 0.01899485657544527 0.018199489291820546 1.059857375903239 0.019583547654437646 0.017610842029468592 0.025670993378563683 0.025670993378603058 1.5838039521112877 2.378428521312242
420.0 11.786600009330952 -5.593587285245573 37.28450895939917 -524039.6331961807 1.6980177501835943e-05 26.12853720435165 24.914970940282256 25.048432317528658 156.8728532180006 402.4343170254788 400.0 -0.002256562469718048 1.049179572548245 1.0801048868229897 0.0024299445480812252 13.61437199129138 2.52941617101461e-08 0.038137940168131934 0.019494453700638313 0.018643442665255555 1.0880265325347243 0.02011792425094304 0.018020015917188895 0.026321271338357273 0.02632127133838939 1.544446956175339 2.379786565129181
430.0 11.792619991690112 -5.597578165626017 37.89776901254819 -523788.14770269097 1.7060782591498352e-05 26.24507352349368 24.99329219484325 25.1376048134319 156.47984261225926 402.1291445884192 400.0 -0.0023674544326904284 1.0753475012736622 1.1074687100617802 0.002572034735681488 14.22596039132003 2.530776201134489e-08 0.039083128066701334 0.01999629284023102 0.01908679143885374 1.1163325002906466 0.020656055779213523 0.018427072287487824 0.02697269188784875 0.026972691887876103 1.5068207807074707 2.3812203852791605
440.0 11.79867136164734 -5.601635227986426 38.499494014300154 -523535.8580210702 1.714018143986298e-05 26.35862766928618 25.068391439678948 25.22373657395191 156.08429604630476 401.81373255838173 400.0 -0.002481112585571472 1.101571368768924 1.1348910953342681 0.0027202262566193144 14.844598164278732 2.5320996090131503e-08 0.040029945155675734 0.020500377777280615 0.0195295236056098 1.1447763955566679 0.021197961989530834 0.01883198316614491 0.027625257206830824 0.02762525720685643 1.4708164461155688 2.3827236004096863
450.0 11.804753763750792 -5.605757348847753 39.090138256005574 -523282.7973725037 1.7218521683859414e-05 26.46947510938895 25.14053692015408 25.3071050870295 155.6862291998674 401.48872258836496 400.0 -0.0025975449186155498 1.1278510364388694 1.1623700223594493 0.002874582551996752 15.469412875272615 2.5333849980804945e-08 0.04097838130969386 0.021006709192206995 0.019971628359732634 1.1733592985851415 0.02174365723245277 0.0192347240772411 0.028278968844021972 0.0282789688440414 1.4363337191517305 2.384290523613976
460.0 11.810866891798767 -5.609943449085577 39.67013181726033 -523028.9962235005 1.7295937250934117e-05 26.577864466390874 25.20997011006943 25.387960947416158 155.28565461322293 401.15469078678285 400.0 -0.002716759453463514 1.1541863405430886 1.1899035189747138 0.0030351586023879026 16.09958794292252 2.534631312124606e-08 0.04192842472375131 0.021515284962515965 0.020413096018701494 1.202082234409522 0.02229315090600481 0.0196352738177465 0.028933827757516187 0.02893382775750715 1.4032802748323359 2.385916075214349
470.0 11.817010484398185 -5.614192491683919 40.23988210492844 -522774.482556417 1.7372550003044958e-05 26.684020601502297 25.276908781715733 25.466530953290963 154.88258192394036 400.8121551592999 400.0 -0.0028387642400592183 1.1805770949812922 1.2174896482113327 0.0032020014275332765 16.734359750380133 2.5358377584071078e-08 0.042880062130782874 0.022026100446240916 0.020853917957406657 1.230946154874402 0.02284644787996095 0.02003361425082192 0.029589834358400367 0.02958983435813745 1.3715709458207646 2.3875957114701043
480.0 11.823184321049018 -5.618503479625154 40.79977529070753 -522519.28210946906 1.7448471128986426e-05 26.788147294587127 25.341549677239545 25.54302079852017 154.47701813935728 400.4615820889012 400.0 -0.002963567354018301 1.207023093548025 1.245126496066958 0.0033751505615318804 17.373014722405642 2.5370037424572684e-08 0.04383327901101957 0.022539148747152654 0.02129408655229652 1.2599519222269386 0.023403548895376443 0.02042973011564312 0.030246988554836457 0.03024698855518539 1.3411270587349933 2.389325359095897
490.0 11.829388218678513 -5.622875453907747 41.350177652154294 -522263.4185901291 1.7523802377596228e-05 26.890429586368928 25.404070838845644 25.61761742598784 154.06896784614636 400.1033919916685 400.0 -0.003091176894144875 1.233524111743293 1.2728121603810847 0.003554638496541635 18.0148864225725 2.5381288138180538e-08 0.04478805979061665 0.023054420962926193 0.02173359513183891 1.2891002945866001 0.023964450938705705 0.02082360885191094 0.030905289798924707 0.03090528979911467 1.3118758384006572 2.391101360978652
500.0 11.835622028581493 -5.627307491684124 41.89143682251726 -522006.9138652482 1.7598637139484472e-05 26.99103582876599 25.46463364629105 25.69049108774811 153.6584333934561 399.737964263047 400.0 -0.003221600980197678 1.260079908188239 1.3005447410178814 0.003740491108825051 18.65935270980597 2.5392126217422568e-08 0.04574438802689798 0.023571906411870857 0.02217243793503532 1.3183919134137523 0.024529147589555753 0.021215240437342218 0.03156473712780187 0.03156473712791041 1.2837498744655316 2.392920429701425
510.0 11.841885633705045 -5.6317987045110875 42.42388295480784 -521749.78813078604 1.7673061379780055e-05 27.090119480786292 25.523384602706678 25.761797149239975 153.2454150395753 399.3656416135268 400.0 -0.0033548477507542953 1.2866902257409445 1.3283223315463188 0.003932728051070129 19.305832984609903 2.540254879837714e-08 0.046702246579862355 0.024091592843301635 0.02261061007255579 1.3478272930948707 0.02509762934298448 0.021604617236877878 0.032225329207384516 0.03222532920744895 1.2566866462813158 2.394779604922745
520.0 11.848178946241223 -5.636348236705706 42.94782980556255 -521492.0600636339 1.7747154469811143e-05 27.18782069018989 25.58045690343745 25.8316776777535 152.8299111344345 398.9867338766187 400.0 -0.003490925361381153 1.31335479235244 1.3561430124363936 0.00413136312367615 19.95378554476576 2.5412553385400034e-08 0.047661617768683016 0.024613466628383963 0.02304810749239373 1.3774068125951437 0.02566988390633557 0.021991733862347436 0.032887064371661306 0.03288706437170074 1.2306280934994558 2.3966762187990525
530.0 11.854501905486458 -5.64095526379979 43.46357574361362 -521233.7469576698 1.7820989898117193e-05 27.284267682669817 25.63597181739961 25.90026283689333 152.41191818917062 398.6015213603632 400.0 -0.0036298419826659004 1.340073321724642 1.3840048457764924 0.004336404621121897 20.60270506449833 2.5422137643645727e-08 0.048622483513269005 0.02513751293355436 0.023484926948006603 1.407130709124914 0.026245896471645776 0.02237658704162322 0.03354994065987572 0.033549940659912736 1.2055202350078544 2.398607861523188
540.0 11.860854475935493 -5.64561899108671 43.97140468900551 -520974.86484591756 1.7894635929731212e-05 27.379577996143354 25.69003990604826 25.96767212468961 151.9914310889785 398.2102578029184 400.0 -0.003771605798544804 1.3668455138155517 1.4119058714537434 0.004547855655290144 21.252120205306714 2.543129924928212e-08 0.049584825461023614 0.025663715877099307 0.023921065968495418 1.436999073709284 0.02682564996461118 0.02275917549641244 0.03421395585096782 0.03421395585102271 1.1813128183108699 2.4005723578316607
550.0 11.867236645592946 -5.650338652254545 44.471586987009935 -520715.42861039756 1.796815616496249e-05 27.47385956706983 25.742762101367095 26.0340154623591 151.56844308953728 397.81317298322136 400.0 -0.003916225004582123 1.3936710552325084 1.439844104710729 0.00476571445708995 21.901591362485522 2.5440035788102016e-08 0.05054862509927356 0.0261920586697951 0.024356522830394148 1.4670118485280408 0.02740912527128497 0.0231394998279886 0.03487910749511372 0.034879107495372826 1.157959010588604 2.4025677401177474
560.0 11.873648424458592 -5.655113508099808 44.96438022179797 -520455.4520811014 1.804161002678799e-05 27.56721169436173 25.794230661181523 26.099394159391235 151.142945991573 397.4104750324842 400.0 -0.004063707806328382 1.420549619548109 1.4678175349704996 0.004989974656358343 22.550708548176363 2.544834469410655e-08 0.05151386385403868 0.026722523740969936 0.024791296530377205 1.4971688258772853 0.027996301492838944 0.02351756236119974 0.03554539294300084 0.03554539294307674 1.1354151175668983 2.4045922265197572
570.0 11.880089843182784 -5.659942845316667 45.45002997420717 -520194.94812529837 1.8115053223728547e-05 27.659725900196264 25.84453001747486 26.16390177439932 150.71493013653003 397.0023524833892 400.0 -0.004214062417746317 1.4474808675609796 1.4958241257969451 0.0052206255445844596 23.19908940909501 2.5456223220441332e-08 0.0524805231757483 0.02725509285003777 0.02522538675944213 1.5274696485834547 0.028587156103847586 0.023893367071900717 0.03621280937106961 0.03621280937090891 1.1136403277281952 2.406644203087942
580.0 11.886560951867859 -5.664825975356727 45.92877052767897 -519933.92872824305 1.8188538138569062e-05 27.751486694715524 25.893737531197832 26.227624878834778 150.28438459739667 396.58897609018936 400.0 -0.004367297059640876 1.474464447534587 1.5238618158807427 0.005457652316983632 23.846377375760426 2.5463668436239222e-08 0.05344858461310466 0.0277897471860448 0.025658793877226325 1.5579138117293772 0.029181669448510573 0.024266915164594085 0.03688135380547018 0.036881353805369096 1.0925964808520559 2.4087222079847015
590.0 11.893061818998053 -5.669762233354699 46.40082552616896 -519672.40506622137 1.8262114179056237e-05 27.84257225594604 25.941924165157122 26.29064373503644 149.85129707098906 396.1705004481646 400.0 -0.0045234199581578646 1.50149999542683 1.551928520909597 0.005701036297452313 24.492239938149968 2.5470677243501544e-08 0.054418029875856956 0.028326467455499105 0.026091518886951628 1.5885006655224716 0.029779833039772035 0.02463819683608493 0.037551023143450345 0.037551023143413555 1.0722478619810685 2.410824913590033
600.0 11.899592530484647 -5.6747509771158 46.86640858757833 -519410.3875727656 1.8335828088393168e-05 27.933055041392596 25.989155084987246 26.353032905198287 149.4156541298192 395.74706543673034 400.0 -0.004682439343269661 1.5285871351218394 1.58002213619431 0.005950755148961132 25.136367042210853 2.547724640911734e-08 0.05538884088733743 0.028865233959159405 0.02652356341117147 1.619229419152208 0.030381624219090273 0.025007216668247154 0.03822181417166812 0.0382218141716466 1.0525610090650406 2.412951115758166
610.0 11.906153188815603 -5.679791586160899 47.32572387601054 -519147.8859987496 1.8409724245802476e-05 28.02300233691767 26.03549019686488 26.414861796981008 148.97744113221685 395.31879750734504 400.0 -0.004844363447345571 1.555725478680871 1.6081405399366613 0.006206783067891893 25.778469600941683 2.5483372607873774e-08 0.056360999827909444 0.02940602665953259 0.026954929667721565 1.6500991455009353 0.03098701654475347 0.02537398328315598 0.03889372358294818 0.038893723582926885 1.0335045402799163 2.415099722165846
620.0 11.912743912303958 -5.684883460825742 47.778966635922 -518884.90946699516 1.8483844902018174e-05 28.11247674364431 26.08098462946049 26.47619514662139 148.53664225679884 394.88581083420434 400.0 -0.005009200503676262 1.582914626618692 1.6362815970229214 0.006469090964438722 26.41827811343824 2.5489052472947593e-08 0.05733448917020912 0.029948825239730515 0.027385620446104632 1.681108786572209 0.03159597587526081 0.025738513294948313 0.03956674799109773 0.039566747991131974 1.0150489992693117 2.4172697392048614
630.0 11.919364834408901 -5.690026021410721 48.22632369091301 -518621.4665219804 1.8558230412333223e-05 28.201536622227906 26.125689166631723 26.53709345899294 148.0932406816871 394.44820834484307 400.0 -0.005176958745116356 1.610154168209826 1.6644431632349657 0.006737646629738295 27.055541385135566 2.5494282650962893e-08 0.058309291707038954 0.030493609154637613 0.02781563908421649 1.7122571595107092 0.03220847431318535 0.02610081739385361 0.04024088394406494 0.0402408839440931 0.9971667091163581 2.419460265456733
640.0 11.926016103144525 -5.695218707378186 48.66797390986545 -518357.5651751075 1.8632919446043997e-05 28.29023648933513 26.16965063652676 26.597613399552557 147.64721846767915 394.00608264298967 400.0 -0.005347646402696501 1.6374436818290388 1.6926230897825694 0.007012414891399626 27.690025342538163 2.5499059859241664e-08 0.05928539057279882 0.03104035767506214 0.02824498944562573 1.743542963101219 0.03282448476868887 0.026460905804109962 0.04091612793528186 0.04091612793530535 0.9798316433881994 2.421670481241025
650.0 11.93269788054765 -5.700460976594129 49.10408864274061 -518093.21294600266 1.8707949174220723e-05 28.378627377742596 26.2129122620335 26.657808149673187 147.1985566456929 393.55951683721804 400.0 -0.005521271704297267 1.6647827353285578 1.7208192280694086 0.0072933577570585394 28.321511935800835 2.550338094333535e-08 0.060262769259281035 0.03158904992596789 0.028673675897137083 1.7749647846442693 0.033443979742828624 0.02681878951645241 0.04159247641393721 0.04159247641395674 0.9630193055601544 2.4238996421306607
660.0 11.939410342218167 -5.705752304611733 49.53483212834183 -517828.4169002128 1.8783355436453737e-05 28.466757160681077 26.25551397689187 26.71772772606784 146.74723525814008 393.10858528461154 400.0 -0.005697842873331646 1.692170886452674 1.7490294346132347 0.007580434547653301 28.949798122765003 2.5507242933312626e-08 0.06124141162658612 0.03213966491928638 0.02910170328689502 1.8065211071151677 0.03406693141031729 0.027174480216268837 0.042269925793916543 0.04226992579393133 0.9467066196664868 2.426147072077689
670.0 11.94615367690451 -5.711092183993943 49.96036187599249 -517563.18368367676 1.885917289200892e-05 28.5546708449568 26.29749271123975 26.777419268909824 146.29323336262522 392.65335426042964 400.0 -0.00587736812755956 1.719607683287324 1.7772515760469736 0.00787360202077157 29.574694928283837 2.551064309761205e-08 0.062221301909789715 0.032692181582032 0.029529076922935483 1.838210316520146 0.034693311694326996 0.027527990215462726 0.0429484724616917 0.04294847246170228 0.9308718306010901 2.4284121566227483
680.0 11.952928086151525 -5.716480123672946 50.3808290231155 -517297.5195542444 1.8935435166645524e-05 28.642410838739917 26.33888264991232 26.83692730459853 145.8365290190455 392.1938825600358 400.0 -0.006059855677808711 1.7470926647459364 1.8054835341413855 0.008172814484789561 30.19602657299087 2.5513578993572265e-08 0.06320242472209091 0.033246578780360844 0.02995580255227538 1.8700307093782016 0.03532309233412724 0.027879332387963668 0.04362811278333624 0.04362811278334539 0.9154944118708488 2.4306943376639074
690.0 11.959733783987126 -5.721915648344152 50.79637867036839 -517031.4304105565 1.9012174975893075e-05 28.730017193514893 26.379715466399606 26.896293982722977 145.377099352251 391.73022204191835 400.0 -0.006245313726869222 1.7746253610869291 1.8337232107919168 0.008478023904413844 30.813629665978613 2.5516048513985568e-08 0.06418476505493134 0.033802835340073514 0.030381886340528873 1.9019805002596084 0.03595624494618114 0.028228520108750217 0.044308843110738155 0.04430884311074543 0.9005549810445261 2.4329931085629903
700.0 11.96657099665987 -5.727398297892763 51.20715019600994 -516764.92181849905 1.908942424747964e-05 28.81752782583847 26.420020535029945 26.955559292914284 144.91492055815357 391.2624181167872 400.0 -0.006433750468334983 1.8022052944623044 1.8619685329241864 0.008789179998204857 31.427352456198104 2.5518049929222377e-08 0.06516830827567809 0.034360930064087095 0.03080733485211824 1.9340578293245358 0.036592741079340976 0.02857556719633712 0.04499065978716558 0.044990659787169214 0.8860352217298832 2.435308010098971
710.0 11.973439962410207 -5.73292762685092 51.61327755091586 -516497.99903548416 1.9167214225107845e-05 28.904978716615815 26.45982512363568 27.014761259340432 144.44996786260734 390.79051018930215 400.0 -0.006625174085635939 1.8298319794924804 1.8902174572753863 0.009106230328576322 32.037054137718805 2.551958192464256e-08 0.06615304012327047 0.03492084174728542 0.031232155031070526 1.9662607698083558 0.03723255226464835 0.028920487858622133 0.04567355915225842 0.04567355915225682 0.8719178132801829 2.437638624896783
720.0 11.980340931286335 -5.738503203883744 52.01488953567111 -516230.66703272396 1.9245575592727055e-05 28.992404102403352 26.499154568703773 27.07393612738342 143.98221560607607 390.314532056388 400.0 -0.006819592750935903 1.857504923866135 1.9184679750199338 0.009429120384751483 32.642604204353326 2.5520643633160932e-08 0.0671389467023131 0.03548254918917036 0.03165635418245917 1.9985873354118464 0.03787565006025468 0.02926329664205842 0.04635753754657749 0.04635753754657691 0.8581863615860018 2.439984578048046
730.0 11.987274164988177 -5.744124611302525 52.412110060935646 -515962.93051570706 1.932453848629119e-05 29.07983662128984 26.538032434775413 27.133118505081708 143.51163716407552 389.8345122673803 400.0 -0.007017014624312953 1.8852236289597175 1.9467181162081286 0.009757793659070674 33.24388184945112 2.5521234662926398e-08 0.06812601447591243 0.03604603120463133 0.032079939954471066 2.0310354875549788 0.038522006091700964 0.029604008384211462 0.04704259131576857 0.04704259131576603 0.8448253473389857 2.4423455219953425
740.0 11.994239936745293 -5.74979144460354 52.805058392282355 -515694.7939430182 1.9404132843374253e-05 29.167307537470116 26.576480659665027 27.19234158347499 143.0382050262362 389.350474449311 400.0 -0.007217447852814164 1.912987590474128 1.9749659539951236 0.010092191717114079 33.84077540700639 2.552135512017181e-08 0.06911423025760827 0.036611266633130475 0.03250292032115295 2.063603142462084 0.03917159042220328 0.029942639835404985 0.047728716814396596 0.0477287168143914 0.8318200440319784 2.444721168007176
750.0 12.001238531228255 -5.755503312031178 53.193849380588 -515426.2615436472 1.948438755722641e-05 29.254846634560987 26.614519686895335 27.25163702591679 142.56189073113694 388.8624404767913 400.0 -0.007420900569656571 1.94079629908572 2.0032096086441973 0.010432254261904958 34.43318183054331 2.552100562739232e-08 0.07010358120269645 0.03717823434659976 0.032925303565836866 2.096288178053112 0.03982437429640569 0.030279206906290747 0.04841591040957045 0.04841591040956282 0.8191565530585175 2.4471111654562736
760.0 12.008270244486484 -5.7612598341639165 53.57859367894458 -515157.3373329238 1.9565334008268312e-05 29.3424832824437 26.65216858658377 27.311036031157748 142.0826649037782 388.3704190745534 400.0 -0.007627380893532519 1.9686492411072027 2.0314472512859463 0.010777919192563878 35.02100620649618 2.5520187336997984e-08 0.07109405479914703 0.03774691325624411 0.03334709826525529 2.1290884406134754 0.04048033130071206 0.030613723498434962 0.04910416848436466 0.049104168484358855 0.8068214408668345 2.4495155339918826
770.0 12.01533538391172 -5.767060643521922 53.95939794701068 -514888.0251271954 1.9646993222809023e-05 29.430243323008554 26.68944516588984 27.370566215582095 141.60051346686413 387.87442379870777 400.0 -0.007836896927875679 1.9965458991554503 2.059677107426459 0.011129122657667216 35.60416129912007 2.551890194071162e-08 0.07208563885832861 0.038317282318458226 0.03376831327434854 2.162001751226894 0.04113943523627688 0.030946203622051718 0.04979348744110675 0.04979348744110037 0.79480265042026 2.451933325051588
780.0 12.022434268228157 -5.772905384195177 54.336365043661125 -514618.3285573522 1.9729424112453094e-05 29.518177168332734 26.726366070009597 27.43027970813686 141.1161717344319 387.3744612534081 400.0 -0.00804945676034129 2.024485752823261 2.087897460195875 0.011485799103610075 36.18256712419871 2.551715167494652e-08 0.07307832150571762 0.03888932054001464 0.03418895771178611 2.195025911954151 0.041801660121713935 0.031276661384003694 0.05048386370455439 0.05048386370454272 0.7830764486548142 2.45438140674743
790.0 12.029567212547963 -5.778793711156648 54.709594140465725 -514348.2511029486 1.9812419548275376e-05 29.606361890527918 26.762946870021974 27.490255240110535 140.63542018154737 386.8705354246724 400.0 -0.008265068452941605 2.052468276804786 2.1161066504173816 0.011847881324025264 36.75615054047803 2.5514939318180483e-08 0.07407209108203897 0.03946300693521145 0.034609040903959436 2.228158708648195 0.042466980144157396 0.03160511093788157 0.05117529366621819 0.05117529366620667 0.7715828523747482 2.4569320271963373
800.0 12.036734119486448 -5.784725280535492 55.079179025686784 -514077.79669487773 1.9893277405112384e-05 29.694397295925263 26.79920202289211 27.550094297107883 140.17582384848987 386.3626777997229 400.0 -0.00848373977978992 2.080492870698073 2.1443029988173774 0.012215300683820183 37.324844654346116 2.5512268080994263e-08 0.0750669336348868 0.04003831920673458 0.03502857119574065 2.261397830962933 0.04313536834144594 0.031931565293440864 0.051867772046680145 0.05186777204667054 0.7603319800857387 2.459557909658011
810.0 12.043933368391622 -5.790512918805232 55.44715932262911 -513787.36306474387 1.9966931138597933e-05 29.78117272032023 26.83508501548692 27.60868812878107 139.75786464426108 385.89232199469836 400.0 -0.008705477452128484 2.108558660182126 2.172484591539164 0.012587988658782408 37.88858875658737 2.550914144933029e-08 0.07606282578748162 0.040615230048327705 0.03544755251657169 2.2947406508514074 0.043806793071180954 0.032256032716300675 0.05256128720303893 0.052561287203026226 0.7494813260480228 2.462006590724342
820.0 12.051162170646112 -5.796225145244101 55.812886449207554 -513484.14129282214 2.0034040604463437e-05 29.866829614386894 26.87063345040024 27.666180184523885 139.37887328221967 385.4446821439344 400.0 -0.008930287155141235 2.1366645522499375 2.2006494298630077 0.012965888323398933 38.44733879890626 2.5505564562015413e-08 0.0770597357552228 0.04119370867593927 0.035865983865889677 2.328184445150935 0.04448122142360087 0.03257851433162195 0.053255821706822484 0.053255821706808905 0.7389856916896604 2.46432350105926
830.0 12.058419211177618 -5.801978308437616 56.175216597497396 -513180.3742667164 2.0099649640613983e-05 29.952440840623655 26.905897017461157 27.72364489628334 139.01721150479153 384.9941289920704 400.0 -0.009158175281185217 2.1648097010363294 2.228795944340316 0.01334895090499619 39.00106601553912 2.550154459046221e-08 0.07805763985403488 0.04177372938288985 0.03628386726629995 2.361726939576471 0.04515862725994492 0.032899012594089956 0.053951363191527414 0.05395136319151615 0.7286762374715826 2.466751809225772
840.0 12.065704431270323 -5.807772095007162 56.53423129279215 -512876.06517808884 2.0165634430411517e-05 30.038263207344666 26.94088698310476 27.78134030541796 138.65795807182096 384.5406829037155 400.0 -0.009389148956728544 2.192993482735979 2.256922901926703 0.01373712735475178 39.54974847142341 2.5497089651154376e-08 0.0790565222206821 0.04235527068291481 0.036701208340833236 2.395366172525353 0.04583898893494172 0.03321753328574036 0.05464790424383887 0.05464790424382452 0.7185674383232014 2.469258877916711
850.0 12.07301803927928 -5.813606195329225 56.89001062716013 -512571.2155381438 2.023209682793168e-05 30.12425546372008 26.975614059988008 27.839226251561364 138.29714839336737 384.0843455675539 400.0 -0.00962321544011267 2.22121532886634 2.285029212158714 0.0141303685846108 40.09337000405138 2.549220845762067e-08 0.08005636893039716 0.04293831219305471 0.03711801354768346 2.4291002918718894 0.046522286160126256 0.0335340827702709 0.0553454385565529 0.055345438556540734 0.7086894291993909 2.4717853251734243
860.0 12.08036025258769 -5.819480308121576 57.242632089211064 -512265.82669818867 2.029903595573571e-05 30.210421021865812 27.010088380710197 27.89730714601676 137.93438618602335 383.62511659899013 400.0 -0.009860381954167816 2.249474682086119 2.3131138758490515 0.014528625663259201 40.631919815745746 2.5486910216010415e-08 0.08105716641016471 0.0435228338057478 0.03753428942139897 2.46292750399973 0.04720849921764151 0.033848667192523184 0.056043959891643784 0.05604395989162682 0.6990397242255243 2.4743221836193023
870.0 12.087731295192361 -5.825394140239915 57.5921706683342 -511959.8998694993 2.0366472981413283e-05 30.296777974949766 27.044319541650705 27.955601990886038 137.56965319564762 383.16299377933814 400.0 -0.010100655686489666 2.2777709967519484 2.341175984063727 0.014931849883748806 41.16539220646478 2.5481204583925757e-08 0.08205890143342884 0.044108815697990626 0.03795004255842959 2.496846076292505 0.04789760894741869 0.03416129248601015 0.05674346208228363 0.0567434620822637 0.6896102063069942 2.4768699260292757
880.0 12.095131397690132 -5.831347406442121 57.93869896482803 -511653.43612862006 2.043442304776291e-05 30.38334222984062 27.078316643707407 28.01412751258304 137.20293154747412 382.6979731340851 400.0 -0.010344043791468914 2.3061037398459696 2.369214717257575 0.015339992827611393 41.693786317279056 2.5475101629299072e-08 0.08306156112982943 0.04469623834803416 0.038365279610166475 2.530854339724461 0.048589596758330474 0.034471964371498943 0.05744393904462292 0.05744393904460539 0.6803935467818499 2.4794283234217875
890.0 12.10256079727121 -5.837339829163163 58.28228729429048 -511346.43642219336 2.050290281672433e-05 30.470129872956353 27.11208832956298 28.07290052884614 136.83420297142712 382.2300490044227 400.0 -0.010590553392540796 2.3344723918472656 2.3972293441102117 0.015753006426936403 42.21710588285082 2.5468611789039877e-08 0.08406513299486715 0.04528508255159643 0.03878000727639496 2.5649506910556363 0.04928444461417138 0.03478068838069574 0.05814538478935758 0.05814538478933945 0.6713826266704053 2.481997348687251
900.0 12.11001973772419 -5.843371138300102 58.62300378664087 -511038.9015713311 2.0571928499105218e-05 30.557156578326637 27.145642817777357 28.13193735823881 136.46344875962157 381.75921411217234 400.0 -0.010840191584532411 2.3628764475477944 2.425219220087824 0.016170843024488016 42.73535899247101 2.5461745827747425e-08 0.08506960489949789 0.04587532943759245 0.03919423229915872 2.599133594651708 0.04998213533295685 0.03508746956654103 0.058847793433082156 0.058847793433062186 0.6625706678661141 2.4845769317892965
910.0 12.117508469454616 -5.84944107100665 58.9609144801099 -510730.83227554517 2.0641516401034206e-05 30.644437810546496 27.178987933978778 28.191254024789664 136.0906497769972 381.28545961839893 400.0 -0.011092965436186266 2.3913154168135735 2.4531837857568304 0.016593455431874203 43.24855785927467 2.54545147967667e-08 0.08607496509964836 0.04646696048339555 0.03960796145701416 2.633401583950059 0.05068265243128586 0.03539231266836249 0.059551159209456674 0.059551159209436454 0.6539511782607611 2.4871670227270237
920.0 12.125027249504148 -5.855549371497038 59.29608341043481 -510422.2291163491 2.071168282044188e-05 30.731988816634605 27.212131139392675 28.25086625176816 135.71578643927344 380.8087751771894 400.0 -0.011348881992855555 2.419788825288666 2.481122564866446 0.017020796985878543 43.7567185972756 2.5446929993781627e-08 0.08708120224552561 0.04705995752955626 0.040021201559621015 2.667753262584834 0.05138597981487659 0.03569522243064901 0.06025547648009404 0.0602554764800727 0.6455179455962792 2.489767575069894
930.0 12.13257634159314 -5.8616957908584135 59.62857269565734 -510113.09256041877 2.0782444108969308e-05 30.819824671624907 27.24507955694356 28.3107895093938 135.33883876652206 380.32914898319416 400.0 -0.01160794827922924 2.448296215047127 2.509035162231109 0.017452821603017848 44.2598610059469 2.5439002923188337e-08 0.08808830539084833 0.04765430279404484 0.040433959442731364 2.7021873051991676 0.05209210265657823 0.03599620273427012 0.060960739745254525 0.06096073974523791 0.6372650196104022 2.4923785510964183
940.0 12.140156016157293 -5.867880086871821 59.95844261664114 -509803.42296251946 2.0853816666641673e-05 30.90796029626397 27.27783999512471 28.371039034837676 134.95978629565323 379.84656781554617 400.0 -0.01187017130233408 2.476837145188111 2.5369212614262935 0.017889483832361486 44.758008362073014 2.5430745257395657e-08 0.08909626400177265 0.04824997888591483 0.040846241963451414 2.7367024579549772 0.05280100846231219 0.036295255539460454 0.061666943654231185 0.06166694365421263 0.62918670112296 2.494999916379779
950.0 12.147766550402238 -5.874102023841018 60.28575169367464 -509493.22056807386 2.092581699496576e-05 30.996410495806618 27.31041896983284 28.43162987348055 134.57860810528223 379.3610170766152 400.0 -0.012135558054553257 2.5054111923795284 2.5647806223260665 0.01833073890675771 45.25118721866242 2.542216879923396e-08 0.09010506796563568 0.04884696881842962 0.041258055995858973 2.771297538767153 0.05351268444173647 0.0365923835238992 0.06237408301547121 0.06237408301545071 0.6212775268137789 2.4976316435736434
960.0 12.15540822836614 -5.880361372428906 60.610556759341 -509182.48551545467 2.0998461696961222e-05 31.085189979757537 27.342822724335885 28.492576901257983 134.19528285802335 378.8724808267221 400.0 -0.012404115516749662 2.5340179513500525 2.5926130784995536 0.018776542792422406 45.739427210712044 2.5413285445582266e-08 0.091114707599443 0.04944525602164819 0.04166940842690496 2.805971437277707 0.05422711443550387 0.036887593163939136 0.06308215280644984 0.06308215280642794 0.6135322581291324 2.500273710275286
970.0 12.163081340985821 -5.88665790950135 60.93291302784657 -508871.21783805155 2.1071767512229555e-05 31.17431338920925 27.375057247531398 28.553894854723385 133.80978872640728 378.3809418151852 400.0 -0.012675850661612934 2.562657035329496 2.6204185344858657 0.01922685223705503 46.22276086765204 2.5404107152336346e-08 0.0921251736580259 0.05004482435441029 0.042080306152585484 2.840723114588617 0.05494428425683868 0.03718088940118721 0.0637911481832134 0.06379114818319506 0.6059458697342546 2.502926099028631
980.0 12.170786186179825 -5.892991417977848 61.25287416107837 -508559.41746604565 2.114575133757885e-05 31.2637953209234 27.40712829064389 28.615598357954063 133.4221034251995 377.8863815075097 400.0 -0.012950770457020222 2.59132807644221 2.648196962969336 0.019681624816472582 46.701223432313185 2.53946459008064e-08 0.09313645734195841 0.050645658115790596 0.04249075607440477 2.8755516027750962 0.055664165601617376 0.037472291740341036 0.06450106448969034 0.06450106448966855 0.5985135385083536 2.50558879764674
990.0 12.17852306893146 -5.899361686689004 61.570492331492744 -508247.08422801417 2.122043024006285e-05 31.353650345391827 27.43904138248887 28.67770194352314 133.03220416765015 377.38878010932126 400.0 -0.013228881869519598 2.620030726051157 2.6759484018686903 0.020140818979936973 47.17485268627068 2.538491366561424e-08 0.0941485503050744 0.05124774205591852 0.042900765096072394 2.9104560041928837 0.05638672676759109 0.037761823537483294 0.06521189726663053 0.06521189726661256 0.5912306343509394 2.508261797292139
1000.0 12.186292301384562 -5.9057685102403354 61.885818282077054 -507934.21785229933 2.129582147998719e-05 31.443893029614426 27.470801843428823 28.740220078254303 132.64006769791627 376.88811658708244 400.0 -0.013510191867880621 2.6487646550577724 2.70367295136012 0.02060439409408546 47.64368878143184 2.5374922384142162e-08 0.0951614446616885 0.05185106138626515 0.043310340120437454 2.9454354906003575 0.05711193663081078 0.03804950803087769 0.0659236422603204 0.06592364226030327 0.584092710177047 2.5109450932334942
1010.0 12.194094202944594 -5.91221168888231 62.19890138351212 -507620.8179682087 2.1371942544631095e-05 31.534537961559373 27.50241479813003 28.80316719071165 132.24567026882423 376.38436868582494 400.0 -0.013794707426846952 2.6775295541570694 2.731370770847723 0.02107231048570815 48.10777407774398 2.5364683927573555e-08 0.09617513299342445 0.05245560178930718 0.04371948804665272 2.980489302109909 0.05783977612403476 0.03833535686938969 0.06663629543093749 0.06663629543091969 0.5770954923725875 2.513638685887803
1020.0 12.2019291003967 -5.918691028386171 62.50978968874998 -507306.88410697907 2.1448811163422516e-05 31.625599766886555 27.53388518722719 28.86655769098644 131.84898761414462 375.8775129435692 400.0 -0.014082435530832388 2.706325134053061 2.7590420759001146 0.02154452948330823 48.56715298690962 2.5354210073558043e-08 0.09718960835575377 0.05306134942766565 0.04412821576757481 3.0156167459891434 0.05857023042853003 0.03861937792722372 0.06734985296068084 0.06734985296066294 0.5702348729307837 2.5163425795948213
1030.0 12.209797328019699 -5.925206339925576 62.81852998504623 -506992.41570265125 2.1526445308207284e-05 31.717093119657722 27.565217777981672 28.93040598449761 131.44999494116698 375.3675247037607 400.0 -0.014373383177819355 2.7351511256314907 2.786687135160111 0.022021013457591835 49.02187182198845 2.5343512480496504e-08 0.09820486428406207 0.053668290952615355 0.044536530167320995 3.0508171953201115 0.05930328616941792 0.038901578114644106 0.06806431126153614 0.06806431126151873 0.563506902675452 2.519056780065376
1040.0 12.21769922771428 -5.93175743996366 63.12516784367581 -506677.41209275194 2.1604863248843697e-05 31.80903277435755 27.596417174026072 28.994726507111814 131.0486669501027 374.8543781247538 400.0 -0.014667557383232872 2.764007280095915 2.8143062672457395 0.02250172586093364 49.471978652785 2.533260266346053e-08 0.09922089479938347 0.05427641351205224 0.04494443811903627 3.086090087537436 0.060038927180118204 0.039181967619265255 0.06877966698277975 0.06877966698276075 0.5569077814980312 2.521781298864084
1050.0 12.22563514914616 -5.9383441501453085 63.42974766746493 -506361.8725187911 2.1684083557643756e-05 31.901433577086852 27.62748782427359 29.05953373943319 130.64497781984775 374.3380461863887 400.0 -0.014964965184003346 2.792893369069094 2.8418998376536635 0.022986631265933217 49.91752316691073 2.5321491971731566e-08 0.10023769441380115 0.0548857047579152 0.04535194648287204 3.121434922858803 0.06077709611101762 0.039460598302783534 0.06949591701820514 0.06949591701822859 0.5504338523187498 2.524516151253087
1060.0 12.233605449885978 -5.944966297194613 63.73231273616817 -506045.79612669063 2.1764125118561244e-05 31.99431047507896 27.658434031059972 29.12484221940655 130.23890111406823 373.81850069498716 400.0 -0.015265613642615996 2.8218091846589037 2.8694682556724094 0.023475695402918738 50.35855653641429 2.5310191567937743e-08 0.1012552581354136 0.055496152853089155 0.04575906210404944 3.1568512626176655 0.0615177238158851 0.03973753431952852 0.07021305851312924 0.07021305851315746 0.5440815958178371 2.5272613530716566
1070.0 12.241610495564727 -5.951623712817165 64.0329052498967 -505729.18196704227 2.1845007173231235e-05 32.08767854778682 27.689259957587335 29.190666576470303 129.8304099158355 373.2957122856237 400.0 -0.01556950985126699 2.8507545394918474 2.897011971316516 0.023968885197014456 50.7951312898766 2.529871240876455e-08 0.10227358147290998 0.056107746477662625 0.046165791811176936 3.1923387275122592 0.06226069546058326 0.04001288601232673 0.07093108887093331 0.07093108887096419 0.5378476214413213 2.530016926317409
1080.0 12.249650660040228 -5.9583162336071 64.33156637068551 -505412.02899522823 2.1926749330770546e-05 32.18155301438964 27.719969634733108 29.257021542096176 129.41947668339233 372.7696504220045 400.0 -0.01587666093608902 2.8797292667191314 2.924531472293461 0.024466168804140386 51.22730118986216 2.5287065227207014e-08 0.10329266043986528 0.05672047483481614 0.04657214241465733 3.22789699578621 0.06300597870335879 0.04028668173650649 0.07165000575957135 0.07165000575960098 0.5317286633183388 2.53278289510139
1090.0 12.257726325566503 -5.965043700958751 64.62833626225525 -505094.33607146086 2.2009371581281842e-05 32.27594924779366 27.75056696727393 29.323921966788106 129.00607327870875 372.2402833946916 400.0 -0.016187074061459753 2.9087332199924294 2.9520272810055532 0.024967515646556217 51.655121115618364 2.5275260516317426e-08 0.10431249155858989 0.05733432765611571 0.04697812070524367 3.263525801345696 0.06375354462550714 0.04055894693308275 0.07236980711767978 0.07236980711770953 0.5257215746847566 2.5355592853631053
1100.0 12.265837882975733 -5.971805960982737 64.92325412811437 -504776.1019606894 2.209289434277869e-05 32.37088280280951 27.7810557395806 29.391382851211233 128.5901710136367 371.70757831692174 400.0 -0.016500756434306006 2.937766273414766 2.9794999515982754 0.02547289644779331 52.07864695091944 2.526330851441306e-08 0.10533307186366653 0.05794929520636018 0.04738373345272894 3.2992249318284568 0.06450336526169402 0.04082970660197249 0.07309049116049172 0.0730904911605238 0.5198233207526235 2.5383461287848665
1110.0 12.27398573187382 -5.978602864426343 65.2163582480947 -504457.325332374 2.2177338457114926e-05 32.46636941645377 27.811439620829216 29.459419349394015 128.17174050067356 371.17150111820683 400.0 -0.016817715308565736 2.9668283214682973 3.0069500670597566 0.025982283267113247 52.49793547693582 2.5251219191683175e-08 0.10635439890518322 0.0585653682879834 0.04778898740477682 3.3349942266327406 0.06525541331408158 0.04109898559110166 0.07381205638553523 0.07381205638556974 0.5140309762610527 2.541143456943125
1120.0 12.282170280833313 -5.98543426659813 65.50768601332193 -504138.0047602287 2.226272523155452e-05 32.56242503828241 27.841722169768307 29.528046801907916 127.75075183033796 370.6320165367781 400.0 -0.017137957989657202 2.9959192789170337 3.034378236374495 0.026495649533592874 52.913044270031385 2.5239002238158476e-08 0.1073764707515333 0.05918253824495857 0.04819388928581737 3.3708335749126905 0.06600966224671102 0.04136680850482227 0.07453450157803518 0.07453450157806932 0.5083417180808831 2.5439513071177835
1130.0 12.290391947614562 -5.9923000272965625 65.79727395985695 -503818.1387217556 2.2349076466746762e-05 32.65906584045618 27.871906839087902 29.597280748714926 127.3271743361864 370.0890881087669 400.0 -0.017461491839033248 3.025039080693616 3.0617850917412484 0.027012970079872627 53.32403160435814 2.5226667052969107e-08 0.10839928599206355 0.059800796966370105 0.048598445796123345 3.406742913554349 0.06676608596341489 0.04163320002864862 0.0752578258162111 0.07525782581624556 0.5027528224247741 2.546769718328618
1140.0 12.298651159380206 -5.99920001074265 66.08515780090507 -503497.7255977805 2.243641445959467e-05 32.75630823097899 27.90199697941799 29.667136945126543 126.90097674950867 369.5426781566223 400.0 -0.01778832427876156 3.0541876817636533 3.0891712858524425 0.027534221175692097 53.730956359151016 2.5214222734851412e-08 0.10942284373928253 0.06042013688951698 0.04900266361091523 3.4427222251326732 0.06752465843720479 0.04189818530207775 0.07598202847628482 0.07598202847632209 0.49726166015231343 2.549598732167405
1150.0 12.306948352929952 -6.006134085516447 66.37137245780038 -503176.7636718364 2.252476205489716e-05 32.85416887835516 27.93199584299579 29.737631389111286 126.47212709915402 368.9927477750589 400.0 -0.01811846279625663 3.083365056975677 3.1165374892438775 0.028059380561272235 54.133877930597144 2.5201678073836444e-08 0.1104471436308767 0.061040551002691526 0.04940654937959842 3.4787715358626445 0.06828535273564232 0.04216179089523436 0.07670710923736078 0.07670710923739829 0.4918656921370139 2.5524383940875133
1160.0 12.31528397494464 -6.013102124497303 66.65595208977543 -502855.25112946046 2.261414265539882e-05 32.952664722224235 27.96190658702811 29.808780334509873 126.04059271341572 368.43925681510655 400.0 -0.018451914948925344 3.1125712008955957 3.1438843877143605 0.02858842748066618 54.53285614816508 2.51890415440601e-08 0.1114721858314491 0.06166203284759924 0.049810109725082256 3.5148909135476702 0.06904814587558647 0.04242403995586264 0.07743306808611586 0.07743306808615279 0.48656246603124687 2.5552887519000116
1170.0 12.32365848223953 -6.02010400480786 66.9389301225786 -502533.1860574115 2.270458025799435e-05 33.05181299453105 27.991732276776272 29.880600314713536 125.60634020332836 367.88216386634684 400.0 -0.01878868836903803 3.1418061276273885 3.171212679817514 0.029121342715133038 54.92795119527666 2.517632129763535e-08 0.11249797103400422 0.06228457652145666 0.05021335124316699 3.5510804655312636 0.06981301677860006 0.04268495425540415 0.07815990532133205 0.07815990532137022 0.4813496121558523 2.5581498568043926
1180.0 12.332072342033321 -6.027139607761627 67.22033927603135 -502210.5664427701 2.2796099478777307e-05 33.151631235868365 28.02147588839071 29.95310816143887 125.1693354447587 367.32142623711377 400.0 -0.019128790768609013 3.171069870623085 3.198523074429494 0.029658108616634333 55.31922353420564 2.516352515953262e-08 0.11352450046124905 0.06290817667881615 0.05061628050202008 3.5873403366597247 0.07057994568403977 0.042944554777209286 0.07888762155831301 0.07888762155835159 0.47622484015928235 2.5610217630430934
1190.0 12.340526032224458 -6.034208818814156 67.50021159053787 -501887.39017197664 2.2888725579371493e-05 33.252137311684976 28.05114031151382 30.02632102329499 124.7295435446955 366.75699993316755 400.0 -0.019472229944230122 3.200362482481228 3.2258162883899866 0.030198709141574947 55.706733835080094 2.5150660623397584e-08 0.11455177586664857 0.06353282853309551 0.051018904041702 3.623670707256612 0.0713489142415509 0.04320286162509768 0.07961621773313693 0.07961621773317511 0.4711859359476726 2.5639045272904353
1200.0 12.349020041684875 -6.041311527517694 67.7785784526519 -501563.655029747 2.2982484511523466e-05 33.353349437348804 28.080728351675802 30.1002563931281 124.28692882083395 366.1888396337205 400.0 -0.01981901378220701 3.229684034737913 3.2530930442207038 0.030743129884844882 56.0905429088723 2.513773484825519e-08 0.11557979953534973 0.06415852785789647 0.051421228373771805 3.660071791117238 0.0721199056256238 0.04345989390972593 0.08034569510683497 0.08034569510687348 0.46623075789592655 2.5667982102562283
1210.0 12.357554870565533 -6.048447627479283 68.05547061972159 -501239.3586979016 2.307740292278666e-05 33.455286186228165 28.110242732499664 30.174932118308522 123.84145479516758 365.6168986661018 400.0 -0.02016915026352226 3.2590346176502636 3.2803540679196406 0.03129135811427913 56.4707116442575 2.5124754656039004e-08 0.11660857428493843 0.06478527098810545 0.05182325998094343 3.6965438335249927 0.07289290445837357 0.04371566982656485 0.0810760552694682 0.0810760552695087 0.4613572348768703 2.569702874112528
1220.0 12.366131030610115 -6.055617016322287 68.330918243641 -500914.49875413737 2.3173508223364705e-05 33.557966524782 28.139686097730777 30.250366437952895 123.3930841635758 365.0411289784553 400.0 -0.020522647469076446 3.288414339972548 3.307600086829112 0.0318433828056417 56.84730094822172 2.5111726529883505e-08 0.11763810346601111 0.06541305482078251 0.05222500531676823 3.7330871092908575 0.0736678969784477 0.04397020648756342 0.08180730014409163 0.08180730014413161 0.45656336198104597 2.572618586154155
1230.0 12.374749045499676 -6.062819595651275 68.6049508938691 -500589.07267059846 2.3270828600322022e-05 33.66140982426463 28.169061013113986 30.326577996680655 122.94177877624975 364.4614811094204 400.0 -0.020879513584866935 3.317823328732108 3.3348318275839737 0.03239919467821404 57.220371690299835 2.509865661313165e-08 0.11866839096279287 0.06604187681597685 0.052626470805437704 3.769701920826865 0.07444487107353998 0.044223519889252896 0.08253943199075851 0.08253943199079905 0.4518471986653066 2.5755454166676413
1240.0 12.383409451188625 -6.070055271020218 68.87759757955635 -500263.0778124925 2.336939304343126e-05 33.76563587527328 28.198369968118843 30.403585861145967 122.48749956774944 363.87790415725885 400.0 -0.02123975690730815 3.347261728995946 3.3620500141273153 0.03295878623112533 57.589984650331886 2.5085550708993218e-08 0.1196994411934492 0.06667173499730081 0.05302766284152115 3.8063885962429187 0.075223816236141 0.044475624957308196 0.08327245341033994 0.08327245341037912 0.4472068669262727 2.5784834369287286
1250.0 12.392112796276903 -6.077323951904064 69.1488867710476 -499936.5114364851 2.3469231418706604e-05 33.87066493048945 28.22761537753966 30.48140956468462 122.03020660802338 363.2903457455985 400.0 -0.02160338584867697 3.3767297036406063 3.3892553658048326 0.0335221517805049 57.95620046961449 2.5072414280806653e-08 0.12073125911052734 0.06730262795250454 0.05342858778983247 3.8431474874830256 0.0760047235972782 0.04472653551324916 0.08400636734843973 0.0840063673484796 0.4426405467148079 2.581432724857777
1260.0 12.400859642389076 -6.0846255516735654 69.41884642064997 -499609.37068904325 2.35703744628585e-05 33.97651770355043 28.25679958297236 30.560069108022226 121.56985900564496 362.69875198747303 400.0 -0.021970408942565835 3.406227433118889 3.416448595528202 0.034089287497574124 58.31907960533842 2.505925245284937e-08 0.12176385020127463 0.0679345548339403 0.05382925198528414 3.879978968493593 0.07678758612524801 0.04497626407602661 0.08474117709925263 0.08474117709929509 0.43814647599655926 2.5843933586805203
1270.0 12.409650564567414 -6.091959987573374 69.68750398273697 -499281.6526046922 2.3672853865655417e-05 34.08321541579214 28.28592485417971 30.639585007785126 121.10641494025808 362.10306744741354 400.0 -0.02234083484949249 3.4357551152259553 3.4436304080070133 0.0346601914478138 58.678682288197194 2.5046070011645062e-08 0.12279722048790916 0.0685675153589649 0.0542296617327556 3.9168834334267806 0.07757239557826089 0.045224824909648256 0.08547688630940425 0.08547688630944644 0.43372294633327824 2.5873654228417347
1280.0 12.4184861516981 -6.099327180703536 69.95488643332162 -498953.3541040724 2.3776702289485478e-05 34.19077980631925 28.31499339036073 30.719978308266263 120.63983154679968 361.5032351001515 400.0 -0.022714672362609444 3.465312964870953 3.470801498052989 0.035234863631299074 59.03506848305517 2.5032871407723576e-08 0.12383137652805024 0.06920150981040935 0.05462982330705388 3.9538612948864604 0.07835915904043607 0.04547221748761415 0.08621349898191727 0.08621349898196039 0.42936830237685314 2.590349003674167
1290.0 12.42736700693461 -6.106727056004132 70.2210202889458 -498624.4719920085 2.388195341417531e-05 34.29923316304445 28.34400732131977 30.801270614101085 120.17006498670627 360.8991962883486 400.0 -0.023091930413481718 3.4949012138453437 3.497962548943367 0.03581330602434966 59.388297852567234 2.501966075777969e-08 0.12486632541497582 0.06983653903695775 0.0550297429527924 3.99091298220538 0.07914790749272292 0.04571841792225286 0.08695101948009086 0.08695101948013409 0.42508093902965943 2.5933441916468087
1300.0 12.43629374816068 -6.114159542243367 70.48593162513417 -498295.00295534404 2.398864199431595e-05 34.40859835094103 28.372968708556115 30.883484120088035 119.6970703247785 360.2908906765901 400.0 -0.02347261807805638 3.5245201106000765 3.525114230852999 0.036395522622599895 59.73842972364139 2.500644184719015e-08 0.1259020747781349 0.07047260445367502 0.055429426884375334 4.028038939767602 0.07993865272980608 0.04596342204832881 0.08768945253157324 0.08768945253161406 0.4208592997979104 2.5963510806222536
1310.0 12.445267008459 -6.121624572008872 70.74964609426758 -497964.94356073835 2.4096803907202537e-05 34.51889884314816 28.40187954626997 30.966641643805026 119.220801554717 359.6782562036641 400.0 -0.023856744582680094 3.554169920023075 3.552257199343129 0.03698151948566389 60.08552305664374 2.499321813284658e-08 0.12693863278359604 0.07110970804252746 0.055828881285925974 4.065239625365803 0.0807313973922902 0.04620723539130581 0.08842880323241271 0.08842880323245786 0.416701874547707 2.599369769044789
1320.0 12.454287436616399 -6.129122081702476 71.01218894306182 -497634.2902522476 2.4206476198878173e-05 34.630158746857624 28.43074176229868 31.050766652945924 118.74121153401532 359.0612290312794 400.0 -0.02424431931026986 3.583850923226517 3.579392093911706 0.03757130478344236 60.42963641723607 2.4979992746254397e-08 0.12797600813476792 0.07174785235310956 0.05622811231128016 4.102515508602206 0.08152614334463125 0.04644986479013663 0.08916907705134716 0.08916907705138588 0.41260719818271635 2.602400358756024
1330.0 12.463355697634501 -6.136652011538262 71.2735850295174 -497303.03934887715 2.431769714301677e-05 34.742402837865455 28.459557218979096 31.135883301271512 118.25825195938425 358.4397434910043 400.0 -0.02463535180667648 3.613563417335002 3.6065195365939418 0.03816488884439897 60.77082795075778 2.496676849686868e-08 0.12901421007306071 0.07238704050337333 0.05662712608391859 4.139867069323328 0.0823228942226579 0.04669131585040279 0.08991027983403907 0.08991027983408086 0.40857384869186064 2.6054429558254624
1340.0 12.472472473283908 -6.144214305544173 71.53385883956219 -496971.1870418714 2.443050630356583e-05 34.855656595867494 28.48832771395182 31.222016465246842 117.77187331205353 357.81373202707243 400.0 -0.025029851787141982 3.6433077152872255 3.633640130620652 0.03876228420569222 61.10915535904454 2.495354787561859e-08 0.13005324837894097 0.07302727618068505 0.05702592869696495 4.177294796100328 0.08312165994765526 0.04693158843128568 0.0906524178076751 0.0906524178077148 0.40460044546493884 2.608497670859589
1350.0 12.481638462665487 -6.151808911567002 71.79303450322105 -496638.7293919695 2.4544944580433755e-05 34.96994623197189 28.517054980898422 31.30919177285219 117.28202481904123 357.183125137255 400.0 -0.025427829142904475 3.673084145639775 3.6607544591196977 0.03936350566561444 61.4446758795987 2.494033305858903e-08 0.13109313337296463 0.07366856364292888 0.05742452621311509 4.214799184741102 0.08392247934145555 0.04717065403150904 0.09139549758553071 0.09139549758557229 0.40068564826429254 2.611564617559685
1360.0 12.490854382812548 -6.159435781281025 72.05113581051077 -496305.66232641676 2.4661054295201557e-05 35.08529873811727 28.545740690226367 31.39743565424933 116.78865442946325 356.54785130960096 400.0 -0.025829293948050377 3.70289305238455 3.687863083867941 0.039968570338257105 61.77744626701793 2.492712591082374e-08 0.1321338759171978 0.07431090771995826 0.05782292466460694 4.252380736845656 0.08472557174819172 0.04740830416900613 0.09213952617188609 0.09213952617192589 0.39682815481809 2.6146439156024672
1370.0 12.500120969314207 -6.167094870200222 72.30818622697791 -495971.981635857 2.4778879242935958e-05 35.20174191763704 28.57438644969597 31.486775373554337 116.29170876197209 355.9078369564333 400.0 -0.02623425646648604 3.7327347947734477 3.7149665440827 0.040577497710759185 62.107522776593925 2.4913927990211863e-08 0.13317548741679913 0.07495431381524223 0.05822113005315585 4.290039958395066 0.08553139582344894 0.047644091593350195 0.09288451096706546 0.09288451096710897 0.39302670002167023 2.6177356889380947
1380.0 12.50943897696941 -6.174786137694186 72.56420890895023 -495637.6829710443 2.4898464755156575e-05 35.319304419208045 28.602993804996203 31.577239063954497 115.7911330109917 355.26300634429475 400.0 -0.026642727159095766 3.7626097471543845 3.742065355253549 0.04119030970318733 62.434961150001484 2.4900740551433267e-08 0.13421797982190467 0.07559878790783861 0.05861914834986712 4.327777358377747 0.08634035393588414 0.04787762588602054 0.09363045977276355 0.09363045977280415 0.3892800551827303 2.620840064023745
1390.0 12.518809180470434 -6.182509547007846 72.81922671851322 -495302.7618393894 2.501985781455245e-05 35.43801580850704 28.631564240267476 31.668855800499276 115.28687101972977 354.6132815207233 400.0 -0.027054716691164285 3.792518298817578 3.7691600080077596 0.04180703073137889 62.75981660299222 2.4887564549921385e-08 0.13526136562978264 0.07624433655465386 0.05901698549513039 4.365593447448371 0.08715247357426963 0.048108892055513 0.09437738079757707 0.09437738079761733 0.38558702448545273 2.6239571769053165
1400.0 12.528232375132974 -6.190265065285189 73.0732622383192 -494967.2136012281 2.51431070751477e-05 35.557906571035 28.660099178580573 31.76165560402223 114.7788650363739 353.9585822360974 400.0 -0.027470235939986005 3.822460853858535 3.796250967012767 0.042427687772805506 63.08214381502471 2.487440064582371e-08 0.13630565788748647 0.07689096689317486 0.05941464739854113 4.403488736626026 0.08796777186447789 0.04833788602300855 0.09512528266297036 0.09512528266301234 0.38194644713935877 2.627087162789408
1410.0 12.53770937763387 -6.198052663596727 73.32633778604483 -494631.0334660576 2.5268263030925402e-05 35.67900821755954 28.688599982357125 31.855669547661446 114.26705584850059 353.29882586297987 400.0 -0.02788929600272487 3.8524378310455725 3.823338669898094 0.043052310435812806 63.40199692074598 2.4861249207924093e-08 0.1373508701945761 0.07753868664441962 0.059812139938671204 4.441463736014023 0.08878626399070941 0.04856460620386668 0.09587417440933131 0.09587417440937149 0.3783571920104132 2.630230169350885
1420.0 12.547241026820116 -6.205872316971466 73.57847542884164 -494294.21648835076 2.5395377878322095e-05 35.8013532026492 28.717067953753673 31.950929676436946 113.75138259787443 352.63392730905434 400.0 -0.028311908204493422 3.882449663711334 3.8504235262122584 0.04368093103238674 63.719429503271556 2.4848110317504047e-08 0.13839701670660676 0.07818750411652718 0.06020946896296789 4.479518953562346 0.08960796296439455 0.04878905374221218 0.09662406550262775 0.09662406550266682 0.37481816471934465 2.6333863304137526
1430.0 12.556828184527308 -6.213724004432818 73.82969699747662 -493956.7575633253 2.552450646363066e-05 35.92497546021526 28.745504334987732 32.04746954382401 113.23178281037714 351.96379892733097 400.0 -0.028738084106752142 3.9124967996501123 3.8775059163912484 0.04431358465471838 64.03449458918044 2.4834983772112074e-08 0.13944411213873972 0.07883742820864936 0.060606640287472854 4.517654893848067 0.09043287938862349 0.049011232750116235 0.09737496584122919 0.09737496584126723 0.3713282787563755 2.6365558566740743
1440.0 12.566471736458737 -6.221607709039156 74.08002410044125 -493618.6514223599 2.5655703110804077e-05 36.04990861673491 28.77391030862242 32.14532242598537 112.70819226730654 351.2883504199726 400.0 -0.029167835516003042 3.942579701036191 3.9045861907495385 0.04495030925583084 64.34724464517878 2.4821869089218818e-08 0.14049217177002557 0.07948846841546359 0.061003659696592466 4.555872056889431 0.09126102089105972 0.04923115087896585 0.09812688576326892 0.09812688576330708 0.3678865575091637 2.6397386963552862
1450.0 12.576172593104268 -6.229523417928914 74.32947813793642 -493279.8926281811 2.5789034068411263e-05 36.17619304935507 28.802286997801186 32.244528380872346 112.18054494516562 350.6074887380314 400.0 -0.02960117449270213 3.9726988443572937 3.931664668482721 0.04559114573453929 64.65773157636895 2.4808765509732267e-08 0.14154121144815357 0.08014063483221878 0.061400532942801817 4.594170936983557 0.09209239163176491 0.049448819816388705 0.09887983605442241 0.0988798360544575 0.36449175166623077 2.642935805555657
1460.0 12.585931690698347 -6.237471122370378 74.57808031574206 -492940.47556983173 2.5924531464464642e-05 36.30384957248953 28.8306354664308 32.34510793581336 111.64877303952066 349.92111797497614 400.0 -0.030038113360647028 4.002854720362595 3.9587416366761716 0.04623613802507468 64.96600672606658 2.479567200134764e-08 0.1425912475946578 0.08079393816031953 0.06179726574626604 4.6325520215639955 0.09292699385084177 0.04966425374381603 0.09963382795608468 0.09963382795612151 0.36114374415074124 2.646144419317868
1470.0 12.595749992241634 -6.2454508178165895 74.825851659112 -492600.3944572646 2.606236563799321e-05 36.43301785164533 28.858956719318893 32.44720050232266 111.11338054903676 349.2291392546839 400.0 -0.030478664716610645 4.033047834033411 3.9858173493226707 0.04688533319161583 65.27212087712657 2.4782587261708513e-08 0.14364229721087635 0.08144838971365852 0.0621938637944678 4.671015790084481 0.09376482800072182 0.04987746921015451 0.1003888731741965 0.10038887317422909 0.3578343977439451 2.6493893118707152
1480.0 12.605628416281105 -6.253462502739522 75.07281265179346 -492259.64375213487 2.6201629788949207e-05 36.56384072502503 28.887251678039824 32.55094872087824 110.58393803722045 348.53145573949627 400.0 -0.03092284125900155 4.063278681694097 4.012892004146788 0.04753878152942155 65.57612421485214 2.4769509724305452e-08 0.1446943770670795 0.08210400095454043 0.06259033239541156 4.709562685879282 0.09460589008265975 0.05008848698441976 0.10114498330278829 0.10114498330282413 0.35452469939430686 2.652803647859667
1490.0 12.615566133925094 -6.2614190700729075 75.32297378280576 -491903.86758210545 2.6331524638283472e-05 36.69233954424526 28.91551531755892 32.65237432724779 110.09404937706455 347.84168728646773 400.0 -0.03137065145402384 4.093547208307046 4.03996521699747 0.04819653613250973 65.87806519606083 2.4756437634641967e-08 0.14574748434808377 0.0827607722884138 0.06298666832851117 4.748192470400489 0.09545015750257263 0.05029732684551113 0.10190215593993311 0.10190215593996509 0.3512941899606625 2.6561100199079797
1500.0 12.625557915825969 -6.269178514223837 75.58284002830126 -491509.5110220032 2.644743192870069e-05 36.81677117626232 28.943738187301363 32.749735843751864 109.65787000568689 347.18246355628236 400.0 -0.03182209285815328 4.123851994715542 4.067035332510453 0.048858623291720804 66.17797945593502 2.4743369545403427e-08 0.14680156882240197 0.0834186746223207 0.06338285045526358 4.786903162276883 0.09629756123843967 0.050504007583962264 0.10266035448052814 0.10266035448055948 0.34816759727628466 2.65921364607948
1510.0 12.635600578944528 -6.276968122115827 75.84196714764136 -491113.98357605987 2.6560120763748627e-05 36.94113485873517 28.971934027816445 32.847033307861956 109.24169566272059 346.5185688806975 400.0 -0.032277168636854085 4.1541923448613245 4.094101550873214 0.04952501741752209 66.47588620267325 2.4730304516054656e-08 0.14785660826599198 0.08407769091196558 0.06377887359587406 4.825693452526304 0.09714803268254156 0.05070857558345038 0.10341956202132303 0.10341956202135491 0.3450613651481882 2.662404172126463
1520.0 12.645694375287054 -6.2847878663478385 76.10037147919263 -490717.2799399446 2.6674696015877564e-05 37.06702572300512 29.00010375329256 32.94586155182779 108.825135618433 345.8499606200749 400.0 -0.0327358908848336 4.184568675129333 4.121164171177335 0.0501956866568714 66.77180466289091 2.471724158435756e-08 0.14891262040576456 0.0847378267652717 0.06417474986926085 4.864563340190066 0.09800152453731811 0.05091109586844646 0.10417979029078019 0.10417979029080708 0.34196957762942676 2.665702437384478
1530.0 12.655840007632504 -6.29263771619596 76.35807209667064 -490319.3896500995 2.6790760456194268e-05 37.194031839533395 29.028248430366503 33.04580818544059 108.4056593803928 345.1765655447394 400.0 -0.03319827313854018 4.21498156507255 4.1482236540928 0.05087059842916219 67.06575430481948 2.4704179829581555e-08 0.1499696287596111 0.0853990912069126 0.0645704937685691 4.903513031982942 0.09885798683941634 0.05111164192019472 0.10494105521785438 0.10494105521788057 0.3389206585435619 2.6690045929881507
1540.0 12.666038195986065 -6.300517643759772 76.61508793840618 -489920.301960936 2.690846965653746e-05 37.322248881243226 29.05636913571726 33.14696839140424 107.98319130916946 344.49830847476073 400.0 -0.033664329285654375 4.245431620297898 4.1752804898389835 0.05154971935170146 67.35775460667581 2.4691118395190316e-08 0.15102765772869595 0.08606149384647772 0.06496612008529877 4.942542781676036 0.09971735437543117 0.05131030335326479 0.10570337341312583 0.10570337341315131 0.3359107922776908 2.672321645764884
1550.0 12.67628967791939 -6.308427623979834 76.87143781745317 -489520.00583762437 2.7027832395471968e-05 37.45168637999803 29.084466958628013 33.24935118000722 107.55768810217447 343.81511222863696 400.0 -0.03413407357927593 4.27591947354213 4.2023351999908165 0.05223301521399223 67.64782508499192 2.4678056493440207e-08 0.15208673262341643 0.08672504489670663 0.06536164391703056 4.981652893302406 0.10057960327266045 0.051507129350755965 0.10646676218907727 0.10646676218909892 0.3329400532848111 2.675650613099908
1560.0 12.68659520917957 -6.3163676346541795 77.12714043331225 -489118.4899456603 2.7148898342000826e-05 37.58237885773638 29.112543003618363 33.35299051835377 107.1291053043774 343.1268975529804 400.0 -0.03460752065344804 4.306445785880314 4.229388339382606 0.052920450951214414 67.9359853230837 2.4664993409625786e-08 0.15314687969396293 0.08738975519458132 0.06575708067689345 5.02084372453098 0.10144479177786793 0.051702087916095006 0.10723123958361964 0.10723123958364164 0.3300074568634926 2.6789924544273873
1570.0 12.69695556430004 -6.3243376564575815 77.38221438350726 -488715.74264022586 2.7271708476904747e-05 37.714355621874525 29.14059839306281 33.45791512384387 106.69739749759034 342.4335830503277 400.0 -0.03508468553936898 4.337011247982951 4.2564404980306625 0.053611990616718876 68.22225499949015 2.4651928506014778e-08 0.15420812616247584 0.08805563622354555 0.06615244610350246 5.06011569011203 0.10231293662270653 0.051895189539769314 0.10799682438472796 0.10799682438474727 0.3271123089297857 2.6823471319161185
1580.0 12.707371537264185 -6.332337672962991 77.63667817536148 -488311.75195475103 2.7396306232579906e-05 37.84764756257404 29.168634269817133 33.56415525948051 106.26251798169584 341.7350851015548 400.0 -0.035565583682443114 4.367616581439829 4.2834923030935315 0.054307597353570436 68.5066539164417 2.4638861225495998e-08 0.15527050025742678 0.08872270013720042 0.066547756271644 5.099469265418346 0.10318404972872539 0.05208645052870142 0.10876353615661356 0.1087635361566307 0.32425390739695514 2.6857147054195747
1590.0 12.717843942174596 -6.340367670665838 77.89055023767034 -487906.50558920833 2.7522742861824648e-05 37.98229062754335 29.196651799841767 33.671746206684695 105.82441899173526 341.0313177870227 400.0 -0.03605023096012211 4.398262540137522 4.31054442085865 0.0550072333649299 68.78920202833055 2.4625791094964958e-08 0.15633403124975023 0.08939095978422387 0.06694302760348772 5.138904990068774 0.10405814204787299 0.052275889201877236 0.10953139526713533 0.10953139526714821 0.3214314083764184 2.6890958553529427
1600.0 12.72837361397457 -6.3484276390107315 78.14384893259005 -487499.9908975939 2.765104524406443e-05 38.11830525376313 29.224652174843776 33.78070769498883 105.38305148095517 340.32219280180453 400.0 -0.03653864370059985 4.42894991170791 4.33759755877431 0.055710859883300934 69.0699194702529 2.4612717728473695e-08 0.1573987494913219 0.09006042873485026 0.06733827688058591 5.1784234716586415 0.1049352076736427 0.05246354181767921 0.11030042291685797 0.11030042291687267 0.31864463758734274 2.692488726204818
