#T volume alpha alpha_xx alpha_yy alpha_zz alpha_yz alpha_zy alpha_xz alpha_zx alpha_xy alpha_yx
0.0  14.852998   0.0000e+00   2.1814e-08   2.1904e-08   1.9199e-08   0.0000e+00   0.0000e+00   0.0000e+00   0.0000e+00   0.0000e+00   0.0000e+00
10.0  14.852999   2.3067e-09   2.3992e-09   2.4091e-09   2.1116e-09   0.0000e+00   0.0000e+00   0.0000e+00   0.0000e+00   0.0000e+00   0.0000e+00
20.0  14.853016   8.9039e-08   9.2611e-08   9.2994e-08   8.1510e-08   0.0000e+00   0.0000e+00   0.0000e+00   0.0000e+00   0.0000e+00   0.0000e+00
30.0  14.853107   3.6827e-07   3.8305e-07   3.8463e-07   3.3713e-07   0.0000e+00   0.0000e+00   0.0000e+00   0.0000e+00   0.0000e+00   0.0000e+00
40.0  14.853384   9.1533e-07   9.5207e-07   9.5598e-07   8.3793e-07   0.0000e+00   0.0000e+00   0.0000e+00   0.0000e+00   0.0000e+00   0.0000e+00
50.0  14.853955   1.6785e-06   1.7460e-06   1.7531e-06   1.5366e-06   0.0000e+00   0.0000e+00   0.0000e+00   0.0000e+00   0.0000e+00   0.0000e+00
60.0  14.854899   2.5744e-06   2.6779e-06   2.6886e-06   2.3566e-06   0.0000e+00   0.0000e+00   0.0000e+00   0.0000e+00   0.0000e+00   0.0000e+00
70.0  14.856258   3.5248e-06   3.6668e-06   3.6810e-06   3.2265e-06   0.0000e+00   0.0000e+00   0.0000e+00   0.0000e+00   0.0000e+00   0.0000e+00
80.0  14.858041   4.4721e-06   4.6526e-06   4.6701e-06   4.0935e-06   0.0000e+00   0.0000e+00   0.0000e+00   0.0000e+00   0.0000e+00   0.0000e+00
90.0  14.860239   5.3791e-06   5.5968e-06   5.6169e-06   4.9236e-06   0.0000e+00   0.0000e+00   0.0000e+00   0.0000e+00   0.0000e+00   0.0000e+00
100.0  14.862828   6.2250e-06   6.4777e-06   6.4997e-06   5.6975e-06   0.0000e+00   0.0000e+00   0.0000e+00   0.0000e+00   0.0000e+00   0.0000e+00
110.0  14.865780   7.0006e-06   7.2858e-06   7.3088e-06   6.4069e-06   0.0000e+00   0.0000e+00   0.0000e+00   0.0000e+00   0.0000e+00   0.0000e+00
120.0  14.869061   7.7039e-06   8.0190e-06   8.0423e-06   7.0501e-06   0.0000e+00   0.0000e+00   0.0000e+00   0.0000e+00   0.0000e+00   0.0000e+00
130.0  14.872642   8.3374e-06   8.6800e-06   8.7028e-06   7.6293e-06   0.0000e+00   0.0000e+00   0.0000e+00   0.0000e+00   0.0000e+00   0.0000e+00
140.0  14.876492   8.9061e-06   9.2738e-06   9.2954e-06   8.1489e-06   0.0000e+00   0.0000e+00   0.0000e+00   0.0000e+00   0.0000e+00   0.0000e+00
150.0  14.880583   9.4158e-06   9.8066e-06   9.8261e-06   8.6145e-06   0.0000e+00   0.0000e+00   0.0000e+00   0.0000e+00   0.0000e+00   0.0000e+00
160.0  14.884891   9.8726e-06   1.0285e-05   1.0302e-05   9.0314e-06   0.0000e+00   0.0000e+00   0.0000e+00   0.0000e+00   0.0000e+00   0.0000e+00
170.0  14.889393   1.0282e-05   1.0714e-05   1.0728e-05   9.4053e-06   0.0000e+00   0.0000e+00   0.0000e+00   0.0000e+00   0.0000e+00   0.0000e+00
180.0  14.894071   1.0651e-05   1.1101e-05   1.1111e-05   9.7412e-06   0.0000e+00   0.0000e+00   0.0000e+00   0.0000e+00   0.0000e+00   0.0000e+00
190.0  14.898906   1.0983e-05   1.1450e-05   1.1455e-05   1.0044e-05   0.0000e+00   0.0000e+00   0.0000e+00   0.0000e+00   0.0000e+00   0.0000e+00
200.0  14.903884   1.1283e-05   1.1766e-05   1.1766e-05   1.0317e-05   0.0000e+00   0.0000e+00   0.0000e+00   0.0000e+00   0.0000e+00   0.0000e+00
210.0  14.908991   1.1555e-05   1.2053e-05   1.2048e-05   1.0564e-05   0.0000e+00   0.0000e+00   0.0000e+00   0.0000e+00   0.0000e+00   0.0000e+00
220.0  14.914217   1.1802e-05   1.2315e-05   1.2304e-05   1.0788e-05   0.0000e+00   0.0000e+00   0.0000e+00   0.0000e+00   0.0000e+00   0.0000e+00
230.0  14.919550   1.2028e-05   1.2554e-05   1.2537e-05   1.0993e-05   0.0000e+00   0.0000e+00   0.0000e+00   0.0000e+00   0.0000e+00   0.0000e+00
240.0  14.924981   1.2235e-05   1.2774e-05   1.2751e-05   1.1180e-05   0.0000e+00   0.0000e+00   0.0000e+00   0.0000e+00   0.0000e+00   0.0000e+00
250.0  14.930504   1.2425e-05   1.2977e-05   1.2947e-05   1.1352e-05   0.0000e+00   0.0000e+00   0.0000e+00   0.0000e+00   0.0000e+00   0.0000e+00
260.0  14.936110   1.2600e-05   1.3164e-05   1.3127e-05   1.1510e-05   0.0000e+00   0.0000e+00   0.0000e+00   0.0000e+00   0.0000e+00   0.0000e+00
270.0  14.941794   1.2763e-05   1.3339e-05   1.3293e-05   1.1656e-05   0.0000e+00   0.0000e+00   0.0000e+00   0.0000e+00   0.0000e+00   0.0000e+00
280.0  14.947550   1.2913e-05   1.3501e-05   1.3448e-05   1.1791e-05   0.0000e+00   0.0000e+00   0.0000e+00   0.0000e+00   0.0000e+00   0.0000e+00
290.0  14.953374   1.3054e-05   1.3653e-05   1.3591e-05   1.1917e-05   0.0000e+00   0.0000e+00   0.0000e+00   0.0000e+00   0.0000e+00   0.0000e+00
300.0  14.959261   1.3185e-05   1.3795e-05   1.3725e-05   1.2034e-05   0.0000e+00   0.0000e+00   0.0000e+00   0.0000e+00   0.0000e+00   0.0000e+00
310.0  14.965207   1.3308e-05   1.3930e-05   1.3851e-05   1.2144e-05   0.0000e+00   0.0000e+00   0.0000e+00   0.0000e+00   0.0000e+00   0.0000e+00
320.0  14.971209   1.3424e-05   1.4057e-05   1.3968e-05   1.2247e-05   0.0000e+00   0.0000e+00   0.0000e+00   0.0000e+00   0.0000e+00   0.0000e+00
330.0  14.977265   1.3533e-05   1.4177e-05   1.4079e-05   1.2344e-05   0.0000e+00   0.0000e+00   0.0000e+00   0.0000e+00   0.0000e+00   0.0000e+00
340.0  14.983370   1.3637e-05   1.4291e-05   1.4184e-05   1.2435e-05   0.0000e+00   0.0000e+00   0.0000e+00   0.0000e+00   0.0000e+00   0.0000e+00
350.0  14.989524   1.3735e-05   1.4401e-05   1.4283e-05   1.2522e-05   0.0000e+00   0.0000e+00   0.0000e+00   0.0000e+00   0.0000e+00   0.0000e+00
360.0  14.995723   1.3829e-05   1.4505e-05   1.4377e-05   1.2604e-05   0.0000e+00   0.0000e+00   0.0000e+00   0.0000e+00   0.0000e+00   0.0000e+00
370.0  15.001965   1.3918e-05   1.4606e-05   1.4467e-05   1.2682e-05   0.0000e+00   0.0000e+00   0.0000e+00   0.0000e+00   0.0000e+00   0.0000e+00
380.0  15.008250   1.4004e-05   1.4702e-05   1.4553e-05   1.2756e-05   0.0000e+00   0.0000e+00   0.0000e+00   0.0000e+00   0.0000e+00   0.0000e+00
390.0  15.014575   1.4086e-05   1.4796e-05   1.4634e-05   1.2827e-05   0.0000e+00   0.0000e+00   0.0000e+00   0.0000e+00   0.0000e+00   0.0000e+00
400.0  15.020939   1.4165e-05   1.4886e-05   1.4713e-05   1.2896e-05   0.0000e+00   0.0000e+00   0.0000e+00   0.0000e+00   0.0000e+00   0.0000e+00
410.0  15.027341   1.4241e-05   1.4973e-05   1.4789e-05   1.2961e-05   0.0000e+00   0.0000e+00   0.0000e+00   0.0000e+00   0.0000e+00   0.0000e+00
420.0  15.033779   1.4315e-05   1.5058e-05   1.4862e-05   1.3024e-05   0.0000e+00   0.0000e+00   0.0000e+00   0.0000e+00   0.0000e+00   0.0000e+00
430.0  15.040253   1.4386e-05   1.5141e-05   1.4932e-05   1.3085e-05   0.0000e+00   0.0000e+00   0.0000e+00   0.0000e+00   0.0000e+00   0.0000e+00
440.0  15.046761   1.4455e-05   1.5222e-05   1.5000e-05   1.3143e-05   0.0000e+00   0.0000e+00   0.0000e+00   0.0000e+00   0.0000e+00   0.0000e+00
450.0  15.053303   1.4523e-05   1.5301e-05   1.5066e-05   1.3200e-05   0.0000e+00   0.0000e+00   0.0000e+00   0.0000e+00   0.0000e+00   0.0000e+00
460.0  15.059878   1.4588e-05   1.5379e-05   1.5130e-05   1.3255e-05   0.0000e+00   0.0000e+00   0.0000e+00   0.0000e+00   0.0000e+00   0.0000e+00
470.0  15.066485   1.4652e-05   1.5455e-05   1.5193e-05   1.3309e-05   0.0000e+00   0.0000e+00   0.0000e+00   0.0000e+00   0.0000e+00   0.0000e+00
480.0  15.073123   1.4715e-05   1.5530e-05   1.5254e-05   1.3361e-05   0.0000e+00   0.0000e+00   0.0000e+00   0.0000e+00   0.0000e+00   0.0000e+00
490.0  15.079792   1.4776e-05   1.5604e-05   1.5313e-05   1.3411e-05   0.0000e+00   0.0000e+00   0.0000e+00   0.0000e+00   0.0000e+00   0.0000e+00
500.0  15.086492   1.4836e-05   1.5677e-05   1.5372e-05   1.3461e-05   0.0000e+00   0.0000e+00   0.0000e+00   0.0000e+00   0.0000e+00   0.0000e+00
510.0  15.093222   1.4896e-05   1.5749e-05   1.5429e-05   1.3509e-05   0.0000e+00   0.0000e+00   0.0000e+00   0.0000e+00   0.0000e+00   0.0000e+00
520.0  15.099981   1.4954e-05   1.5820e-05   1.5484e-05   1.3557e-05   0.0000e+00   0.0000e+00   0.0000e+00   0.0000e+00   0.0000e+00   0.0000e+00
530.0  15.106770   1.5011e-05   1.5890e-05   1.5539e-05   1.3603e-05   0.0000e+00   0.0000e+00   0.0000e+00   0.0000e+00   0.0000e+00   0.0000e+00
540.0  15.113587   1.5067e-05   1.5960e-05   1.5594e-05   1.3649e-05   0.0000e+00   0.0000e+00   0.0000e+00   0.0000e+00   0.0000e+00   0.0000e+00
550.0  15.120433   1.5123e-05   1.6030e-05   1.5647e-05   1.3693e-05   0.0000e+00   0.0000e+00   0.0000e+00   0.0000e+00   0.0000e+00   0.0000e+00
560.0  15.127307   1.5178e-05   1.6099e-05   1.5699e-05   1.3737e-05   0.0000e+00   0.0000e+00   0.0000e+00   0.0000e+00   0.0000e+00   0.0000e+00
570.0  15.134210   1.5233e-05   1.6168e-05   1.5751e-05   1.3780e-05   0.0000e+00   0.0000e+00   0.0000e+00   0.0000e+00   0.0000e+00   0.0000e+00
580.0  15.141140   1.5287e-05   1.6236e-05   1.5802e-05   1.3823e-05   0.0000e+00   0.0000e+00   0.0000e+00   0.0000e+00   0.0000e+00   0.0000e+00
590.0  15.148098   1.5341e-05   1.6305e-05   1.5853e-05   1.3865e-05   0.0000e+00   0.0000e+00   0.0000e+00   0.0000e+00   0.0000e+00   0.0000e+00
600.0  15.155083   1.5394e-05   1.6373e-05   1.5903e-05   1.3907e-05   0.0000e+00   0.0000e+00   0.0000e+00   0.0000e+00   0.0000e+00   0.0000e+00
610.0  15.162096   1.5447e-05   1.6441e-05   1.5953e-05   1.3948e-05   0.0000e+00   0.0000e+00   0.0000e+00   0.0000e+00   0.0000e+00   0.0000e+00
620.0  15.169136   1.5500e-05   1.6509e-05   1.6002e-05   1.3988e-05   0.0000e+00   0.0000e+00   0.0000e+00   0.0000e+00   0.0000e+00   0.0000e+00
630.0  15.176203   1.5552e-05   1.6577e-05   1.6051e-05   1.4028e-05   0.0000e+00   0.0000e+00   0.0000e+00   0.0000e+00   0.0000e+00   0.0000e+00
640.0  15.183297   1.5604e-05   1.6645e-05   1.6100e-05   1.4068e-05   0.0000e+00   0.0000e+00   0.0000e+00   0.0000e+00   0.0000e+00   0.0000e+00
650.0  15.190418   1.5656e-05   1.6713e-05   1.6148e-05   1.4108e-05   0.0000e+00   0.0000e+00   0.0000e+00   0.0000e+00   0.0000e+00   0.0000e+00
660.0  15.197567   1.5708e-05   1.6782e-05   1.6197e-05   1.4147e-05   0.0000e+00   0.0000e+00   0.0000e+00   0.0000e+00   0.0000e+00   0.0000e+00
670.0  15.204742   1.5760e-05   1.6850e-05   1.6244e-05   1.4185e-05   0.0000e+00   0.0000e+00   0.0000e+00   0.0000e+00   0.0000e+00   0.0000e+00
680.0  15.211944   1.5812e-05   1.6919e-05   1.6292e-05   1.4224e-05   0.0000e+00   0.0000e+00   0.0000e+00   0.0000e+00   0.0000e+00   0.0000e+00
690.0  15.219174   1.5863e-05   1.6988e-05   1.6340e-05   1.4262e-05   0.0000e+00   0.0000e+00   0.0000e+00   0.0000e+00   0.0000e+00   0.0000e+00
700.0  15.226430   1.5915e-05   1.7058e-05   1.6387e-05   1.4300e-05   0.0000e+00   0.0000e+00   0.0000e+00   0.0000e+00   0.0000e+00   0.0000e+00
710.0  15.233713   1.5967e-05   1.7128e-05   1.6435e-05   1.4338e-05   0.0000e+00   0.0000e+00   0.0000e+00   0.0000e+00   0.0000e+00   0.0000e+00
720.0  15.241024   1.6018e-05   1.7198e-05   1.6482e-05   1.4376e-05   0.0000e+00   0.0000e+00   0.0000e+00   0.0000e+00   0.0000e+00   0.0000e+00
730.0  15.248361   1.6070e-05   1.7268e-05   1.6529e-05   1.4413e-05   0.0000e+00   0.0000e+00   0.0000e+00   0.0000e+00   0.0000e+00   0.0000e+00
740.0  15.255726   1.6122e-05   1.7339e-05   1.6577e-05   1.4451e-05   0.0000e+00   0.0000e+00   0.0000e+00   0.0000e+00   0.0000e+00   0.0000e+00
750.0  15.263119   1.6174e-05   1.7410e-05   1.6624e-05   1.4488e-05   0.0000e+00   0.0000e+00   0.0000e+00   0.0000e+00   0.0000e+00   0.0000e+00
760.0  15.270538   1.6226e-05   1.7482e-05   1.6671e-05   1.4525e-05   0.0000e+00   0.0000e+00   0.0000e+00   0.0000e+00   0.0000e+00   0.0000e+00
770.0  15.277985   1.6278e-05   1.7555e-05   1.6719e-05   1.4562e-05   0.0000e+00   0.0000e+00   0.0000e+00   0.0000e+00   0.0000e+00   0.0000e+00
780.0  15.285460   1.6331e-05   1.7627e-05   1.6766e-05   1.4599e-05   0.0000e+00   0.0000e+00   0.0000e+00   0.0000e+00   0.0000e+00   0.0000e+00
790.0  15.292963   1.6383e-05   1.7701e-05   1.6814e-05   1.4636e-05   0.0000e+00   0.0000e+00   0.0000e+00   0.0000e+00   0.0000e+00   0.0000e+00
800.0  15.300493   1.6436e-05   1.7775e-05   1.6861e-05   1.4673e-05   0.0000e+00   0.0000e+00   0.0000e+00   0.0000e+00   0.0000e+00   0.0000e+00
810.0  15.308052   1.6489e-05   1.7850e-05   1.6909e-05   1.4709e-05   0.0000e+00   0.0000e+00   0.0000e+00   0.0000e+00   0.0000e+00   0.0000e+00
820.0  15.315638   1.6542e-05   1.7925e-05   1.6957e-05   1.4746e-05   0.0000e+00   0.0000e+00   0.0000e+00   0.0000e+00   0.0000e+00   0.0000e+00
830.0  15.323253   1.6596e-05   1.8001e-05   1.7005e-05   1.4783e-05   0.0000e+00   0.0000e+00   0.0000e+00   0.0000e+00   0.0000e+00   0.0000e+00
840.0  15.330896   1.6650e-05   1.8077e-05   1.7053e-05   1.4819e-05   0.0000e+00   0.0000e+00   0.0000e+00   0.0000e+00   0.0000e+00   0.0000e+00
850.0  15.338568   1.6704e-05   1.8155e-05   1.7101e-05   1.4856e-05   0.0000e+00   0.0000e+00   0.0000e+00   0.0000e+00   0.0000e+00   0.0000e+00
860.0  15.346269   1.6758e-05   1.8233e-05   1.7150e-05   1.4893e-05   0.0000e+00   0.0000e+00   0.0000e+00   0.0000e+00   0.0000e+00   0.0000e+00
870.0  15.353999   1.6813e-05   1.8312e-05   1.7199e-05   1.4930e-05   0.0000e+00   0.0000e+00   0.0000e+00   0.0000e+00   0.0000e+00   0.0000e+00
880.0  15.361758   1.6868e-05   1.8391e-05   1.7248e-05   1.4966e-05   0.0000e+00   0.0000e+00   0.0000e+00   0.0000e+00   0.0000e+00   0.0000e+00
890.0  15.369546   1.6923e-05   1.8472e-05   1.7297e-05   1.5003e-05   0.0000e+00   0.0000e+00   0.0000e+00   0.0000e+00   0.0000e+00   0.0000e+00
900.0  15.377364   1.6976e-05   1.8550e-05   1.7343e-05   1.5037e-05   0.0000e+00   0.0000e+00   0.0000e+00   0.0000e+00   0.0000e+00   0.0000e+00
910.0  15.385208   1.7022e-05   1.8621e-05   1.7383e-05   1.5065e-05   0.0000e+00   0.0000e+00   0.0000e+00   0.0000e+00   0.0000e+00   0.0000e+00
920.0  15.393077   1.7064e-05   1.8686e-05   1.7417e-05   1.5089e-05   0.0000e+00   0.0000e+00   0.0000e+00   0.0000e+00   0.0000e+00   0.0000e+00
930.0  15.400968   1.7104e-05   1.8751e-05   1.7450e-05   1.5113e-05   0.0000e+00   0.0000e+00   0.0000e+00   0.0000e+00   0.0000e+00   0.0000e+00
940.0  15.408882   1.7145e-05   1.8815e-05   1.7483e-05   1.5137e-05   0.0000e+00   0.0000e+00   0.0000e+00   0.0000e+00   0.0000e+00   0.0000e+00
950.0  15.416819   1.7186e-05   1.8880e-05   1.7517e-05   1.5161e-05   0.0000e+00   0.0000e+00   0.0000e+00   0.0000e+00   0.0000e+00   0.0000e+00
960.0  15.424779   1.7227e-05   1.8944e-05   1.7550e-05   1.5186e-05   0.0000e+00   0.0000e+00   0.0000e+00   0.0000e+00   0.0000e+00   0.0000e+00
970.0  15.432762   1.7268e-05   1.9009e-05   1.7584e-05   1.5211e-05   0.0000e+00   0.0000e+00   0.0000e+00   0.0000e+00   0.0000e+00   0.0000e+00
980.0  15.440768   1.7309e-05   1.9074e-05   1.7617e-05   1.5237e-05   0.0000e+00   0.0000e+00   0.0000e+00   0.0000e+00   0.0000e+00   0.0000e+00
990.0  15.448798   1.7351e-05   1.9139e-05   1.7651e-05   1.5263e-05   0.0000e+00   0.0000e+00   0.0000e+00   0.0000e+00   0.0000e+00   0.0000e+00
1000.0  15.456851   1.7392e-05   1.9204e-05   1.7685e-05   1.5290e-05   0.0000e+00   0.0000e+00   0.0000e+00   0.0000e+00   0.0000e+00   0.0000e+00
1010.0  15.464928   1.7434e-05   1.9269e-05   1.7718e-05   1.5317e-05   0.0000e+00   0.0000e+00   0.0000e+00   0.0000e+00   0.0000e+00   0.0000e+00
1020.0  15.473028   1.7476e-05   1.9334e-05   1.7752e-05   1.5345e-05   0.0000e+00   0.0000e+00   0.0000e+00   0.0000e+00   0.0000e+00   0.0000e+00
1030.0  15.481152   1.7519e-05   1.9399e-05   1.7786e-05   1.5373e-05   0.0000e+00   0.0000e+00   0.0000e+00   0.0000e+00   0.0000e+00   0.0000e+00
1040.0  15.489301   1.7561e-05   1.9464e-05   1.7820e-05   1.5402e-05   0.0000e+00   0.0000e+00   0.0000e+00   0.0000e+00   0.0000e+00   0.0000e+00
1050.0  15.497473   1.7604e-05   1.9530e-05   1.7854e-05   1.5431e-05   0.0000e+00   0.0000e+00   0.0000e+00   0.0000e+00   0.0000e+00   0.0000e+00
1060.0  15.505670   1.7647e-05   1.9595e-05   1.7888e-05   1.5461e-05   0.0000e+00   0.0000e+00   0.0000e+00   0.0000e+00   0.0000e+00   0.0000e+00
1070.0  15.513891   1.7691e-05   1.9661e-05   1.7922e-05   1.5491e-05   0.0000e+00   0.0000e+00   0.0000e+00   0.0000e+00   0.0000e+00   0.0000e+00
1080.0  15.522137   1.7734e-05   1.9726e-05   1.7956e-05   1.5522e-05   0.0000e+00   0.0000e+00   0.0000e+00   0.0000e+00   0.0000e+00   0.0000e+00
1090.0  15.530408   1.7778e-05   1.9792e-05   1.7991e-05   1.5553e-05   0.0000e+00   0.0000e+00   0.0000e+00   0.0000e+00   0.0000e+00   0.0000e+00
1100.0  15.538704   1.7822e-05   1.9858e-05   1.8025e-05   1.5585e-05   0.0000e+00   0.0000e+00   0.0000e+00   0.0000e+00   0.0000e+00   0.0000e+00
1110.0  15.547024   1.7867e-05   1.9924e-05   1.8060e-05   1.5618e-05   0.0000e+00   0.0000e+00   0.0000e+00   0.0000e+00   0.0000e+00   0.0000e+00
1120.0  15.555370   1.7912e-05   1.9990e-05   1.8095e-05   1.5651e-05   0.0000e+00   0.0000e+00   0.0000e+00   0.0000e+00   0.0000e+00   0.0000e+00
1130.0  15.563742   1.7957e-05   2.0057e-05   1.8130e-05   1.5685e-05   0.0000e+00   0.0000e+00   0.0000e+00   0.0000e+00   0.0000e+00   0.0000e+00
1140.0  15.572139   1.8002e-05   2.0123e-05   1.8165e-05   1.5720e-05   0.0000e+00   0.0000e+00   0.0000e+00   0.0000e+00   0.0000e+00   0.0000e+00
1150.0  15.580562   1.8048e-05   2.0189e-05   1.8200e-05   1.5755e-05   0.0000e+00   0.0000e+00   0.0000e+00   0.0000e+00   0.0000e+00   0.0000e+00
1160.0  15.589010   1.8094e-05   2.0256e-05   1.8235e-05   1.5791e-05   0.0000e+00   0.0000e+00   0.0000e+00   0.0000e+00   0.0000e+00   0.0000e+00
1170.0  15.597485   1.8140e-05   2.0323e-05   1.8270e-05   1.5828e-05   0.0000e+00   0.0000e+00   0.0000e+00   0.0000e+00   0.0000e+00   0.0000e+00
1180.0  15.605987   1.8187e-05   2.0390e-05   1.8306e-05   1.5865e-05   0.0000e+00   0.0000e+00   0.0000e+00   0.0000e+00   0.0000e+00   0.0000e+00
1190.0  15.614515   1.8234e-05   2.0457e-05   1.8342e-05   1.5903e-05   0.0000e+00   0.0000e+00   0.0000e+00   0.0000e+00   0.0000e+00   0.0000e+00
1200.0  15.623069   1.8281e-05   2.0524e-05   1.8378e-05   1.5942e-05   0.0000e+00   0.0000e+00   0.0000e+00   0.0000e+00   0.0000e+00   0.0000e+00
1210.0  15.631651   1.8329e-05   2.0592e-05   1.8414e-05   1.5982e-05   0.0000e+00   0.0000e+00   0.0000e+00   0.0000e+00   0.0000e+00   0.0000e+00
1220.0  15.640260   1.8377e-05   2.0659e-05   1.8450e-05   1.6022e-05   0.0000e+00   0.0000e+00   0.0000e+00   0.0000e+00   0.0000e+00   0.0000e+00
1230.0  15.648896   1.8425e-05   2.0727e-05   1.8486e-05   1.6063e-05   0.0000e+00   0.0000e+00   0.0000e+00   0.0000e+00   0.0000e+00   0.0000e+00
1240.0  15.657560   1.8474e-05   2.0795e-05   1.8523e-05   1.6105e-05   0.0000e+00   0.0000e+00   0.0000e+00   0.0000e+00   0.0000e+00   0.0000e+00
1250.0  15.666252   1.8523e-05   2.0863e-05   1.8559e-05   1.6148e-05   0.0000e+00   0.0000e+00   0.0000e+00   0.0000e+00   0.0000e+00   0.0000e+00
1260.0  15.674971   1.8573e-05   2.0932e-05   1.8596e-05   1.6191e-05   0.0000e+00   0.0000e+00   0.0000e+00   0.0000e+00   0.0000e+00   0.0000e+00
1270.0  15.683719   1.8623e-05   2.1000e-05   1.8634e-05   1.6236e-05   0.0000e+00   0.0000e+00   0.0000e+00   0.0000e+00   0.0000e+00   0.0000e+00
1280.0  15.692496   1.8673e-05   2.1069e-05   1.8671e-05   1.6281e-05   0.0000e+00   0.0000e+00   0.0000e+00   0.0000e+00   0.0000e+00   0.0000e+00
1290.0  15.701301   1.8724e-05   2.1138e-05   1.8708e-05   1.6327e-05   0.0000e+00   0.0000e+00   0.0000e+00   0.0000e+00   0.0000e+00   0.0000e+00
1300.0  15.710136   1.8775e-05   2.1207e-05   1.8746e-05   1.6374e-05   0.0000e+00   0.0000e+00   0.0000e+00   0.0000e+00   0.0000e+00   0.0000e+00
1310.0  15.718999   1.8827e-05   2.1276e-05   1.8784e-05   1.6422e-05   0.0000e+00   0.0000e+00   0.0000e+00   0.0000e+00   0.0000e+00   0.0000e+00
1320.0  15.727893   1.8879e-05   2.1345e-05   1.8822e-05   1.6471e-05   0.0000e+00   0.0000e+00   0.0000e+00   0.0000e+00   0.0000e+00   0.0000e+00
1330.0  15.736815   1.8932e-05   2.1415e-05   1.8861e-05   1.6521e-05   0.0000e+00   0.0000e+00   0.0000e+00   0.0000e+00   0.0000e+00   0.0000e+00
1340.0  15.745768   1.8985e-05   2.1485e-05   1.8899e-05   1.6572e-05   0.0000e+00   0.0000e+00   0.0000e+00   0.0000e+00   0.0000e+00   0.0000e+00
1350.0  15.754752   1.9039e-05   2.1555e-05   1.8938e-05   1.6624e-05   0.0000e+00   0.0000e+00   0.0000e+00   0.0000e+00   0.0000e+00   0.0000e+00
1360.0  15.763766   1.9093e-05   2.1625e-05   1.8977e-05   1.6676e-05   0.0000e+00   0.0000e+00   0.0000e+00   0.0000e+00   0.0000e+00   0.0000e+00
1370.0  15.772810   1.9147e-05   2.1695e-05   1.9016e-05   1.6730e-05   0.0000e+00   0.0000e+00   0.0000e+00   0.0000e+00   0.0000e+00   0.0000e+00
1380.0  15.781886   1.9202e-05   2.1766e-05   1.9056e-05   1.6785e-05   0.0000e+00   0.0000e+00   0.0000e+00   0.0000e+00   0.0000e+00   0.0000e+00
1390.0  15.790993   1.9258e-05   2.1837e-05   1.9096e-05   1.6841e-05   0.0000e+00   0.0000e+00   0.0000e+00   0.0000e+00   0.0000e+00   0.0000e+00
1400.0  15.800132   1.9314e-05   2.1908e-05   1.9136e-05   1.6898e-05   0.0000e+00   0.0000e+00   0.0000e+00   0.0000e+00   0.0000e+00   0.0000e+00
1410.0  15.809303   1.9371e-05   2.1979e-05   1.9176e-05   1.6956e-05   0.0000e+00   0.0000e+00   0.0000e+00   0.0000e+00   0.0000e+00   0.0000e+00
1420.0  15.818507   1.9428e-05   2.2051e-05   1.9217e-05   1.7016e-05   0.0000e+00   0.0000e+00   0.0000e+00   0.0000e+00   0.0000e+00   0.0000e+00
1430.0  15.827743   1.9486e-05   2.2123e-05   1.9258e-05   1.7076e-05   0.0000e+00   0.0000e+00   0.0000e+00   0.0000e+00   0.0000e+00   0.0000e+00
1440.0  15.837012   1.9544e-05   2.2195e-05   1.9299e-05   1.7138e-05   0.0000e+00   0.0000e+00   0.0000e+00   0.0000e+00   0.0000e+00   0.0000e+00
1450.0  15.846314   1.9603e-05   2.2267e-05   1.9340e-05   1.7200e-05   0.0000e+00   0.0000e+00   0.0000e+00   0.0000e+00   0.0000e+00   0.0000e+00
1460.0  15.855650   1.9662e-05   2.2340e-05   1.9382e-05   1.7264e-05   0.0000e+00   0.0000e+00   0.0000e+00   0.0000e+00   0.0000e+00   0.0000e+00
1470.0  15.865019   1.9722e-05   2.2413e-05   1.9424e-05   1.7330e-05   0.0000e+00   0.0000e+00   0.0000e+00   0.0000e+00   0.0000e+00   0.0000e+00
1480.0  15.874423   1.9783e-05   2.2486e-05   1.9466e-05   1.7396e-05   0.0000e+00   0.0000e+00   0.0000e+00   0.0000e+00   0.0000e+00   0.0000e+00
1490.0  15.883862   1.9844e-05   2.2559e-05   1.9509e-05   1.7464e-05   0.0000e+00   0.0000e+00   0.0000e+00   0.0000e+00   0.0000e+00   0.0000e+00
1500.0  15.893336   1.9906e-05   2.2632e-05   1.9551e-05   1.7533e-05   0.0000e+00   0.0000e+00   0.0000e+00   0.0000e+00   0.0000e+00   0.0000e+00
1510.0  15.902844   1.9969e-05   2.2706e-05   1.9595e-05   1.7604e-05   0.0000e+00   0.0000e+00   0.0000e+00   0.0000e+00   0.0000e+00   0.0000e+00
1520.0  15.912389   2.0032e-05   2.2780e-05   1.9638e-05   1.7675e-05   0.0000e+00   0.0000e+00   0.0000e+00   0.0000e+00   0.0000e+00   0.0000e+00
1530.0  15.921970   2.0096e-05   2.2855e-05   1.9682e-05   1.7749e-05   0.0000e+00   0.0000e+00   0.0000e+00   0.0000e+00   0.0000e+00   0.0000e+00
1540.0  15.931587   2.0160e-05   2.2929e-05   1.9726e-05   1.7823e-05   0.0000e+00   0.0000e+00   0.0000e+00   0.0000e+00   0.0000e+00   0.0000e+00
1550.0  15.941241   2.0225e-05   2.3004e-05   1.9771e-05   1.7899e-05   0.0000e+00   0.0000e+00   0.0000e+00   0.0000e+00   0.0000e+00   0.0000e+00
1560.0  15.950932   2.0291e-05   2.3079e-05   1.9816e-05   1.7977e-05   0.0000e+00   0.0000e+00   0.0000e+00   0.0000e+00   0.0000e+00   0.0000e+00
1570.0  15.960661   2.0358e-05   2.3155e-05   1.9861e-05   1.8056e-05   0.0000e+00   0.0000e+00   0.0000e+00   0.0000e+00   0.0000e+00   0.0000e+00
1580.0  15.970428   2.0425e-05   2.3231e-05   1.9906e-05   1.8137e-05   0.0000e+00   0.0000e+00   0.0000e+00   0.0000e+00   0.0000e+00   0.0000e+00
1590.0  15.980233   2.0493e-05   2.3307e-05   1.9952e-05   1.8219e-05   0.0000e+00   0.0000e+00   0.0000e+00   0.0000e+00   0.0000e+00   0.0000e+00
1600.0  15.990077   2.0562e-05   2.3383e-05   1.9999e-05   1.8303e-05   0.0000e+00   0.0000e+00   0.0000e+00   0.0000e+00   0.0000e+00   0.0000e+00
1610.0  15.999961   2.0632e-05   2.3460e-05   2.0045e-05   1.8389e-05   0.0000e+00   0.0000e+00   0.0000e+00   0.0000e+00   0.0000e+00   0.0000e+00
1620.0  16.009884   2.0702e-05   2.3537e-05   2.0093e-05   1.8476e-05   0.0000e+00   0.0000e+00   0.0000e+00   0.0000e+00   0.0000e+00   0.0000e+00
1630.0  16.019847   2.0774e-05   2.3614e-05   2.0140e-05   1.8565e-05   0.0000e+00   0.0000e+00   0.0000e+00   0.0000e+00   0.0000e+00   0.0000e+00
1640.0  16.029852   2.0846e-05   2.3692e-05   2.0188e-05   1.8656e-05   0.0000e+00   0.0000e+00   0.0000e+00   0.0000e+00   0.0000e+00   0.0000e+00
1650.0  16.039897   2.0919e-05   2.3770e-05   2.0236e-05   1.8748e-05   0.0000e+00   0.0000e+00   0.0000e+00   0.0000e+00   0.0000e+00   0.0000e+00
1660.0  16.049984   2.0993e-05   2.3848e-05   2.0285e-05   1.8843e-05   0.0000e+00   0.0000e+00   0.0000e+00   0.0000e+00   0.0000e+00   0.0000e+00
1670.0  16.060113   2.1067e-05   2.3926e-05   2.0334e-05   1.8939e-05   0.0000e+00   0.0000e+00   0.0000e+00   0.0000e+00   0.0000e+00   0.0000e+00
1680.0  16.070285   2.1143e-05   2.4005e-05   2.0384e-05   1.9037e-05   0.0000e+00   0.0000e+00   0.0000e+00   0.0000e+00   0.0000e+00   0.0000e+00
1690.0  16.080499   2.1219e-05   2.4085e-05   2.0434e-05   1.9137e-05   0.0000e+00   0.0000e+00   0.0000e+00   0.0000e+00   0.0000e+00   0.0000e+00
1700.0  16.090758   2.1297e-05   2.4164e-05   2.0484e-05   1.9239e-05   0.0000e+00   0.0000e+00   0.0000e+00   0.0000e+00   0.0000e+00   0.0000e+00
1710.0  16.101060   2.1375e-05   2.4244e-05   2.0535e-05   1.9343e-05   0.0000e+00   0.0000e+00   0.0000e+00   0.0000e+00   0.0000e+00   0.0000e+00
1720.0  16.111408   2.1455e-05   2.4324e-05   2.0587e-05   1.9450e-05   0.0000e+00   0.0000e+00   0.0000e+00   0.0000e+00   0.0000e+00   0.0000e+00
1730.0  16.121800   2.1535e-05   2.4405e-05   2.0639e-05   1.9558e-05   0.0000e+00   0.0000e+00   0.0000e+00   0.0000e+00   0.0000e+00   0.0000e+00
1740.0  16.132239   2.1616e-05   2.4486e-05   2.0691e-05   1.9669e-05   0.0000e+00   0.0000e+00   0.0000e+00   0.0000e+00   0.0000e+00   0.0000e+00
1750.0  16.142724   2.1699e-05   2.4567e-05   2.0744e-05   1.9782e-05   0.0000e+00   0.0000e+00   0.0000e+00   0.0000e+00   0.0000e+00   0.0000e+00
1760.0  16.153256   2.1782e-05   2.4649e-05   2.0797e-05   1.9897e-05   0.0000e+00   0.0000e+00   0.0000e+00   0.0000e+00   0.0000e+00   0.0000e+00
1770.0  16.163835   2.1867e-05   2.4731e-05   2.0851e-05   2.0014e-05   0.0000e+00   0.0000e+00   0.0000e+00   0.0000e+00   0.0000e+00   0.0000e+00
1780.0  16.174463   2.1952e-05   2.4814e-05   2.0906e-05   2.0134e-05   0.0000e+00   0.0000e+00   0.0000e+00   0.0000e+00   0.0000e+00   0.0000e+00
1790.0  16.185139   2.2039e-05   2.4897e-05   2.0961e-05   2.0257e-05   0.0000e+00   0.0000e+00   0.0000e+00   0.0000e+00   0.0000e+00   0.0000e+00
1800.0  16.195865   2.2127e-05   2.4980e-05   2.1016e-05   2.0382e-05   0.0000e+00   0.0000e+00   0.0000e+00   0.0000e+00   0.0000e+00   0.0000e+00
1810.0  16.206642   2.2216e-05   2.5064e-05   2.1072e-05   2.0509e-05   0.0000e+00   0.0000e+00   0.0000e+00   0.0000e+00   0.0000e+00   0.0000e+00
1820.0  16.217469   2.2307e-05   2.5148e-05   2.1129e-05   2.0640e-05   0.0000e+00   0.0000e+00   0.0000e+00   0.0000e+00   0.0000e+00   0.0000e+00
1830.0  16.228347   2.2398e-05   2.5233e-05   2.1187e-05   2.0772e-05   0.0000e+00   0.0000e+00   0.0000e+00   0.0000e+00   0.0000e+00   0.0000e+00
1840.0  16.239278   2.2491e-05   2.5318e-05   2.1244e-05   2.0908e-05   0.0000e+00   0.0000e+00   0.0000e+00   0.0000e+00   0.0000e+00   0.0000e+00
1850.0  16.250262   2.2585e-05   2.5403e-05   2.1303e-05   2.1047e-05   0.0000e+00   0.0000e+00   0.0000e+00   0.0000e+00   0.0000e+00   0.0000e+00
1860.0  16.261299   2.2681e-05   2.5489e-05   2.1362e-05   2.1188e-05   0.0000e+00   0.0000e+00   0.0000e+00   0.0000e+00   0.0000e+00   0.0000e+00
1870.0  16.272391   2.2778e-05   2.5575e-05   2.1422e-05   2.1333e-05   0.0000e+00   0.0000e+00   0.0000e+00   0.0000e+00   0.0000e+00   0.0000e+00
1880.0  16.283539   2.2876e-05   2.5662e-05   2.1483e-05   2.1480e-05   0.0000e+00   0.0000e+00   0.0000e+00   0.0000e+00   0.0000e+00   0.0000e+00
1890.0  16.294742   2.2976e-05   2.5749e-05   2.1544e-05   2.1631e-05   0.0000e+00   0.0000e+00   0.0000e+00   0.0000e+00   0.0000e+00   0.0000e+00
1900.0  16.306002   2.3077e-05   2.5837e-05   2.1606e-05   2.1785e-05   0.0000e+00   0.0000e+00   0.0000e+00   0.0000e+00   0.0000e+00   0.0000e+00
1910.0  16.317320   2.3180e-05   2.5925e-05   2.1668e-05   2.1942e-05   0.0000e+00   0.0000e+00   0.0000e+00   0.0000e+00   0.0000e+00   0.0000e+00
1920.0  16.328696   2.3284e-05   2.6014e-05   2.1732e-05   2.2103e-05   0.0000e+00   0.0000e+00   0.0000e+00   0.0000e+00   0.0000e+00   0.0000e+00
1930.0  16.340132   2.3390e-05   2.6103e-05   2.1796e-05   2.2267e-05   0.0000e+00   0.0000e+00   0.0000e+00   0.0000e+00   0.0000e+00   0.0000e+00
1940.0  16.351628   2.3497e-05   2.6193e-05   2.1861e-05   2.2435e-05   0.0000e+00   0.0000e+00   0.0000e+00   0.0000e+00   0.0000e+00   0.0000e+00
1950.0  16.363185   2.3606e-05   2.6283e-05   2.1926e-05   2.2607e-05   0.0000e+00   0.0000e+00   0.0000e+00   0.0000e+00   0.0000e+00   0.0000e+00
1960.0  16.374804   2.3717e-05   2.6373e-05   2.1993e-05   2.2782e-05   0.0000e+00   0.0000e+00   0.0000e+00   0.0000e+00   0.0000e+00   0.0000e+00
1970.0  16.386487   2.3829e-05   2.6465e-05   2.2060e-05   2.2961e-05   0.0000e+00   0.0000e+00   0.0000e+00   0.0000e+00   0.0000e+00   0.0000e+00
1980.0  16.398233   2.3944e-05   2.6556e-05   2.2128e-05   2.3145e-05   0.0000e+00   0.0000e+00   0.0000e+00   0.0000e+00   0.0000e+00   0.0000e+00
1990.0  16.410045   2.4060e-05   2.6649e-05   2.2197e-05   2.3332e-05   0.0000e+00   0.0000e+00   0.0000e+00   0.0000e+00   0.0000e+00   0.0000e+00
2000.0  16.421923   2.4178e-05   2.6741e-05   2.2267e-05   2.3524e-05   0.0000e+00   0.0000e+00   0.0000e+00   0.0000e+00   0.0000e+00   0.0000e+00
2010.0  16.433869   2.4298e-05   2.6835e-05   2.2338e-05   2.3720e-05   0.0000e+00   0.0000e+00   0.0000e+00   0.0000e+00   0.0000e+00   0.0000e+00
2020.0  16.445882   2.4420e-05   2.6929e-05   2.2410e-05   2.3920e-05   0.0000e+00   0.0000e+00   0.0000e+00   0.0000e+00   0.0000e+00   0.0000e+00
2030.0  16.457966   2.4544e-05   2.7023e-05   2.2482e-05   2.4126e-05   0.0000e+00   0.0000e+00   0.0000e+00   0.0000e+00   0.0000e+00   0.0000e+00
2040.0  16.470120   2.4671e-05   2.7118e-05   2.2556e-05   2.4336e-05   0.0000e+00   0.0000e+00   0.0000e+00   0.0000e+00   0.0000e+00   0.0000e+00
2050.0  16.482346   2.4799e-05   2.7214e-05   2.2631e-05   2.4551e-05   0.0000e+00   0.0000e+00   0.0000e+00   0.0000e+00   0.0000e+00   0.0000e+00
2060.0  16.494645   2.4930e-05   2.7311e-05   2.2707e-05   2.4771e-05   0.0000e+00   0.0000e+00   0.0000e+00   0.0000e+00   0.0000e+00   0.0000e+00
2070.0  16.507018   2.5063e-05   2.7408e-05   2.2783e-05   2.4996e-05   0.0000e+00   0.0000e+00   0.0000e+00   0.0000e+00   0.0000e+00   0.0000e+00
2080.0  16.519468   2.5198e-05   2.7505e-05   2.2861e-05   2.5227e-05   0.0000e+00   0.0000e+00   0.0000e+00   0.0000e+00   0.0000e+00   0.0000e+00
2090.0  16.531994   2.5336e-05   2.7604e-05   2.2941e-05   2.5463e-05   0.0000e+00   0.0000e+00   0.0000e+00   0.0000e+00   0.0000e+00   0.0000e+00
2100.0  16.544599   2.5476e-05   2.7703e-05   2.3021e-05   2.5705e-05   0.0000e+00   0.0000e+00   0.0000e+00   0.0000e+00   0.0000e+00   0.0000e+00
2110.0  16.557284   2.5619e-05   2.7802e-05   2.3102e-05   2.5953e-05   0.0000e+00   0.0000e+00   0.0000e+00   0.0000e+00   0.0000e+00   0.0000e+00
2120.0  16.570051   2.5765e-05   2.7903e-05   2.3185e-05   2.6207e-05   0.0000e+00   0.0000e+00   0.0000e+00   0.0000e+00   0.0000e+00   0.0000e+00
2130.0  16.582900   2.5913e-05   2.8004e-05   2.3269e-05   2.6468e-05   0.0000e+00   0.0000e+00   0.0000e+00   0.0000e+00   0.0000e+00   0.0000e+00
2140.0  16.595834   2.6064e-05   2.8106e-05   2.3354e-05   2.6734e-05   0.0000e+00   0.0000e+00   0.0000e+00   0.0000e+00   0.0000e+00   0.0000e+00
2150.0  16.608854   2.6219e-05   2.8208e-05   2.3441e-05   2.7008e-05   0.0000e+00   0.0000e+00   0.0000e+00   0.0000e+00   0.0000e+00   0.0000e+00
2160.0  16.621962   2.6376e-05   2.8311e-05   2.3529e-05   2.7289e-05   0.0000e+00   0.0000e+00   0.0000e+00   0.0000e+00   0.0000e+00   0.0000e+00
2170.0  16.635160   2.6536e-05   2.8416e-05   2.3619e-05   2.7577e-05   0.0000e+00   0.0000e+00   0.0000e+00   0.0000e+00   0.0000e+00   0.0000e+00
2180.0  16.648449   2.6700e-05   2.8521e-05   2.3710e-05   2.7873e-05   0.0000e+00   0.0000e+00   0.0000e+00   0.0000e+00   0.0000e+00   0.0000e+00
2190.0  16.661831   2.6867e-05   2.8626e-05   2.3802e-05   2.8176e-05   0.0000e+00   0.0000e+00   0.0000e+00   0.0000e+00   0.0000e+00   0.0000e+00
2200.0  16.675309   2.7038e-05   2.8733e-05   2.3896e-05   2.8487e-05   0.0000e+00   0.0000e+00   0.0000e+00   0.0000e+00   0.0000e+00   0.0000e+00
2210.0  16.688884   2.7212e-05   2.8840e-05   2.3992e-05   2.8807e-05   0.0000e+00   0.0000e+00   0.0000e+00   0.0000e+00   0.0000e+00   0.0000e+00
2220.0  16.702558   2.7390e-05   2.8949e-05   2.4090e-05   2.9135e-05   0.0000e+00   0.0000e+00   0.0000e+00   0.0000e+00   0.0000e+00   0.0000e+00
2230.0  16.716333   2.7572e-05   2.9058e-05   2.4189e-05   2.9473e-05   0.0000e+00   0.0000e+00   0.0000e+00   0.0000e+00   0.0000e+00   0.0000e+00
2240.0  16.730212   2.7757e-05   2.9168e-05   2.4290e-05   2.9820e-05   0.0000e+00   0.0000e+00   0.0000e+00   0.0000e+00   0.0000e+00   0.0000e+00
2250.0  16.744197   2.7947e-05   2.9279e-05   2.4393e-05   3.0176e-05   0.0000e+00   0.0000e+00   0.0000e+00   0.0000e+00   0.0000e+00   0.0000e+00
2260.0  16.758290   2.8142e-05   2.9391e-05   2.4498e-05   3.0543e-05   0.0000e+00   0.0000e+00   0.0000e+00   0.0000e+00   0.0000e+00   0.0000e+00
2270.0  16.772494   2.8341e-05   2.9504e-05   2.4605e-05   3.0920e-05   0.0000e+00   0.0000e+00   0.0000e+00   0.0000e+00   0.0000e+00   0.0000e+00
2280.0  16.786812   2.8544e-05   2.9618e-05   2.4714e-05   3.1308e-05   0.0000e+00   0.0000e+00   0.0000e+00   0.0000e+00   0.0000e+00   0.0000e+00
2290.0  16.801245   2.8753e-05   2.9733e-05   2.4825e-05   3.1707e-05   0.0000e+00   0.0000e+00   0.0000e+00   0.0000e+00   0.0000e+00   0.0000e+00
2300.0  16.815797   2.8966e-05   2.9850e-05   2.4939e-05   3.2118e-05   0.0000e+00   0.0000e+00   0.0000e+00   0.0000e+00   0.0000e+00   0.0000e+00
